Datetime,Open,High,Low,Close,Adj Close,Volume
2024-03-11 09:30:00-04:00,51.529998779296875,51.84000015258789,51.47999954223633,51.810001373291016,51.810001373291016,35961
2024-03-11 09:32:00-04:00,51.849998474121094,52.08000183105469,51.779998779296875,52.08000183105469,52.08000183105469,16084
2024-03-11 09:34:00-04:00,52.06999969482422,52.13999938964844,52.0,52.130001068115234,52.130001068115234,6258
2024-03-11 09:36:00-04:00,52.119998931884766,52.119998931884766,51.875,51.875,51.875,3803
2024-03-11 09:38:00-04:00,51.82500076293945,51.91999816894531,51.810001373291016,51.85499954223633,51.85499954223633,3468
2024-03-11 09:40:00-04:00,51.81990051269531,51.849998474121094,51.77000045776367,51.779998779296875,51.779998779296875,6750
2024-03-11 09:42:00-04:00,51.810001373291016,51.88999938964844,51.78499984741211,51.849998474121094,51.849998474121094,3689
2024-03-11 09:44:00-04:00,51.83000183105469,51.880001068115234,51.72999954223633,51.7599983215332,51.7599983215332,7430
2024-03-11 09:46:00-04:00,51.7599983215332,51.810001373291016,51.72999954223633,51.72999954223633,51.72999954223633,63361
2024-03-11 09:48:00-04:00,51.709999084472656,51.86000061035156,51.709999084472656,51.78499984741211,51.78499984741211,8450
2024-03-11 09:50:00-04:00,51.79499816894531,51.849998474121094,51.77000045776367,51.849998474121094,51.849998474121094,32689
2024-03-11 09:52:00-04:00,51.849998474121094,51.880001068115234,51.81999969482422,51.86000061035156,51.86000061035156,4789
2024-03-11 09:54:00-04:00,51.84000015258789,51.93000030517578,51.84000015258789,51.88999938964844,51.88999938964844,7484
2024-03-11 09:56:00-04:00,51.869998931884766,51.875,51.77000045776367,51.779998779296875,51.779998779296875,8232
2024-03-11 09:58:00-04:00,51.779998779296875,51.82500076293945,51.77000045776367,51.79999923706055,51.79999923706055,6844
2024-03-11 10:00:00-04:00,51.79999923706055,51.79999923706055,51.72999954223633,51.72999954223633,51.72999954223633,4169
2024-03-11 10:02:00-04:00,51.7400016784668,51.79999923706055,51.72999954223633,51.7599983215332,51.7599983215332,9671
2024-03-11 10:04:00-04:00,51.75,51.80500030517578,51.72999954223633,51.77000045776367,51.77000045776367,12454
2024-03-11 10:06:00-04:00,51.77000045776367,51.77000045776367,51.66999816894531,51.72999954223633,51.72999954223633,10652
2024-03-11 10:08:00-04:00,51.724998474121094,51.7400016784668,51.68000030517578,51.709999084472656,51.709999084472656,7489
2024-03-11 10:10:00-04:00,51.709999084472656,51.75,51.689998626708984,51.7400016784668,51.7400016784668,4055
2024-03-11 10:12:00-04:00,51.7400016784668,51.75,51.65999984741211,51.689998626708984,51.689998626708984,16072
2024-03-11 10:14:00-04:00,51.70000076293945,51.720001220703125,51.65999984741211,51.66999816894531,51.66999816894531,9733
2024-03-11 10:16:00-04:00,51.685001373291016,51.720001220703125,51.63999938964844,51.64500045776367,51.64500045776367,8891
2024-03-11 10:18:00-04:00,51.650001525878906,51.720001220703125,51.650001525878906,51.720001220703125,51.720001220703125,5699
2024-03-11 10:20:00-04:00,51.709999084472656,51.779998779296875,51.709999084472656,51.775001525878906,51.775001525878906,5118
2024-03-11 10:22:00-04:00,51.790000915527344,51.790000915527344,51.689998626708984,51.70000076293945,51.70000076293945,8272
2024-03-11 10:24:00-04:00,51.709999084472656,51.720001220703125,51.65999984741211,51.66999816894531,51.66999816894531,5902
2024-03-11 10:26:00-04:00,51.68000030517578,51.70000076293945,51.66999816894531,51.66999816894531,51.66999816894531,3200
2024-03-11 10:28:00-04:00,51.65999984741211,51.70000076293945,51.65999984741211,51.68000030517578,51.68000030517578,5053
2024-03-11 10:30:00-04:00,51.66999816894531,51.66999816894531,51.560001373291016,51.560001373291016,51.560001373291016,7010
2024-03-11 10:32:00-04:00,51.560001373291016,51.56999969482422,51.529998779296875,51.529998779296875,51.529998779296875,2843
2024-03-11 10:34:00-04:00,51.5,51.55500030517578,51.5,51.529998779296875,51.529998779296875,5799
2024-03-11 10:36:00-04:00,51.5,51.54999923706055,51.4900016784668,51.540000915527344,51.540000915527344,7075
2024-03-11 10:38:00-04:00,51.540000915527344,51.55500030517578,51.505001068115234,51.52000045776367,51.52000045776367,7755
2024-03-11 10:40:00-04:00,51.529998779296875,51.529998779296875,51.369998931884766,51.380001068115234,51.380001068115234,11260
2024-03-11 10:42:00-04:00,51.380001068115234,51.40999984741211,51.380001068115234,51.40999984741211,51.40999984741211,5906
2024-03-11 10:44:00-04:00,51.38999938964844,51.400001525878906,51.33000183105469,51.400001525878906,51.400001525878906,6052
2024-03-11 10:46:00-04:00,51.400001525878906,51.400001525878906,51.34000015258789,51.380001068115234,51.380001068115234,5212
2024-03-11 10:48:00-04:00,51.400001525878906,51.470001220703125,51.400001525878906,51.459999084472656,51.459999084472656,4490
2024-03-11 10:50:00-04:00,51.45000076293945,51.470001220703125,51.39500045776367,51.404998779296875,51.404998779296875,4325
2024-03-11 10:52:00-04:00,51.369998931884766,51.380001068115234,51.34000015258789,51.380001068115234,51.380001068115234,2784
2024-03-11 10:54:00-04:00,51.38999938964844,51.43000030517578,51.380001068115234,51.43000030517578,51.43000030517578,3820
2024-03-11 10:56:00-04:00,51.439998626708984,51.439998626708984,51.41999816894531,51.43000030517578,51.43000030517578,7580
2024-03-11 10:58:00-04:00,51.45000076293945,51.5099983215332,51.45000076293945,51.5,51.5,4767
2024-03-11 11:00:00-04:00,51.5,51.5,51.45000076293945,51.4900016784668,51.4900016784668,5096
2024-03-11 11:02:00-04:00,51.4900016784668,51.4900016784668,51.45500183105469,51.45500183105469,51.45500183105469,3385
2024-03-11 11:04:00-04:00,51.45500183105469,51.474998474121094,51.439998626708984,51.439998626708984,51.439998626708984,6506
2024-03-11 11:06:00-04:00,51.45000076293945,51.5099983215332,51.45000076293945,51.5099983215332,51.5099983215332,4060
2024-03-11 11:08:00-04:00,51.5099983215332,51.54999923706055,51.5099983215332,51.54999923706055,51.54999923706055,5311
2024-03-11 11:10:00-04:00,51.560001373291016,51.56999969482422,51.540000915527344,51.560001373291016,51.560001373291016,4842
2024-03-11 11:12:00-04:00,51.54999923706055,51.54999923706055,51.52000045776367,51.54999923706055,51.54999923706055,5371
2024-03-11 11:14:00-04:00,51.56999969482422,51.59000015258789,51.5099983215332,51.51499938964844,51.51499938964844,8818
2024-03-11 11:16:00-04:00,51.505001068115234,51.540000915527344,51.505001068115234,51.52399826049805,51.52399826049805,4702
2024-03-11 11:18:00-04:00,51.5099983215332,51.5099983215332,51.47999954223633,51.47999954223633,51.47999954223633,2794
2024-03-11 11:20:00-04:00,51.470001220703125,51.5099983215332,51.470001220703125,51.5,51.5,7164
2024-03-11 11:22:00-04:00,51.5,51.505001068115234,51.48500061035156,51.5,51.5,4063
2024-03-11 11:24:00-04:00,51.52000045776367,51.55500030517578,51.52000045776367,51.55500030517578,51.55500030517578,5536
2024-03-11 11:26:00-04:00,51.54999923706055,51.54999923706055,51.47999954223633,51.47999954223633,51.47999954223633,4244
2024-03-11 11:28:00-04:00,51.459999084472656,51.4900016784668,51.45000076293945,51.47999954223633,51.47999954223633,5596
2024-03-11 11:30:00-04:00,51.459999084472656,51.459999084472656,51.40999984741211,51.40999984741211,51.40999984741211,5624
2024-03-11 11:32:00-04:00,51.40999984741211,51.459999084472656,51.40999984741211,51.459999084472656,51.459999084472656,5664
2024-03-11 11:36:00-04:00,51.470001220703125,51.470001220703125,51.459999084472656,51.470001220703125,51.470001220703125,6696
2024-03-11 11:38:00-04:00,51.47999954223633,51.5099983215332,51.47999954223633,51.505001068115234,51.505001068115234,6600
2024-03-11 11:40:00-04:00,51.52000045776367,51.560001373291016,51.52000045776367,51.560001373291016,51.560001373291016,2233
2024-03-11 11:42:00-04:00,51.55500030517578,51.57500076293945,51.55500030517578,51.56999969482422,51.56999969482422,8223
2024-03-11 11:44:00-04:00,51.56999969482422,51.58000183105469,51.54999923706055,51.560001373291016,51.560001373291016,5273
2024-03-11 11:46:00-04:00,51.560001373291016,51.560001373291016,51.5099983215332,51.5099983215332,51.5099983215332,5807
2024-03-11 11:48:00-04:00,51.494998931884766,51.540000915527344,51.494998931884766,51.52000045776367,51.52000045776367,3158
2024-03-11 11:50:00-04:00,51.52000045776367,51.529998779296875,51.494998931884766,51.529998779296875,51.529998779296875,3762
2024-03-11 11:52:00-04:00,51.560001373291016,51.560001373291016,51.529998779296875,51.54999923706055,51.54999923706055,6001
2024-03-11 11:54:00-04:00,51.560001373291016,51.57500076293945,51.540000915527344,51.540000915527344,51.540000915527344,3776
2024-03-11 11:56:00-04:00,51.529998779296875,51.54999923706055,51.522499084472656,51.540000915527344,51.540000915527344,5331
2024-03-11 11:58:00-04:00,51.540000915527344,51.560001373291016,51.5099983215332,51.5099983215332,51.5099983215332,4748
2024-03-11 12:00:00-04:00,51.529998779296875,51.560001373291016,51.529998779296875,51.540000915527344,51.540000915527344,5359
2024-03-11 12:02:00-04:00,51.54999923706055,51.58000183105469,51.54999923706055,51.5630989074707,51.5630989074707,3070
2024-03-11 12:04:00-04:00,51.560001373291016,51.56999969482422,51.52000045776367,51.56999969482422,51.56999969482422,7847
2024-03-11 12:06:00-04:00,51.58000183105469,51.599998474121094,51.54999923706055,51.54999923706055,51.54999923706055,3180
2024-03-11 12:08:00-04:00,51.540000915527344,51.559898376464844,51.529998779296875,51.54999923706055,51.54999923706055,3591
2024-03-11 12:10:00-04:00,51.560001373291016,51.599998474121094,51.560001373291016,51.56999969482422,51.56999969482422,4844
2024-03-11 12:12:00-04:00,51.56999969482422,51.61000061035156,51.56999969482422,51.61000061035156,51.61000061035156,1890
2024-03-11 12:14:00-04:00,51.60499954223633,51.619998931884766,51.599998474121094,51.61949920654297,51.61949920654297,3072
2024-03-11 12:16:00-04:00,51.630001068115234,51.63999938964844,51.59000015258789,51.595001220703125,51.595001220703125,3390
2024-03-11 12:18:00-04:00,51.59000015258789,51.59000015258789,51.56999969482422,51.57820129394531,51.57820129394531,2667
2024-03-11 12:20:00-04:00,51.560001373291016,51.560001373291016,51.54499816894531,51.54499816894531,51.54499816894531,3244
2024-03-11 12:22:00-04:00,51.54100036621094,51.56999969482422,51.540000915527344,51.540000915527344,51.540000915527344,8507
2024-03-11 12:24:00-04:00,51.525001525878906,51.540000915527344,51.525001525878906,51.540000915527344,51.540000915527344,1599
2024-03-11 12:26:00-04:00,51.54999923706055,51.564998626708984,51.529998779296875,51.53499984741211,51.53499984741211,4363
2024-03-11 12:28:00-04:00,51.540000915527344,51.54999923706055,51.535400390625,51.535400390625,51.535400390625,3414
2024-03-11 12:30:00-04:00,51.53499984741211,51.540000915527344,51.52000045776367,51.529998779296875,51.529998779296875,3343
2024-03-11 12:32:00-04:00,51.529998779296875,51.560001373291016,51.529998779296875,51.560001373291016,51.560001373291016,2126
2024-03-11 12:34:00-04:00,51.560001373291016,51.56999969482422,51.55500030517578,51.56999969482422,51.56999969482422,2030
2024-03-11 12:36:00-04:00,51.58000183105469,51.584999084472656,51.560001373291016,51.56999969482422,51.56999969482422,10509
2024-03-11 12:38:00-04:00,51.564998626708984,51.61000061035156,51.564998626708984,51.599998474121094,51.599998474121094,4413
2024-03-11 12:40:00-04:00,51.608699798583984,51.61000061035156,51.58000183105469,51.61000061035156,51.61000061035156,4468
2024-03-11 12:42:00-04:00,51.60499954223633,51.619998931884766,51.60499954223633,51.619998931884766,51.619998931884766,3476
2024-03-11 12:44:00-04:00,51.61249923706055,51.630001068115234,51.61000061035156,51.619998931884766,51.619998931884766,3639
2024-03-11 12:46:00-04:00,51.619998931884766,51.650001525878906,51.619998931884766,51.650001525878906,51.650001525878906,5610
2024-03-11 12:48:00-04:00,51.65999984741211,51.65999984741211,51.63999938964844,51.650001525878906,51.650001525878906,1906
2024-03-11 12:50:00-04:00,51.650001525878906,51.650001525878906,51.59000015258789,51.599998474121094,51.599998474121094,8149
2024-03-11 12:52:00-04:00,51.595001220703125,51.599998474121094,51.59000015258789,51.599998474121094,51.599998474121094,1925
2024-03-11 12:54:00-04:00,51.61000061035156,51.630001068115234,51.599998474121094,51.61109924316406,51.61109924316406,2605
2024-03-11 12:56:00-04:00,51.630001068115234,51.63999938964844,51.61000061035156,51.61000061035156,51.61000061035156,5382
2024-03-11 12:58:00-04:00,51.59000015258789,51.60499954223633,51.56999969482422,51.59000015258789,51.59000015258789,14154
2024-03-11 13:00:00-04:00,51.599998474121094,51.619998931884766,51.59000015258789,51.619998931884766,51.619998931884766,1922
2024-03-11 13:02:00-04:00,51.619998931884766,51.619998931884766,51.599998474121094,51.619998931884766,51.619998931884766,5027
2024-03-11 13:04:00-04:00,51.619998931884766,51.630001068115234,51.61000061035156,51.61000061035156,51.61000061035156,3257
2024-03-11 13:06:00-04:00,51.625,51.65999984741211,51.6150016784668,51.65999984741211,51.65999984741211,3461
2024-03-11 13:08:00-04:00,51.65999984741211,51.65999984741211,51.619998931884766,51.63999938964844,51.63999938964844,4489
2024-03-11 13:10:00-04:00,51.63999938964844,51.65999984741211,51.595001220703125,51.595001220703125,51.595001220703125,4328
2024-03-11 13:12:00-04:00,51.599998474121094,51.60499954223633,51.59000015258789,51.59000015258789,51.59000015258789,4722
2024-03-11 13:14:00-04:00,51.58000183105469,51.61000061035156,51.58000183105469,51.59000015258789,51.59000015258789,2683
2024-03-11 13:16:00-04:00,51.599998474121094,51.6349983215332,51.599998474121094,51.6349983215332,51.6349983215332,2471
2024-03-11 13:18:00-04:00,51.625,51.630001068115234,51.599998474121094,51.61000061035156,51.61000061035156,4596
2024-03-11 13:20:00-04:00,51.619998931884766,51.63999938964844,51.619998931884766,51.63999938964844,51.63999938964844,1698
2024-03-11 13:22:00-04:00,51.63999938964844,51.65999984741211,51.630001068115234,51.65999984741211,51.65999984741211,2769
2024-03-11 13:24:00-04:00,51.650001525878906,51.650001525878906,51.61000061035156,51.61000061035156,51.61000061035156,4975
2024-03-11 13:26:00-04:00,51.619998931884766,51.650001525878906,51.619998931884766,51.650001525878906,51.650001525878906,3299
2024-03-11 13:28:00-04:00,51.650001525878906,51.650001525878906,51.63999938964844,51.650001525878906,51.650001525878906,1519
2024-03-11 13:30:00-04:00,51.650001525878906,51.654998779296875,51.61000061035156,51.61000061035156,51.61000061035156,5388
2024-03-11 13:32:00-04:00,51.599998474121094,51.619998931884766,51.59000015258789,51.619998931884766,51.619998931884766,3857
2024-03-11 13:34:00-04:00,51.619998931884766,51.630001068115234,51.61000061035156,51.61000061035156,51.61000061035156,4168
2024-03-11 13:36:00-04:00,51.60499954223633,51.619998931884766,51.570098876953125,51.619998931884766,51.619998931884766,6927
2024-03-11 13:38:00-04:00,51.619998931884766,51.630001068115234,51.6150016784668,51.619998931884766,51.619998931884766,1699
2024-03-11 13:40:00-04:00,51.6150016784668,51.630001068115234,51.60499954223633,51.630001068115234,51.630001068115234,3656
2024-03-11 13:42:00-04:00,51.630001068115234,51.650001525878906,51.625,51.63999938964844,51.63999938964844,6913
2024-03-11 13:44:00-04:00,51.63999938964844,51.63999938964844,51.59000015258789,51.599998474121094,51.599998474121094,4682
2024-03-11 13:46:00-04:00,51.599998474121094,51.630001068115234,51.599998474121094,51.625,51.625,2677
2024-03-11 13:48:00-04:00,51.619998931884766,51.63999938964844,51.619998931884766,51.619998931884766,51.619998931884766,2133
2024-03-11 13:50:00-04:00,51.61000061035156,51.61000061035156,51.59000015258789,51.595001220703125,51.595001220703125,4058
2024-03-11 13:52:00-04:00,51.599998474121094,51.61000061035156,51.58000183105469,51.595001220703125,51.595001220703125,4989
2024-03-11 13:54:00-04:00,51.59000015258789,51.630001068115234,51.57500076293945,51.625,51.625,8611
2024-03-11 13:56:00-04:00,51.630001068115234,51.63999938964844,51.599998474121094,51.61000061035156,51.61000061035156,6664
2024-03-11 13:58:00-04:00,51.61000061035156,51.61000061035156,51.58470153808594,51.584999084472656,51.584999084472656,3012
2024-03-11 14:00:00-04:00,51.584999084472656,51.59000015258789,51.58000183105469,51.58000183105469,51.58000183105469,2812
2024-03-11 14:02:00-04:00,51.58000183105469,51.6150016784668,51.57500076293945,51.599998474121094,51.599998474121094,5304
2024-03-11 14:04:00-04:00,51.61000061035156,51.61000061035156,51.595001220703125,51.61000061035156,51.61000061035156,2792
2024-03-11 14:06:00-04:00,51.61000061035156,51.61000061035156,51.584999084472656,51.584999084472656,51.584999084472656,2451
2024-03-11 14:08:00-04:00,51.59000015258789,51.595298767089844,51.59000015258789,51.59000015258789,51.59000015258789,2416
2024-03-11 14:10:00-04:00,51.595001220703125,51.595001220703125,51.564998626708984,51.564998626708984,51.564998626708984,3714
2024-03-11 14:12:00-04:00,51.564998626708984,51.56999969482422,51.54999923706055,51.54999923706055,51.54999923706055,4851
2024-03-11 14:14:00-04:00,51.529998779296875,51.540000915527344,51.529998779296875,51.540000915527344,51.540000915527344,2918
2024-03-11 14:16:00-04:00,51.54999923706055,51.54999923706055,51.53499984741211,51.540000915527344,51.540000915527344,1898
2024-03-11 14:18:00-04:00,51.529998779296875,51.529998779296875,51.5099983215332,51.51499938964844,51.51499938964844,5003
2024-03-11 14:20:00-04:00,51.52000045776367,51.52000045776367,51.5005989074707,51.5099983215332,51.5099983215332,4780
2024-03-11 14:22:00-04:00,51.51499938964844,51.529998779296875,51.51499938964844,51.51499938964844,51.51499938964844,3627
2024-03-11 14:24:00-04:00,51.5099983215332,51.529998779296875,51.5099983215332,51.525001525878906,51.525001525878906,4050
2024-03-11 14:26:00-04:00,51.529998779296875,51.54999923706055,51.529998779296875,51.540000915527344,51.540000915527344,3662
2024-03-11 14:28:00-04:00,51.54999923706055,51.56999969482422,51.540000915527344,51.56999969482422,51.56999969482422,3944
2024-03-11 14:30:00-04:00,51.56999969482422,51.595001220703125,51.56999969482422,51.59000015258789,51.59000015258789,5459
2024-03-11 14:32:00-04:00,51.59000015258789,51.59000015258789,51.560001373291016,51.56999969482422,51.56999969482422,4908
2024-03-11 14:34:00-04:00,51.58000183105469,51.584999084472656,51.560001373291016,51.584999084472656,51.584999084472656,3712
2024-03-11 14:36:00-04:00,51.58000183105469,51.595001220703125,51.58000183105469,51.59000015258789,51.59000015258789,4760
2024-03-11 14:38:00-04:00,51.59749984741211,51.599998474121094,51.55699920654297,51.564998626708984,51.564998626708984,6836
2024-03-11 14:40:00-04:00,51.560001373291016,51.59000015258789,51.560001373291016,51.59000015258789,51.59000015258789,5098
2024-03-11 14:42:00-04:00,51.59000015258789,51.599998474121094,51.584999084472656,51.59000015258789,51.59000015258789,4584
2024-03-11 14:44:00-04:00,51.595001220703125,51.595001220703125,51.58000183105469,51.58000183105469,51.58000183105469,5100
2024-03-11 14:46:00-04:00,51.56999969482422,51.595001220703125,51.564998626708984,51.56999969482422,51.56999969482422,7308
2024-03-11 14:48:00-04:00,51.58000183105469,51.59000015258789,51.58000183105469,51.59000015258789,51.59000015258789,1885
2024-03-11 14:50:00-04:00,51.584999084472656,51.599998474121094,51.58000183105469,51.599998474121094,51.599998474121094,7512
2024-03-11 14:52:00-04:00,51.61000061035156,51.6150016784668,51.60499954223633,51.61000061035156,51.61000061035156,4103
2024-03-11 14:54:00-04:00,51.619998931884766,51.63999938964844,51.619998931884766,51.63999938964844,51.63999938964844,3734
2024-03-11 14:56:00-04:00,51.63999938964844,51.65999984741211,51.63999938964844,51.65530014038086,51.65530014038086,3472
2024-03-11 14:58:00-04:00,51.654998779296875,51.665000915527344,51.64500045776367,51.65999984741211,51.65999984741211,6733
2024-03-11 15:00:00-04:00,51.66999816894531,51.70500183105469,51.65999984741211,51.66999816894531,51.66999816894531,11073
2024-03-11 15:02:00-04:00,51.665000915527344,51.66999816894531,51.625,51.6349983215332,51.6349983215332,25853
2024-03-11 15:04:00-04:00,51.63999938964844,51.66999816894531,51.630001068115234,51.630001068115234,51.630001068115234,5987
2024-03-11 15:06:00-04:00,51.63999938964844,51.67499923706055,51.63999938964844,51.67499923706055,51.67499923706055,5238
2024-03-11 15:08:00-04:00,51.66999816894531,51.68000030517578,51.665000915527344,51.665000915527344,51.665000915527344,4126
2024-03-11 15:10:00-04:00,51.66999816894531,51.68000030517578,51.6349983215332,51.6349983215332,51.6349983215332,7921
2024-03-11 15:12:00-04:00,51.64500045776367,51.64500045776367,51.625,51.630001068115234,51.630001068115234,7852
2024-03-11 15:14:00-04:00,51.6349983215332,51.64500045776367,51.60499954223633,51.60499954223633,51.60499954223633,8931
2024-03-11 15:16:00-04:00,51.61000061035156,51.630001068115234,51.59000015258789,51.59000015258789,51.59000015258789,7943
2024-03-11 15:18:00-04:00,51.59000015258789,51.59000015258789,51.55080032348633,51.57500076293945,51.57500076293945,5301
2024-03-11 15:20:00-04:00,51.56999969482422,51.56999969482422,51.54499816894531,51.55500030517578,51.55500030517578,15664
2024-03-11 15:22:00-04:00,51.560001373291016,51.599998474121094,51.560001373291016,51.57500076293945,51.57500076293945,10756
2024-03-11 15:24:00-04:00,51.57899856567383,51.5989990234375,51.564998626708984,51.57500076293945,51.57500076293945,13325
2024-03-11 15:26:00-04:00,51.57500076293945,51.58000183105469,51.560001373291016,51.56999969482422,51.56999969482422,9575
2024-03-11 15:28:00-04:00,51.564998626708984,51.564998626708984,51.525001525878906,51.525001525878906,51.525001525878906,6065
2024-03-11 15:30:00-04:00,51.51499938964844,51.540000915527344,51.5,51.525001525878906,51.525001525878906,15616
2024-03-11 15:32:00-04:00,51.52750015258789,51.529998779296875,51.5,51.51499938964844,51.51499938964844,8260
2024-03-11 15:34:00-04:00,51.5099983215332,51.52000045776367,51.48500061035156,51.48500061035156,51.48500061035156,10343
2024-03-11 15:36:00-04:00,51.48500061035156,51.4900016784668,51.474998474121094,51.48500061035156,51.48500061035156,7427
2024-03-11 15:38:00-04:00,51.47999954223633,51.505001068115234,51.470001220703125,51.505001068115234,51.505001068115234,11985
2024-03-11 15:40:00-04:00,51.5099983215332,51.55500030517578,51.5099983215332,51.54999923706055,51.54999923706055,16935
2024-03-11 15:42:00-04:00,51.55500030517578,51.557498931884766,51.540000915527344,51.54499816894531,51.54499816894531,15259
2024-03-11 15:44:00-04:00,51.540000915527344,51.540000915527344,51.51499938964844,51.51499938964844,51.51499938964844,13820
2024-03-11 15:46:00-04:00,51.51499938964844,51.54999923706055,51.4900016784668,51.494998931884766,51.494998931884766,78238
2024-03-11 15:48:00-04:00,51.4900016784668,51.51499938964844,51.48500061035156,51.51499938964844,51.51499938964844,17680
2024-03-11 15:50:00-04:00,51.52000045776367,51.525001525878906,51.474998474121094,51.505001068115234,51.505001068115234,33374
2024-03-11 15:52:00-04:00,51.505001068115234,51.525001525878906,51.4900016784668,51.5099983215332,51.5099983215332,43431
2024-03-11 15:54:00-04:00,51.5099983215332,51.619998931884766,51.47999954223633,51.619998931884766,51.619998931884766,62055
2024-03-11 15:56:00-04:00,51.619998931884766,51.66999816894531,51.619998931884766,51.65999984741211,51.65999984741211,51071
2024-03-11 15:58:00-04:00,51.654998779296875,51.65999984741211,51.61000061035156,51.630001068115234,51.630001068115234,114785
2024-03-12 09:30:00-04:00,51.33000183105469,51.380001068115234,51.16999816894531,51.35499954223633,51.35499954223633,17710
2024-03-12 09:32:00-04:00,51.369998931884766,51.369998931884766,51.35499954223633,51.3650016784668,51.3650016784668,111695
2024-03-12 09:34:00-04:00,51.349998474121094,51.349998474121094,51.189998626708984,51.189998626708984,51.189998626708984,3487
2024-03-12 09:36:00-04:00,51.18000030517578,51.189998626708984,51.130001068115234,51.18000030517578,51.18000030517578,6323
2024-03-12 09:38:00-04:00,51.209999084472656,51.25,51.189998626708984,51.189998626708984,51.189998626708984,4822
2024-03-12 09:40:00-04:00,51.209999084472656,51.29999923706055,51.209999084472656,51.2400016784668,51.2400016784668,31459
2024-03-12 09:42:00-04:00,51.209999084472656,51.34000015258789,51.209999084472656,51.34000015258789,51.34000015258789,7040
2024-03-12 09:44:00-04:00,51.380001068115234,51.380001068115234,51.290000915527344,51.290000915527344,51.290000915527344,4029
2024-03-12 09:46:00-04:00,51.310001373291016,51.349998474121094,51.310001373291016,51.349998474121094,51.349998474121094,2873
2024-03-12 09:48:00-04:00,51.34000015258789,51.349998474121094,51.31999969482422,51.31999969482422,51.31999969482422,2138
2024-03-12 09:50:00-04:00,51.290000915527344,51.38999938964844,51.290000915527344,51.38999938964844,51.38999938964844,2532
2024-03-12 09:52:00-04:00,51.380001068115234,51.380001068115234,51.310001373291016,51.349998474121094,51.349998474121094,3239
2024-03-12 09:54:00-04:00,51.369300842285156,51.38999938964844,51.34000015258789,51.349998474121094,51.349998474121094,3206
2024-03-12 09:56:00-04:00,51.369998931884766,51.400001525878906,51.35499954223633,51.400001525878906,51.400001525878906,3592
2024-03-12 09:58:00-04:00,51.40999984741211,51.41999816894531,51.404998779296875,51.40999984741211,51.40999984741211,1213
2024-03-12 10:00:00-04:00,51.404998779296875,51.40999984741211,51.349998474121094,51.39500045776367,51.39500045776367,9190
2024-03-12 10:02:00-04:00,51.41999816894531,51.43000030517578,51.349998474121094,51.35499954223633,51.35499954223633,2811
2024-03-12 10:04:00-04:00,51.35499954223633,51.35499954223633,51.290000915527344,51.290000915527344,51.290000915527344,3076
2024-03-12 10:06:00-04:00,51.279998779296875,51.290000915527344,51.2599983215332,51.279998779296875,51.279998779296875,18921
2024-03-12 10:08:00-04:00,51.29999923706055,51.380001068115234,51.29999923706055,51.36009979248047,51.36009979248047,9783
2024-03-12 10:10:00-04:00,51.349998474121094,51.349998474121094,51.25,51.25,51.25,3908
2024-03-12 10:12:00-04:00,51.25,51.279998779296875,51.25,51.2599983215332,51.2599983215332,5694
2024-03-12 10:14:00-04:00,51.2599983215332,51.29999923706055,51.2599983215332,51.290000915527344,51.290000915527344,3002
2024-03-12 10:16:00-04:00,51.2599983215332,51.29999923706055,51.255001068115234,51.275001525878906,51.275001525878906,4955
2024-03-12 10:18:00-04:00,51.275001525878906,51.275001525878906,51.224998474121094,51.224998474121094,51.224998474121094,5629
2024-03-12 10:20:00-04:00,51.220001220703125,51.255001068115234,51.220001220703125,51.2400016784668,51.2400016784668,6295
2024-03-12 10:22:00-04:00,51.2400016784668,51.279998779296875,51.23500061035156,51.279998779296875,51.279998779296875,5398
2024-03-12 10:24:00-04:00,51.29999923706055,51.33000183105469,51.29999923706055,51.29999923706055,51.29999923706055,4802
2024-03-12 10:26:00-04:00,51.310001373291016,51.310001373291016,51.279998779296875,51.279998779296875,51.279998779296875,4052
2024-03-12 10:28:00-04:00,51.27000045776367,51.28499984741211,51.2599983215332,51.279998779296875,51.279998779296875,4392
2024-03-12 10:30:00-04:00,51.27000045776367,51.279998779296875,51.21500015258789,51.21500015258789,51.21500015258789,7730
2024-03-12 10:32:00-04:00,51.21500015258789,51.21500015258789,51.15999984741211,51.185001373291016,51.185001373291016,15562
2024-03-12 10:34:00-04:00,51.20000076293945,51.224998474121094,51.19499969482422,51.220001220703125,51.220001220703125,4433
2024-03-12 10:36:00-04:00,51.22999954223633,51.22999954223633,51.19499969482422,51.20000076293945,51.20000076293945,6518
2024-03-12 10:38:00-04:00,51.19499969482422,51.2400016784668,51.19499969482422,51.23500061035156,51.23500061035156,3647
2024-03-12 10:40:00-04:00,51.23500061035156,51.2400016784668,51.20000076293945,51.2400016784668,51.2400016784668,3657
2024-03-12 10:42:00-04:00,51.244998931884766,51.27000045776367,51.244998931884766,51.26919937133789,51.26919937133789,3900
2024-03-12 10:44:00-04:00,51.26499938964844,51.275001525878906,51.20500183105469,51.209999084472656,51.209999084472656,5930
2024-03-12 10:46:00-04:00,51.20000076293945,51.224998474121094,51.189998626708984,51.20500183105469,51.20500183105469,5450
2024-03-12 10:48:00-04:00,51.209999084472656,51.25,51.209999084472656,51.244998931884766,51.244998931884766,6173
2024-03-12 10:50:00-04:00,51.25,51.2599983215332,51.209999084472656,51.2599983215332,51.2599983215332,6356
2024-03-12 10:52:00-04:00,51.2599983215332,51.290000915527344,51.2599983215332,51.290000915527344,51.290000915527344,3891
2024-03-12 10:54:00-04:00,51.290000915527344,51.36000061035156,51.290000915527344,51.334999084472656,51.334999084472656,5718
2024-03-12 10:56:00-04:00,51.337501525878906,51.337501525878906,51.26499938964844,51.26499938964844,51.26499938964844,5742
2024-03-12 10:58:00-04:00,51.279998779296875,51.279998779296875,51.25,51.2599983215332,51.2599983215332,5220
2024-03-12 11:00:00-04:00,51.27000045776367,51.275001525878906,51.2400016784668,51.2400016784668,51.2400016784668,3740
2024-03-12 11:02:00-04:00,51.2599983215332,51.27000045776367,51.2400016784668,51.2400016784668,51.2400016784668,2687
2024-03-12 11:04:00-04:00,51.244998931884766,51.255001068115234,51.21500015258789,51.220001220703125,51.220001220703125,4156
2024-03-12 11:06:00-04:00,51.220001220703125,51.220001220703125,51.189998626708984,51.19459915161133,51.19459915161133,4027
2024-03-12 11:08:00-04:00,51.209999084472656,51.209999084472656,51.189998626708984,51.209999084472656,51.209999084472656,2897
2024-03-12 11:10:00-04:00,51.209999084472656,51.22999954223633,51.20000076293945,51.209999084472656,51.209999084472656,3867
2024-03-12 11:12:00-04:00,51.217498779296875,51.244998931884766,51.21500015258789,51.2400016784668,51.2400016784668,4656
2024-03-12 11:14:00-04:00,51.244998931884766,51.255001068115234,51.22999954223633,51.22999954223633,51.22999954223633,3426
2024-03-12 11:16:00-04:00,51.220001220703125,51.2400016784668,51.21500015258789,51.2400016784668,51.2400016784668,3615
2024-03-12 11:18:00-04:00,51.23500061035156,51.25,51.224998474121094,51.2400016784668,51.2400016784668,7488
2024-03-12 11:20:00-04:00,51.23500061035156,51.2400016784668,51.209999084472656,51.21500015258789,51.21500015258789,7600
2024-03-12 11:22:00-04:00,51.20000076293945,51.20000076293945,51.1150016784668,51.1150016784668,51.1150016784668,5076
2024-03-12 11:24:00-04:00,51.130001068115234,51.150001525878906,51.10499954223633,51.10499954223633,51.10499954223633,60017
2024-03-12 11:26:00-04:00,51.099998474121094,51.099998474121094,51.05500030517578,51.06999969482422,51.06999969482422,7504
2024-03-12 11:28:00-04:00,51.06999969482422,51.099998474121094,51.04499816894531,51.04499816894531,51.04499816894531,7575
2024-03-12 11:30:00-04:00,51.040000915527344,51.060001373291016,51.03499984741211,51.040000915527344,51.040000915527344,10843
2024-03-12 11:32:00-04:00,51.040000915527344,51.040000915527344,51.005001068115234,51.040000915527344,51.040000915527344,11191
2024-03-12 11:34:00-04:00,51.029998779296875,51.040000915527344,51.01499938964844,51.037498474121094,51.037498474121094,6648
2024-03-12 11:36:00-04:00,51.040000915527344,51.07500076293945,51.029998779296875,51.029998779296875,51.029998779296875,18889
2024-03-12 11:38:00-04:00,51.02000045776367,51.029998779296875,50.97999954223633,51.029998779296875,51.029998779296875,9992
2024-03-12 11:40:00-04:00,51.029998779296875,51.029998779296875,50.91999816894531,50.970001220703125,50.970001220703125,10654
2024-03-12 11:42:00-04:00,50.959999084472656,50.9900016784668,50.939998626708984,50.959999084472656,50.959999084472656,3142
2024-03-12 11:44:00-04:00,50.95000076293945,50.959999084472656,50.90999984741211,50.91999816894531,50.91999816894531,8516
2024-03-12 11:46:00-04:00,50.90999984741211,50.94499969482422,50.90999984741211,50.91999816894531,50.91999816894531,7137
2024-03-12 11:48:00-04:00,50.935001373291016,50.935001373291016,50.869998931884766,50.869998931884766,50.869998931884766,6536
2024-03-12 11:50:00-04:00,50.849998474121094,50.880001068115234,50.790000915527344,50.869998931884766,50.869998931884766,18384
2024-03-12 11:52:00-04:00,50.869998931884766,50.95000076293945,50.869998931884766,50.880001068115234,50.880001068115234,6288
2024-03-12 11:54:00-04:00,50.869998931884766,50.91999816894531,50.869998931884766,50.91999816894531,50.91999816894531,3854
2024-03-12 11:56:00-04:00,50.91999816894531,50.939998626708984,50.90999984741211,50.90999984741211,50.90999984741211,2067
2024-03-12 11:58:00-04:00,50.904998779296875,50.93000030517578,50.89500045776367,50.93000030517578,50.93000030517578,3469
2024-03-12 12:00:00-04:00,50.91999816894531,50.92499923706055,50.880001068115234,50.90999984741211,50.90999984741211,4851
2024-03-12 12:02:00-04:00,50.900001525878906,50.900001525878906,50.880001068115234,50.900001525878906,50.900001525878906,44386
2024-03-12 12:04:00-04:00,50.90999984741211,50.915000915527344,50.869998931884766,50.869998931884766,50.869998931884766,3857
2024-03-12 12:06:00-04:00,50.869998931884766,50.880001068115234,50.85499954223633,50.880001068115234,50.880001068115234,4865
2024-03-12 12:08:00-04:00,50.900001525878906,50.900001525878906,50.86000061035156,50.86000061035156,50.86000061035156,4107
2024-03-12 12:10:00-04:00,50.849998474121094,50.85499954223633,50.83000183105469,50.84000015258789,50.84000015258789,4899
2024-03-12 12:12:00-04:00,50.86000061035156,50.86000061035156,50.7599983215332,50.7599983215332,50.7599983215332,5242
2024-03-12 12:14:00-04:00,50.77000045776367,50.790000915527344,50.77000045776367,50.790000915527344,50.790000915527344,5209
2024-03-12 12:16:00-04:00,50.810001373291016,50.83000183105469,50.779998779296875,50.81999969482422,50.81999969482422,4724
2024-03-12 12:18:00-04:00,50.81999969482422,50.82500076293945,50.79999923706055,50.79999923706055,50.79999923706055,2675
2024-03-12 12:20:00-04:00,50.810001373291016,50.810001373291016,50.790000915527344,50.79999923706055,50.79999923706055,4308
2024-03-12 12:22:00-04:00,50.79999923706055,50.810001373291016,50.755001068115234,50.810001373291016,50.810001373291016,6064
2024-03-12 12:24:00-04:00,50.80500030517578,50.810001373291016,50.7599983215332,50.790000915527344,50.790000915527344,11911
2024-03-12 12:26:00-04:00,50.78499984741211,50.80550003051758,50.78499984741211,50.80550003051758,50.80550003051758,2550
2024-03-12 12:28:00-04:00,50.790000915527344,50.790000915527344,50.70000076293945,50.71500015258789,50.71500015258789,10620
2024-03-12 12:30:00-04:00,50.720001220703125,50.720001220703125,50.70000076293945,50.71419906616211,50.71419906616211,3279
2024-03-12 12:32:00-04:00,50.720001220703125,50.720001220703125,50.630001068115234,50.65999984741211,50.65999984741211,8901
2024-03-12 12:34:00-04:00,50.665000915527344,50.68000030517578,50.625,50.63999938964844,50.63999938964844,5082
2024-03-12 12:36:00-04:00,50.65999984741211,50.65999984741211,50.63999938964844,50.650001525878906,50.650001525878906,1892
2024-03-12 12:38:00-04:00,50.64939880371094,50.67499923706055,50.599998474121094,50.67499923706055,50.67499923706055,16452
2024-03-12 12:40:00-04:00,50.68000030517578,50.68000030517578,50.63999938964844,50.66999816894531,50.66999816894531,65831
2024-03-12 12:42:00-04:00,50.660701751708984,50.68000030517578,50.65999984741211,50.66999816894531,50.66999816894531,2627
2024-03-12 12:44:00-04:00,50.68000030517578,50.709999084472656,50.625,50.630001068115234,50.630001068115234,10221
2024-03-12 12:46:00-04:00,50.63999938964844,50.65999984741211,50.60499954223633,50.625,50.625,4357
2024-03-12 12:48:00-04:00,50.630001068115234,50.66999816894531,50.630001068115234,50.66080093383789,50.66080093383789,3433
2024-03-12 12:50:00-04:00,50.66999816894531,50.66999816894531,50.63999938964844,50.66999816894531,50.66999816894531,3287
2024-03-12 12:52:00-04:00,50.68000030517578,50.69499969482422,50.68000030517578,50.689998626708984,50.689998626708984,2750
2024-03-12 12:54:00-04:00,50.685001373291016,50.720001220703125,50.685001373291016,50.71500015258789,50.71500015258789,4335
2024-03-12 12:56:00-04:00,50.72999954223633,50.72999954223633,50.720001220703125,50.720001220703125,50.720001220703125,2004
2024-03-12 12:58:00-04:00,50.7400016784668,50.76499938964844,50.7400016784668,50.75,50.75,5282
2024-03-12 13:00:00-04:00,50.755001068115234,50.755001068115234,50.720001220703125,50.720001220703125,50.720001220703125,3971
2024-03-12 13:02:00-04:00,50.720001220703125,50.724998474121094,50.68000030517578,50.689998626708984,50.689998626708984,6179
2024-03-12 13:04:00-04:00,50.68000030517578,50.689998626708984,50.65999984741211,50.689998626708984,50.689998626708984,2877
2024-03-12 13:06:00-04:00,50.66999816894531,50.73500061035156,50.66999816894531,50.73500061035156,50.73500061035156,5496
2024-03-12 13:08:00-04:00,50.72999954223633,50.72999954223633,50.70500183105469,50.71080017089844,50.71080017089844,5823
2024-03-12 13:10:00-04:00,50.720001220703125,50.720001220703125,50.650001525878906,50.650001525878906,50.650001525878906,6982
2024-03-12 13:12:00-04:00,50.64310073852539,50.68000030517578,50.64310073852539,50.66999816894531,50.66999816894531,2899
2024-03-12 13:14:00-04:00,50.66999816894531,50.69499969482422,50.64500045776367,50.68000030517578,50.68000030517578,6070
2024-03-12 13:16:00-04:00,50.68000030517578,50.68000030517578,50.61539840698242,50.630001068115234,50.630001068115234,4193
2024-03-12 13:18:00-04:00,50.63999938964844,50.689998626708984,50.6349983215332,50.689998626708984,50.689998626708984,5789
2024-03-12 13:20:00-04:00,50.70500183105469,50.70500183105469,50.68000030517578,50.68000030517578,50.68000030517578,2890
2024-03-12 13:22:00-04:00,50.67539978027344,50.67539978027344,50.619998931884766,50.650001525878906,50.650001525878906,9619
2024-03-12 13:24:00-04:00,50.65999984741211,50.665000915527344,50.650001525878906,50.665000915527344,50.665000915527344,2665
2024-03-12 13:26:00-04:00,50.665000915527344,50.70000076293945,50.665000915527344,50.67499923706055,50.67499923706055,5160
2024-03-12 13:28:00-04:00,50.685001373291016,50.685001373291016,50.64500045776367,50.65999984741211,50.65999984741211,3263
2024-03-12 13:30:00-04:00,50.654998779296875,50.65999984741211,50.619998931884766,50.619998931884766,50.619998931884766,3389
2024-03-12 13:32:00-04:00,50.619998931884766,50.63999938964844,50.599998474121094,50.625,50.625,10855
2024-03-12 13:34:00-04:00,50.625,50.650001525878906,50.625,50.64500045776367,50.64500045776367,3209
2024-03-12 13:36:00-04:00,50.65999984741211,50.65999984741211,50.6150016784668,50.63999938964844,50.63999938964844,5823
2024-03-12 13:38:00-04:00,50.650001525878906,50.689998626708984,50.650001525878906,50.689998626708984,50.689998626708984,2812
2024-03-12 13:40:00-04:00,50.689998626708984,50.70000076293945,50.650001525878906,50.654998779296875,50.654998779296875,3164
2024-03-12 13:42:00-04:00,50.654998779296875,50.67499923706055,50.650001525878906,50.67499923706055,50.67499923706055,2990
2024-03-12 13:44:00-04:00,50.68000030517578,50.724998474121094,50.68000030517578,50.720001220703125,50.720001220703125,5104
2024-03-12 13:46:00-04:00,50.720001220703125,50.72999954223633,50.689998626708984,50.72999954223633,50.72999954223633,5564
2024-03-12 13:48:00-04:00,50.7400016784668,50.7599983215332,50.7400016784668,50.744998931884766,50.744998931884766,2633
2024-03-12 13:50:00-04:00,50.744998931884766,50.814998626708984,50.744998931884766,50.814998626708984,50.814998626708984,5637
2024-03-12 13:52:00-04:00,50.810001373291016,50.83000183105469,50.80500030517578,50.81999969482422,50.81999969482422,9174
2024-03-12 13:54:00-04:00,50.82500076293945,50.85499954223633,50.82500076293945,50.845001220703125,50.845001220703125,3821
2024-03-12 13:56:00-04:00,50.845001220703125,50.849998474121094,50.83000183105469,50.845001220703125,50.845001220703125,3631
2024-03-12 13:58:00-04:00,50.849998474121094,50.880001068115234,50.849998474121094,50.880001068115234,50.880001068115234,4341
2024-03-12 14:00:00-04:00,50.869998931884766,50.869998931884766,50.81999969482422,50.83000183105469,50.83000183105469,9920
2024-03-12 14:02:00-04:00,50.84000015258789,50.880001068115234,50.84000015258789,50.869998931884766,50.869998931884766,9322
2024-03-12 14:04:00-04:00,50.875,50.880001068115234,50.84000015258789,50.8650016784668,50.8650016784668,11116
2024-03-12 14:06:00-04:00,50.86000061035156,50.875,50.86000061035156,50.869998931884766,50.869998931884766,4079
2024-03-12 14:08:00-04:00,50.8650016784668,50.875,50.84000015258789,50.869998931884766,50.869998931884766,6452
2024-03-12 14:10:00-04:00,50.8650016784668,50.900001525878906,50.8650016784668,50.900001525878906,50.900001525878906,4703
2024-03-12 14:12:00-04:00,50.88999938964844,50.88999938964844,50.8650016784668,50.8650016784668,50.8650016784668,2582
2024-03-12 14:14:00-04:00,50.869998931884766,50.96500015258789,50.869998931884766,50.95000076293945,50.95000076293945,41867
2024-03-12 14:16:00-04:00,50.959999084472656,50.96500015258789,50.95000076293945,50.95500183105469,50.95500183105469,3408
2024-03-12 14:18:00-04:00,50.95500183105469,51.040000915527344,50.95500183105469,51.0,51.0,32293
2024-03-12 14:20:00-04:00,50.9900016784668,51.0099983215332,50.974998474121094,51.005001068115234,51.005001068115234,6311
2024-03-12 14:22:00-04:00,51.0099983215332,51.0099983215332,50.9900016784668,51.0,51.0,8873
2024-03-12 14:24:00-04:00,50.994998931884766,51.0099983215332,50.97999954223633,50.97999954223633,50.97999954223633,6255
2024-03-12 14:26:00-04:00,50.974998474121094,51.02000045776367,50.970001220703125,51.01499938964844,51.01499938964844,6322
2024-03-12 14:28:00-04:00,51.0099983215332,51.025001525878906,50.97999954223633,51.025001525878906,51.025001525878906,18008
2024-03-12 14:30:00-04:00,51.025001525878906,51.029998779296875,51.0099983215332,51.0099983215332,51.0099983215332,4277
2024-03-12 14:32:00-04:00,51.0099983215332,51.05500030517578,51.0099983215332,51.04499816894531,51.04499816894531,6339
2024-03-12 14:34:00-04:00,51.04999923706055,51.08000183105469,51.04499816894531,51.08000183105469,51.08000183105469,12769
2024-03-12 14:36:00-04:00,51.095001220703125,51.11000061035156,51.09000015258789,51.09000015258789,51.09000015258789,3687
2024-03-12 14:38:00-04:00,51.084999084472656,51.15999984741211,51.084999084472656,51.14500045776367,51.14500045776367,31407
2024-03-12 14:40:00-04:00,51.14500045776367,51.165000915527344,51.10499954223633,51.15999984741211,51.15999984741211,16667
2024-03-12 14:42:00-04:00,51.165000915527344,51.192501068115234,51.15999984741211,51.1697998046875,51.1697998046875,12119
2024-03-12 14:44:00-04:00,51.15999984741211,51.165000915527344,51.130001068115234,51.13999938964844,51.13999938964844,8255
2024-03-12 14:46:00-04:00,51.14500045776367,51.220001220703125,51.130001068115234,51.209999084472656,51.209999084472656,59614
2024-03-12 14:48:00-04:00,51.209999084472656,51.255001068115234,51.15999984741211,51.2400016784668,51.2400016784668,27522
2024-03-12 14:50:00-04:00,51.244998931884766,51.25,51.209999084472656,51.220001220703125,51.220001220703125,11307
2024-03-12 14:52:00-04:00,51.224998474121094,51.25,51.220001220703125,51.224998474121094,51.224998474121094,4705
2024-03-12 14:54:00-04:00,51.212501525878906,51.220001220703125,51.18000030517578,51.18000030517578,51.18000030517578,14038
2024-03-12 14:56:00-04:00,51.17499923706055,51.224998474121094,51.17499923706055,51.224998474121094,51.224998474121094,5859
2024-03-12 14:58:00-04:00,51.224998474121094,51.255001068115234,51.224998474121094,51.255001068115234,51.255001068115234,7152
2024-03-12 15:00:00-04:00,51.255001068115234,51.30500030517578,51.255001068115234,51.30500030517578,51.30500030517578,9216
2024-03-12 15:02:00-04:00,51.30500030517578,51.33000183105469,51.30500030517578,51.32500076293945,51.32500076293945,4362
2024-03-12 15:04:00-04:00,51.33000183105469,51.36000061035156,51.32500076293945,51.36000061035156,51.36000061035156,7035
2024-03-12 15:06:00-04:00,51.349998474121094,51.3849983215332,51.33000183105469,51.33000183105469,51.33000183105469,16241
2024-03-12 15:08:00-04:00,51.31999969482422,51.349998474121094,51.31999969482422,51.33000183105469,51.33000183105469,11150
2024-03-12 15:10:00-04:00,51.31999969482422,51.33000183105469,51.27000045776367,51.31999969482422,51.31999969482422,13783
2024-03-12 15:12:00-04:00,51.310001373291016,51.31999969482422,51.310001373291016,51.314998626708984,51.314998626708984,8727
2024-03-12 15:14:00-04:00,51.31999969482422,51.33000183105469,51.28499984741211,51.32500076293945,51.32500076293945,9668
2024-03-12 15:16:00-04:00,51.32500076293945,51.32500076293945,51.29999923706055,51.31999969482422,51.31999969482422,10771
2024-03-12 15:18:00-04:00,51.33000183105469,51.36000061035156,51.32500076293945,51.349998474121094,51.349998474121094,7713
2024-03-12 15:20:00-04:00,51.34000015258789,51.34000015258789,51.25,51.25,51.25,9390
2024-03-12 15:22:00-04:00,51.255001068115234,51.2599983215332,51.224998474121094,51.25,51.25,7782
2024-03-12 15:24:00-04:00,51.25,51.255001068115234,51.22999954223633,51.22999954223633,51.22999954223633,7515
2024-03-12 15:26:00-04:00,51.224998474121094,51.279998779296875,51.224998474121094,51.279998779296875,51.279998779296875,8453
2024-03-12 15:28:00-04:00,51.279998779296875,51.29999923706055,51.275001525878906,51.29999923706055,51.29999923706055,9927
2024-03-12 15:30:00-04:00,51.29499816894531,51.31999969482422,51.290000915527344,51.31999969482422,51.31999969482422,25249
2024-03-12 15:32:00-04:00,51.314998626708984,51.314998626708984,51.270301818847656,51.28499984741211,51.28499984741211,13028
2024-03-12 15:34:00-04:00,51.28499984741211,51.290000915527344,51.2599983215332,51.2599983215332,51.2599983215332,30951
2024-03-12 15:36:00-04:00,51.26499938964844,51.275001525878906,51.2599983215332,51.275001525878906,51.275001525878906,7993
2024-03-12 15:38:00-04:00,51.279998779296875,51.28499984741211,51.27000045776367,51.279998779296875,51.279998779296875,10779
2024-03-12 15:40:00-04:00,51.275001525878906,51.290000915527344,51.255001068115234,51.290000915527344,51.290000915527344,19514
2024-03-12 15:42:00-04:00,51.28499984741211,51.28499984741211,51.23500061035156,51.2599983215332,51.2599983215332,30186
2024-03-12 15:44:00-04:00,51.25,51.26890182495117,51.25,51.26499938964844,51.26499938964844,9975
2024-03-12 15:46:00-04:00,51.2599983215332,51.269901275634766,51.23500061035156,51.25,51.25,28819
2024-03-12 15:48:00-04:00,51.25,51.26750183105469,51.224998474121094,51.22999954223633,51.22999954223633,18068
2024-03-12 15:50:00-04:00,51.2400016784668,51.25,51.16999816894531,51.21500015258789,51.21500015258789,24347
2024-03-12 15:52:00-04:00,51.220001220703125,51.26499938964844,51.21500015258789,51.22999954223633,51.22999954223633,23537
2024-03-12 15:54:00-04:00,51.22999954223633,51.29999923706055,51.209999084472656,51.28499984741211,51.28499984741211,36537
2024-03-12 15:56:00-04:00,51.28499984741211,51.31999969482422,51.279998779296875,51.314998626708984,51.314998626708984,48189
2024-03-12 15:58:00-04:00,51.314998626708984,51.31999969482422,51.22999954223633,51.27000045776367,51.27000045776367,80810
2024-03-13 09:30:00-04:00,51.90999984741211,51.970001220703125,51.79999923706055,51.79999923706055,51.79999923706055,70060
2024-03-13 09:32:00-04:00,51.91999816894531,51.92499923706055,51.875701904296875,51.880001068115234,51.880001068115234,4952
2024-03-13 09:34:00-04:00,52.0,52.16999816894531,52.0,52.1349983215332,52.1349983215332,28222
2024-03-13 09:36:00-04:00,52.125,52.220001220703125,52.09000015258789,52.15999984741211,52.15999984741211,7877
2024-03-13 09:38:00-04:00,52.209999084472656,52.209999084472656,52.119998931884766,52.119998931884766,52.119998931884766,37318
2024-03-13 09:40:00-04:00,52.130001068115234,52.13999938964844,52.060001373291016,52.060001373291016,52.060001373291016,6338
2024-03-13 09:42:00-04:00,52.09000015258789,52.16999816894531,52.084999084472656,52.119998931884766,52.119998931884766,46470
2024-03-13 09:44:00-04:00,52.130001068115234,52.209999084472656,52.119998931884766,52.209999084472656,52.209999084472656,17903
2024-03-13 09:46:00-04:00,52.209999084472656,52.290000915527344,52.17499923706055,52.27000045776367,52.27000045776367,40399
2024-03-13 09:48:00-04:00,52.2599983215332,52.310001373291016,52.25,52.279998779296875,52.279998779296875,10208
2024-03-13 09:50:00-04:00,52.27000045776367,52.30500030517578,52.2400016784668,52.279998779296875,52.279998779296875,11044
2024-03-13 09:52:00-04:00,52.2599983215332,52.2599983215332,52.189998626708984,52.189998626708984,52.189998626708984,2593
2024-03-13 09:54:00-04:00,52.189998626708984,52.28499984741211,52.15999984741211,52.2599983215332,52.2599983215332,16943
2024-03-13 09:56:00-04:00,52.290000915527344,52.33250045776367,52.279998779296875,52.29999923706055,52.29999923706055,22893
2024-03-13 09:58:00-04:00,52.290000915527344,52.29499816894531,52.2599983215332,52.290000915527344,52.290000915527344,9700
2024-03-13 10:00:00-04:00,52.29999923706055,52.349998474121094,52.29499816894531,52.310001373291016,52.310001373291016,30735
2024-03-13 10:02:00-04:00,52.29999923706055,52.349998474121094,52.279998779296875,52.29999923706055,52.29999923706055,44586
2024-03-13 10:04:00-04:00,52.28499984741211,52.314998626708984,52.209999084472656,52.209999084472656,52.209999084472656,8380
2024-03-13 10:06:00-04:00,52.220001220703125,52.310001373291016,52.20000076293945,52.29999923706055,52.29999923706055,11246
2024-03-13 10:08:00-04:00,52.310001373291016,52.349998474121094,52.29999923706055,52.310001373291016,52.310001373291016,12280
2024-03-13 10:10:00-04:00,52.290000915527344,52.33000183105469,52.260101318359375,52.260101318359375,52.260101318359375,7064
2024-03-13 10:12:00-04:00,52.27000045776367,52.279998779296875,52.22999954223633,52.27000045776367,52.27000045776367,7371
2024-03-13 10:14:00-04:00,52.290000915527344,52.310001373291016,52.279998779296875,52.30500030517578,52.30500030517578,13036
2024-03-13 10:16:00-04:00,52.29999923706055,52.31999969482422,52.290000915527344,52.290000915527344,52.290000915527344,8516
2024-03-13 10:18:00-04:00,52.27000045776367,52.27000045776367,52.18000030517578,52.209999084472656,52.209999084472656,5689
2024-03-13 10:20:00-04:00,52.19499969482422,52.21500015258789,52.15999984741211,52.18000030517578,52.18000030517578,5855
2024-03-13 10:22:00-04:00,52.17499923706055,52.29999923706055,52.17499923706055,52.27000045776367,52.27000045776367,9396
2024-03-13 10:24:00-04:00,52.27000045776367,52.28499984741211,52.189998626708984,52.220001220703125,52.220001220703125,54720
2024-03-13 10:26:00-04:00,52.220001220703125,52.279998779296875,52.209999084472656,52.21500015258789,52.21500015258789,9086
2024-03-13 10:28:00-04:00,52.20500183105469,52.220001220703125,52.17610168457031,52.18000030517578,52.18000030517578,5494
2024-03-13 10:30:00-04:00,52.20000076293945,52.20000076293945,52.1150016784668,52.119998931884766,52.119998931884766,4312
2024-03-13 10:32:00-04:00,52.119998931884766,52.119998931884766,52.0,52.0,52.0,14683
2024-03-13 10:34:00-04:00,52.02000045776367,52.03499984741211,52.0,52.029998779296875,52.029998779296875,8655
2024-03-13 10:36:00-04:00,52.04499816894531,52.099998474121094,52.0,52.0099983215332,52.0099983215332,4791
2024-03-13 10:38:00-04:00,52.0099983215332,52.0099983215332,51.95000076293945,51.97999954223633,51.97999954223633,9916
2024-03-13 10:40:00-04:00,51.9900016784668,52.0,51.959999084472656,51.959999084472656,51.959999084472656,7734
2024-03-13 10:42:00-04:00,51.970001220703125,51.970001220703125,51.86000061035156,51.880001068115234,51.880001068115234,13095
2024-03-13 10:44:00-04:00,51.900001525878906,51.900001525878906,51.83000183105469,51.88999938964844,51.88999938964844,4328
2024-03-13 10:46:00-04:00,51.871299743652344,51.880001068115234,51.834999084472656,51.869998931884766,51.869998931884766,7056
2024-03-13 10:48:00-04:00,51.869998931884766,51.869998931884766,51.779998779296875,51.790000915527344,51.790000915527344,5878
2024-03-13 10:50:00-04:00,51.77000045776367,51.83000183105469,51.7599983215332,51.83000183105469,51.83000183105469,7332
2024-03-13 10:52:00-04:00,51.810001373291016,51.869998931884766,51.80500030517578,51.869998931884766,51.869998931884766,7279
2024-03-13 10:54:00-04:00,51.880001068115234,51.915000915527344,51.849998474121094,51.875,51.875,7208
2024-03-13 10:56:00-04:00,51.869998931884766,51.880001068115234,51.83000183105469,51.86000061035156,51.86000061035156,5113
2024-03-13 10:58:00-04:00,51.869998931884766,51.900001525878906,51.86000061035156,51.86000061035156,51.86000061035156,3797
2024-03-13 11:00:00-04:00,51.86000061035156,51.86000061035156,51.81999969482422,51.81999969482422,51.81999969482422,4383
2024-03-13 11:02:00-04:00,51.810001373291016,51.81999969482422,51.782501220703125,51.79999923706055,51.79999923706055,3510
2024-03-13 11:04:00-04:00,51.7599983215332,51.7599983215332,51.720001220703125,51.7599983215332,51.7599983215332,4612
2024-03-13 11:06:00-04:00,51.7599983215332,51.79499816894531,51.7599983215332,51.76499938964844,51.76499938964844,13023
2024-03-13 11:08:00-04:00,51.76499938964844,51.790000915527344,51.76499938964844,51.779998779296875,51.779998779296875,4983
2024-03-13 11:10:00-04:00,51.790000915527344,51.790000915527344,51.755001068115234,51.763099670410156,51.763099670410156,4167
2024-03-13 11:12:00-04:00,51.75,51.810001373291016,51.75,51.79999923706055,51.79999923706055,3868
2024-03-13 11:14:00-04:00,51.810001373291016,51.86000061035156,51.810001373291016,51.845001220703125,51.845001220703125,7126
2024-03-13 11:16:00-04:00,51.849998474121094,51.869998931884766,51.84000015258789,51.84000015258789,51.84000015258789,4501
2024-03-13 11:18:00-04:00,51.84000015258789,51.849998474121094,51.834999084472656,51.84000015258789,51.84000015258789,2931
2024-03-13 11:20:00-04:00,51.84000015258789,51.91400146484375,51.83000183105469,51.91400146484375,51.91400146484375,10425
2024-03-13 11:22:00-04:00,51.90999984741211,51.93000030517578,51.900001525878906,51.93000030517578,51.93000030517578,1606
2024-03-13 11:24:00-04:00,51.93000030517578,51.939998626708984,51.880001068115234,51.89500045776367,51.89500045776367,3283
2024-03-13 11:26:00-04:00,51.880001068115234,51.89500045776367,51.86000061035156,51.88999938964844,51.88999938964844,4728
2024-03-13 11:28:00-04:00,51.88999938964844,51.89500045776367,51.8849983215332,51.88999938964844,51.88999938964844,3012
2024-03-13 11:30:00-04:00,51.880001068115234,51.8849983215332,51.84000015258789,51.86000061035156,51.86000061035156,8382
2024-03-13 11:32:00-04:00,51.869998931884766,51.875,51.83000183105469,51.869998931884766,51.869998931884766,6331
2024-03-13 11:34:00-04:00,51.869998931884766,51.90999984741211,51.869998931884766,51.90999984741211,51.90999984741211,3976
2024-03-13 11:36:00-04:00,51.90999984741211,51.90999984741211,51.869998931884766,51.869998931884766,51.869998931884766,3299
2024-03-13 11:38:00-04:00,51.88999938964844,51.88999938964844,51.869998931884766,51.880001068115234,51.880001068115234,4906
2024-03-13 11:40:00-04:00,51.88999938964844,51.93000030517578,51.880001068115234,51.93000030517578,51.93000030517578,7708
2024-03-13 11:42:00-04:00,51.939998626708984,51.99079895019531,51.939998626708984,51.99079895019531,51.99079895019531,6813
2024-03-13 11:44:00-04:00,51.97999954223633,51.97999954223633,51.91999816894531,51.93000030517578,51.93000030517578,4414
2024-03-13 11:46:00-04:00,51.939998626708984,51.939998626708984,51.900001525878906,51.939998626708984,51.939998626708984,3725
2024-03-13 11:48:00-04:00,51.939998626708984,51.939998626708984,51.88999938964844,51.900001525878906,51.900001525878906,8213
2024-03-13 11:50:00-04:00,51.8849983215332,51.91999816894531,51.8849983215332,51.90999984741211,51.90999984741211,4881
2024-03-13 11:52:00-04:00,51.91999816894531,51.939998626708984,51.91999816894531,51.939998626708984,51.939998626708984,3531
2024-03-13 11:54:00-04:00,51.939998626708984,51.939998626708984,51.88999938964844,51.900001525878906,51.900001525878906,5300
2024-03-13 11:56:00-04:00,51.88999938964844,51.91999816894531,51.88999938964844,51.91999816894531,51.91999816894531,4570
2024-03-13 11:58:00-04:00,51.90999984741211,51.939998626708984,51.90999984741211,51.90999984741211,51.90999984741211,4446
2024-03-13 12:00:00-04:00,51.90999984741211,51.93000030517578,51.89500045776367,51.91999816894531,51.91999816894531,7106
2024-03-13 12:02:00-04:00,51.90999984741211,51.90999984741211,51.869998931884766,51.869998931884766,51.869998931884766,4286
2024-03-13 12:04:00-04:00,51.86000061035156,51.869998931884766,51.810001373291016,51.810001373291016,51.810001373291016,4406
2024-03-13 12:06:00-04:00,51.81999969482422,51.849998474121094,51.790000915527344,51.849998474121094,51.849998474121094,8801
2024-03-13 12:08:00-04:00,51.84000015258789,51.869998931884766,51.83000183105469,51.869998931884766,51.869998931884766,4017
2024-03-13 12:10:00-04:00,51.85499954223633,51.880001068115234,51.849998474121094,51.86000061035156,51.86000061035156,7965
2024-03-13 12:12:00-04:00,51.880001068115234,51.88999938964844,51.849998474121094,51.869998931884766,51.869998931884766,14173
2024-03-13 12:14:00-04:00,51.849998474121094,51.849998474121094,51.81999969482422,51.849998474121094,51.849998474121094,9199
2024-03-13 12:16:00-04:00,51.849998474121094,51.849998474121094,51.81999969482422,51.82500076293945,51.82500076293945,6412
2024-03-13 12:18:00-04:00,51.82500076293945,51.84000015258789,51.810001373291016,51.810001373291016,51.810001373291016,6800
2024-03-13 12:20:00-04:00,51.79999923706055,51.84000015258789,51.79999923706055,51.814998626708984,51.814998626708984,13135
2024-03-13 12:22:00-04:00,51.81999969482422,51.84000015258789,51.810001373291016,51.810001373291016,51.810001373291016,5468
2024-03-13 12:24:00-04:00,51.790000915527344,51.810001373291016,51.77000045776367,51.790000915527344,51.790000915527344,7129
2024-03-13 12:26:00-04:00,51.79999923706055,51.83000183105469,51.790000915527344,51.83000183105469,51.83000183105469,5673
2024-03-13 12:28:00-04:00,51.83000183105469,51.84000015258789,51.810001373291016,51.814998626708984,51.814998626708984,5764
2024-03-13 12:30:00-04:00,51.81999969482422,51.849998474121094,51.81999969482422,51.81999969482422,51.81999969482422,14830
2024-03-13 12:32:00-04:00,51.810001373291016,51.85499954223633,51.810001373291016,51.849998474121094,51.849998474121094,15364
2024-03-13 12:34:00-04:00,51.845001220703125,51.849998474121094,51.82500076293945,51.84000015258789,51.84000015258789,9082
2024-03-13 12:36:00-04:00,51.849998474121094,51.880001068115234,51.82500076293945,51.849998474121094,51.849998474121094,15454
2024-03-13 12:38:00-04:00,51.845001220703125,51.84870147705078,51.814998626708984,51.84000015258789,51.84000015258789,9583
2024-03-13 12:40:00-04:00,51.84000015258789,51.84000015258789,51.80550003051758,51.834999084472656,51.834999084472656,4152
2024-03-13 12:42:00-04:00,51.83000183105469,51.84000015258789,51.83000183105469,51.84000015258789,51.84000015258789,3652
2024-03-13 12:44:00-04:00,51.84000015258789,51.84000015258789,51.779998779296875,51.834999084472656,51.834999084472656,11793
2024-03-13 12:46:00-04:00,51.84000015258789,51.849998474121094,51.81999969482422,51.81999969482422,51.81999969482422,8898
2024-03-13 12:48:00-04:00,51.83000183105469,51.845001220703125,51.83000183105469,51.83000183105469,51.83000183105469,7432
2024-03-13 12:50:00-04:00,51.81999969482422,51.81999969482422,51.77000045776367,51.77000045776367,51.77000045776367,6862
2024-03-13 12:52:00-04:00,51.77000045776367,51.779998779296875,51.755001068115234,51.77000045776367,51.77000045776367,2852
2024-03-13 12:54:00-04:00,51.779998779296875,51.790000915527344,51.77000045776367,51.790000915527344,51.790000915527344,4915
2024-03-13 12:56:00-04:00,51.775001525878906,51.790000915527344,51.77000045776367,51.785499572753906,51.785499572753906,4871
2024-03-13 12:58:00-04:00,51.779998779296875,51.78499984741211,51.76499938964844,51.775001525878906,51.775001525878906,18859
2024-03-13 13:00:00-04:00,51.76499938964844,51.76499938964844,51.720001220703125,51.720001220703125,51.720001220703125,23578
2024-03-13 13:02:00-04:00,51.709999084472656,51.75,51.709999084472656,51.7400016784668,51.7400016784668,1944
2024-03-13 13:04:00-04:00,51.7400016784668,51.775001525878906,51.73059844970703,51.730899810791016,51.730899810791016,7891
2024-03-13 13:06:00-04:00,51.71500015258789,51.72999954223633,51.709999084472656,51.724998474121094,51.724998474121094,5473
2024-03-13 13:08:00-04:00,51.724998474121094,51.77000045776367,51.70500183105469,51.75,51.75,6045
2024-03-13 13:10:00-04:00,51.72999954223633,51.73889923095703,51.720001220703125,51.720001220703125,51.720001220703125,2754
2024-03-13 13:12:00-04:00,51.72999954223633,51.755001068115234,51.72990036010742,51.72990036010742,51.72990036010742,4700
2024-03-13 13:14:00-04:00,51.72999954223633,51.7599983215332,51.72999954223633,51.75,51.75,7004
2024-03-13 13:16:00-04:00,51.75,51.76499938964844,51.73500061035156,51.76499938964844,51.76499938964844,4136
2024-03-13 13:18:00-04:00,51.76499938964844,51.775001525878906,51.75,51.75,51.75,4649
2024-03-13 13:20:00-04:00,51.75,51.78499984741211,51.7400016784668,51.779998779296875,51.779998779296875,6389
2024-03-13 13:22:00-04:00,51.779998779296875,51.78499984741211,51.755001068115234,51.755001068115234,51.755001068115234,4421
2024-03-13 13:24:00-04:00,51.7599983215332,51.79999923706055,51.7599983215332,51.79999923706055,51.79999923706055,3005
2024-03-13 13:26:00-04:00,51.79499816894531,51.79499816894531,51.77000045776367,51.779998779296875,51.779998779296875,4338
2024-03-13 13:28:00-04:00,51.77000045776367,51.79999923706055,51.76499938964844,51.790000915527344,51.790000915527344,3791
2024-03-13 13:30:00-04:00,51.775001525878906,51.779998779296875,51.75,51.779998779296875,51.779998779296875,4907
2024-03-13 13:32:00-04:00,51.78499984741211,51.79499816894531,51.72999954223633,51.72999954223633,51.72999954223633,11639
2024-03-13 13:34:00-04:00,51.73500061035156,51.75,51.724998474121094,51.75,51.75,4248
2024-03-13 13:36:00-04:00,51.75,51.75,51.724998474121094,51.724998474121094,51.724998474121094,2439
2024-03-13 13:38:00-04:00,51.724998474121094,51.77000045776367,51.724998474121094,51.77000045776367,51.77000045776367,4146
2024-03-13 13:40:00-04:00,51.77000045776367,51.814998626708984,51.7599983215332,51.814998626708984,51.814998626708984,4654
2024-03-13 13:42:00-04:00,51.810001373291016,51.81999969482422,51.79999923706055,51.79999923706055,51.79999923706055,3106
2024-03-13 13:44:00-04:00,51.79999923706055,51.80500030517578,51.72999954223633,51.7400016784668,51.7400016784668,10023
2024-03-13 13:46:00-04:00,51.73500061035156,51.7400016784668,51.709999084472656,51.709999084472656,51.709999084472656,6194
2024-03-13 13:48:00-04:00,51.720001220703125,51.7400016784668,51.720001220703125,51.727500915527344,51.727500915527344,2478
2024-03-13 13:50:00-04:00,51.71500015258789,51.72999954223633,51.66999816894531,51.685001373291016,51.685001373291016,11056
2024-03-13 13:52:00-04:00,51.66999816894531,51.720001220703125,51.66999816894531,51.720001220703125,51.720001220703125,4796
2024-03-13 13:54:00-04:00,51.71500015258789,51.7599983215332,51.71500015258789,51.75,51.75,3176
2024-03-13 13:56:00-04:00,51.7599983215332,51.7599983215332,51.709999084472656,51.709999084472656,51.709999084472656,5300
2024-03-13 13:58:00-04:00,51.70000076293945,51.72999954223633,51.689998626708984,51.72999954223633,51.72999954223633,8671
2024-03-13 14:00:00-04:00,51.7400016784668,51.7400016784668,51.71500015258789,51.71500015258789,51.71500015258789,3172
2024-03-13 14:02:00-04:00,51.70500183105469,51.75,51.70500183105469,51.7400016784668,51.7400016784668,3843
2024-03-13 14:04:00-04:00,51.7400016784668,51.7400016784668,51.69499969482422,51.69499969482422,51.69499969482422,3871
2024-03-13 14:06:00-04:00,51.70000076293945,51.709999084472656,51.689998626708984,51.70000076293945,51.70000076293945,7894
2024-03-13 14:08:00-04:00,51.689998626708984,51.709999084472656,51.665000915527344,51.709999084472656,51.709999084472656,7101
2024-03-13 14:10:00-04:00,51.71500015258789,51.72999954223633,51.71500015258789,51.72999954223633,51.72999954223633,2591
2024-03-13 14:12:00-04:00,51.71500015258789,51.71500015258789,51.689998626708984,51.69499969482422,51.69499969482422,4112
2024-03-13 14:14:00-04:00,51.70000076293945,51.70500183105469,51.65999984741211,51.68000030517578,51.68000030517578,6434
2024-03-13 14:16:00-04:00,51.68000030517578,51.685001373291016,51.630001068115234,51.630001068115234,51.630001068115234,4290
2024-03-13 14:18:00-04:00,51.650001525878906,51.65999984741211,51.62300109863281,51.630001068115234,51.630001068115234,2397
2024-03-13 14:20:00-04:00,51.625,51.630001068115234,51.61000061035156,51.619998931884766,51.619998931884766,5979
2024-03-13 14:22:00-04:00,51.619998931884766,51.619998931884766,51.59000015258789,51.60499954223633,51.60499954223633,6230
2024-03-13 14:24:00-04:00,51.61000061035156,51.630001068115234,51.59000015258789,51.600101470947266,51.600101470947266,9979
2024-03-13 14:26:00-04:00,51.61000061035156,51.619998931884766,51.59000015258789,51.599998474121094,51.599998474121094,7557
2024-03-13 14:28:00-04:00,51.599998474121094,51.599998474121094,51.494998931884766,51.529998779296875,51.529998779296875,21006
2024-03-13 14:30:00-04:00,51.52000045776367,51.529998779296875,51.5099983215332,51.529998779296875,51.529998779296875,7498
2024-03-13 14:32:00-04:00,51.54999923706055,51.560001373291016,51.5,51.505001068115234,51.505001068115234,6546
2024-03-13 14:34:00-04:00,51.5,51.5,51.45000076293945,51.45000076293945,51.45000076293945,11820
2024-03-13 14:36:00-04:00,51.45000076293945,51.459999084472656,51.435001373291016,51.435001373291016,51.435001373291016,4926
2024-03-13 14:38:00-04:00,51.435001373291016,51.435001373291016,51.400001525878906,51.40999984741211,51.40999984741211,19792
2024-03-13 14:40:00-04:00,51.400001525878906,51.45500183105469,51.38999938964844,51.44499969482422,51.44499969482422,17115
2024-03-13 14:42:00-04:00,51.44499969482422,51.459999084472656,51.41999816894531,51.459999084472656,51.459999084472656,5143
2024-03-13 14:44:00-04:00,51.470001220703125,51.47999954223633,51.46500015258789,51.47999954223633,51.47999954223633,17199
2024-03-13 14:46:00-04:00,51.4900016784668,51.52000045776367,51.4900016784668,51.5099983215332,51.5099983215332,5332
2024-03-13 14:48:00-04:00,51.5099983215332,51.54999923706055,51.5099983215332,51.54999923706055,51.54999923706055,4190
2024-03-13 14:50:00-04:00,51.540000915527344,51.54499816894531,51.525001525878906,51.525001525878906,51.525001525878906,3125
2024-03-13 14:52:00-04:00,51.52000045776367,51.56999969482422,51.51499938964844,51.56999969482422,51.56999969482422,5921
2024-03-13 14:54:00-04:00,51.560001373291016,51.56999969482422,51.55500030517578,51.56999969482422,51.56999969482422,2808
2024-03-13 14:56:00-04:00,51.56999969482422,51.56999969482422,51.54499816894531,51.54499816894531,51.54499816894531,6376
2024-03-13 14:58:00-04:00,51.54999923706055,51.54999923706055,51.46500015258789,51.47999954223633,51.47999954223633,22224
2024-03-13 15:00:00-04:00,51.470001220703125,51.470001220703125,51.435001373291016,51.435001373291016,51.435001373291016,8740
2024-03-13 15:02:00-04:00,51.439998626708984,51.44499969482422,51.42499923706055,51.42499923706055,51.42499923706055,9303
2024-03-13 15:04:00-04:00,51.42499923706055,51.45000076293945,51.41999816894531,51.45000076293945,51.45000076293945,10872
2024-03-13 15:06:00-04:00,51.45000076293945,51.5099983215332,51.45000076293945,51.4900016784668,51.4900016784668,9540
2024-03-13 15:08:00-04:00,51.470001220703125,51.474998474121094,51.439998626708984,51.44499969482422,51.44499969482422,8393
2024-03-13 15:10:00-04:00,51.439998626708984,51.44499969482422,51.43000030517578,51.439998626708984,51.439998626708984,4658
2024-03-13 15:12:00-04:00,51.44499969482422,51.45500183105469,51.435001373291016,51.45500183105469,51.45500183105469,11450
2024-03-13 15:14:00-04:00,51.45500183105469,51.459999084472656,51.41999816894531,51.439998626708984,51.439998626708984,12818
2024-03-13 15:16:00-04:00,51.45000076293945,51.45000076293945,51.404998779296875,51.404998779296875,51.404998779296875,5701
2024-03-13 15:18:00-04:00,51.400001525878906,51.41999816894531,51.400001525878906,51.40999984741211,51.40999984741211,14341
2024-03-13 15:20:00-04:00,51.415000915527344,51.42499923706055,51.404998779296875,51.404998779296875,51.404998779296875,11501
2024-03-13 15:22:00-04:00,51.404998779296875,51.459999084472656,51.400001525878906,51.45000076293945,51.45000076293945,23233
2024-03-13 15:24:00-04:00,51.44499969482422,51.459999084472656,51.43000030517578,51.435001373291016,51.435001373291016,12063
2024-03-13 15:26:00-04:00,51.435001373291016,51.435001373291016,51.3650016784668,51.3650016784668,51.3650016784668,8496
2024-03-13 15:28:00-04:00,51.35499954223633,51.355499267578125,51.290000915527344,51.29999923706055,51.29999923706055,17021
2024-03-13 15:30:00-04:00,51.310001373291016,51.375,51.30500030517578,51.345001220703125,51.345001220703125,17199
2024-03-13 15:32:00-04:00,51.345001220703125,51.3650016784668,51.310001373291016,51.3650016784668,51.3650016784668,12918
2024-03-13 15:34:00-04:00,51.369998931884766,51.41999816894531,51.369998931884766,51.400001525878906,51.400001525878906,12195
2024-03-13 15:36:00-04:00,51.400001525878906,51.404998779296875,51.380001068115234,51.400001525878906,51.400001525878906,18041
2024-03-13 15:38:00-04:00,51.404998779296875,51.42499923706055,51.38999938964844,51.38999938964844,51.38999938964844,12170
2024-03-13 15:40:00-04:00,51.380001068115234,51.3849983215332,51.29999923706055,51.30500030517578,51.30500030517578,29681
2024-03-13 15:42:00-04:00,51.29999923706055,51.3650016784668,51.290000915527344,51.3650016784668,51.3650016784668,22643
2024-03-13 15:44:00-04:00,51.36579895019531,51.375,51.31999969482422,51.35499954223633,51.35499954223633,15236
2024-03-13 15:46:00-04:00,51.36000061035156,51.38999938964844,51.35499954223633,51.375,51.375,25896
2024-03-13 15:48:00-04:00,51.375,51.380001068115234,51.361000061035156,51.3650016784668,51.3650016784668,13063
2024-03-13 15:50:00-04:00,51.369998931884766,51.400001525878906,51.369998931884766,51.375,51.375,36186
2024-03-13 15:52:00-04:00,51.375,51.415000915527344,51.3650016784668,51.39500045776367,51.39500045776367,35210
2024-03-13 15:54:00-04:00,51.400001525878906,51.45000076293945,51.34000015258789,51.400001525878906,51.400001525878906,96023
2024-03-13 15:56:00-04:00,51.39500045776367,51.45500183105469,51.38999938964844,51.45000076293945,51.45000076293945,39043
2024-03-13 15:58:00-04:00,51.45000076293945,51.470001220703125,51.439998626708984,51.45500183105469,51.45500183105469,97549
2024-03-14 09:30:00-04:00,51.5,51.619998931884766,51.470001220703125,51.47999954223633,51.47999954223633,45663
2024-03-14 09:32:00-04:00,51.47999954223633,51.529998779296875,51.47999954223633,51.47999954223633,51.47999954223633,1278
2024-03-14 09:34:00-04:00,51.459999084472656,51.5099983215332,51.380001068115234,51.474998474121094,51.474998474121094,8630
2024-03-14 09:36:00-04:00,51.47999954223633,51.5,51.43000030517578,51.439998626708984,51.439998626708984,8723
2024-03-14 09:38:00-04:00,51.439998626708984,51.500999450683594,51.41999816894531,51.47999954223633,51.47999954223633,17251
2024-03-14 09:40:00-04:00,51.47999954223633,51.47999954223633,51.43000030517578,51.43000030517578,51.43000030517578,4313
2024-03-14 09:42:00-04:00,51.47999954223633,51.47999954223633,51.35020065307617,51.36000061035156,51.36000061035156,5441
2024-03-14 09:44:00-04:00,51.349998474121094,51.349998474121094,51.29999923706055,51.3390007019043,51.3390007019043,4993
2024-03-14 09:46:00-04:00,51.33000183105469,51.34000015258789,51.29499816894531,51.29999923706055,51.29999923706055,31443
2024-03-14 09:48:00-04:00,51.29499816894531,51.310001373291016,51.220001220703125,51.220001220703125,51.220001220703125,8385
2024-03-14 09:50:00-04:00,51.20000076293945,51.209999084472656,51.18000030517578,51.18000030517578,51.18000030517578,9527
2024-03-14 09:52:00-04:00,51.19499969482422,51.20000076293945,51.060001373291016,51.07500076293945,51.07500076293945,19530
2024-03-14 09:54:00-04:00,51.029998779296875,51.09000015258789,51.0,51.08000183105469,51.08000183105469,2133
2024-03-14 09:56:00-04:00,51.04999923706055,51.04999923706055,50.959999084472656,50.9900016784668,50.9900016784668,3116
2024-03-14 09:58:00-04:00,50.9900016784668,51.06999969482422,50.9900016784668,51.0,51.0,2054
2024-03-14 10:00:00-04:00,50.9900016784668,51.125,50.9900016784668,51.07500076293945,51.07500076293945,48286
2024-03-14 10:02:00-04:00,51.04999923706055,51.11000061035156,51.040000915527344,51.11000061035156,51.11000061035156,1293
2024-03-14 10:04:00-04:00,51.125,51.189998626708984,51.11000061035156,51.150001525878906,51.150001525878906,2897
2024-03-14 10:06:00-04:00,51.13999938964844,51.13999938964844,51.099998474121094,51.11000061035156,51.11000061035156,5645
2024-03-14 10:08:00-04:00,51.125,51.14500045776367,51.11000061035156,51.14500045776367,51.14500045776367,1785
2024-03-14 10:10:00-04:00,51.13999938964844,51.13999938964844,51.099998474121094,51.13990020751953,51.13990020751953,4904
2024-03-14 10:12:00-04:00,51.130001068115234,51.130001068115234,51.04499816894531,51.04999923706055,51.04999923706055,2362
2024-03-14 10:14:00-04:00,51.064998626708984,51.099998474121094,51.064998626708984,51.09000015258789,51.09000015258789,2898
2024-03-14 10:16:00-04:00,51.08000183105469,51.08000183105469,51.01499938964844,51.060001373291016,51.060001373291016,2223
2024-03-14 10:18:00-04:00,51.060001373291016,51.099998474121094,51.060001373291016,51.09000015258789,51.09000015258789,2355
2024-03-14 10:20:00-04:00,51.09000015258789,51.09000015258789,51.029998779296875,51.029998779296875,51.029998779296875,2778
2024-03-14 10:22:00-04:00,51.02000045776367,51.04999923706055,51.02000045776367,51.02000045776367,51.02000045776367,1736
2024-03-14 10:24:00-04:00,51.0099983215332,51.0099983215332,50.96620178222656,50.97999954223633,50.97999954223633,12805
2024-03-14 10:26:00-04:00,50.97999954223633,50.98500061035156,50.94660186767578,50.970001220703125,50.970001220703125,4946
2024-03-14 10:28:00-04:00,50.97050094604492,50.98500061035156,50.959999084472656,50.959999084472656,50.959999084472656,1775
2024-03-14 10:30:00-04:00,50.95500183105469,50.9900016784668,50.95500183105469,50.970001220703125,50.970001220703125,5547
2024-03-14 10:32:00-04:00,50.97999954223633,51.0,50.96039962768555,50.97999954223633,50.97999954223633,4827
2024-03-14 10:34:00-04:00,50.97999954223633,51.03499984741211,50.95000076293945,51.02000045776367,51.02000045776367,4755
2024-03-14 10:36:00-04:00,51.029998779296875,51.040000915527344,51.0099983215332,51.0099983215332,51.0099983215332,2184
2024-03-14 10:38:00-04:00,51.0,51.03499984741211,51.0,51.02000045776367,51.02000045776367,1044
2024-03-14 10:40:00-04:00,51.029998779296875,51.04999923706055,51.029998779296875,51.04499816894531,51.04499816894531,5092
2024-03-14 10:42:00-04:00,51.04999923706055,51.04999923706055,51.005001068115234,51.0099983215332,51.0099983215332,1945
2024-03-14 10:44:00-04:00,51.0,51.005001068115234,50.96500015258789,50.9900016784668,50.9900016784668,4033
2024-03-14 10:46:00-04:00,51.0,51.0,50.97999954223633,50.994998931884766,50.994998931884766,2253
2024-03-14 10:48:00-04:00,51.0,51.04999923706055,51.0,51.029998779296875,51.029998779296875,3890
2024-03-14 10:50:00-04:00,51.029998779296875,51.029998779296875,51.0,51.02000045776367,51.02000045776367,2450
2024-03-14 10:52:00-04:00,51.0099983215332,51.0099983215332,50.970001220703125,50.970001220703125,50.970001220703125,5491
2024-03-14 10:54:00-04:00,50.939998626708984,50.939998626708984,50.89500045776367,50.904998779296875,50.904998779296875,1896
2024-03-14 10:56:00-04:00,50.90999984741211,50.950199127197266,50.90999984741211,50.950199127197266,50.950199127197266,1586
2024-03-14 10:58:00-04:00,50.959999084472656,51.0,50.95500183105469,50.95500183105469,50.95500183105469,4043
2024-03-14 11:00:00-04:00,50.939998626708984,50.970001220703125,50.90999984741211,50.90999984741211,50.90999984741211,1987
2024-03-14 11:02:00-04:00,50.91999816894531,50.959999084472656,50.91999816894531,50.935001373291016,50.935001373291016,2504
2024-03-14 11:04:00-04:00,50.93000030517578,50.939998626708984,50.88999938964844,50.939998626708984,50.939998626708984,4658
2024-03-14 11:06:00-04:00,50.93000030517578,50.94499969482422,50.91999816894531,50.91999816894531,50.91999816894531,770
2024-03-14 11:08:00-04:00,50.900001525878906,50.92499923706055,50.88999938964844,50.92499923706055,50.92499923706055,2371
2024-03-14 11:10:00-04:00,50.92499923706055,50.935001373291016,50.900001525878906,50.91999816894531,50.91999816894531,2609
2024-03-14 11:12:00-04:00,50.92499923706055,50.935001373291016,50.91999816894531,50.935001373291016,50.935001373291016,4691
2024-03-14 11:14:00-04:00,50.91999816894531,50.93000030517578,50.90999984741211,50.93000030517578,50.93000030517578,2257
2024-03-14 11:16:00-04:00,50.90999984741211,50.93000030517578,50.90999984741211,50.90999984741211,50.90999984741211,13164
2024-03-14 11:18:00-04:00,50.904998779296875,50.91999816894531,50.88999938964844,50.89500045776367,50.89500045776367,2711
2024-03-14 11:20:00-04:00,50.900001525878906,50.93000030517578,50.88999938964844,50.93000030517578,50.93000030517578,3878
2024-03-14 11:22:00-04:00,50.92499923706055,50.935001373291016,50.92499923706055,50.935001373291016,50.935001373291016,1855
2024-03-14 11:24:00-04:00,50.935001373291016,50.94499969482422,50.93000030517578,50.93000030517578,50.93000030517578,3929
2024-03-14 11:26:00-04:00,50.91999816894531,50.94499969482422,50.91999816894531,50.94499969482422,50.94499969482422,3201
2024-03-14 11:28:00-04:00,50.94499969482422,50.959999084472656,50.915000915527344,50.93000030517578,50.93000030517578,4161
2024-03-14 11:30:00-04:00,50.94499969482422,50.95500183105469,50.89500045776367,50.91999816894531,50.91999816894531,4024
2024-03-14 11:32:00-04:00,50.91999816894531,50.92499923706055,50.8849983215332,50.88999938964844,50.88999938964844,2711
2024-03-14 11:34:00-04:00,50.869998931884766,50.880001068115234,50.84000015258789,50.84000015258789,50.84000015258789,1805
2024-03-14 11:36:00-04:00,50.85499954223633,50.915000915527344,50.85499954223633,50.90999984741211,50.90999984741211,3076
2024-03-14 11:38:00-04:00,50.915000915527344,50.935001373291016,50.90999984741211,50.90999984741211,50.90999984741211,2042
2024-03-14 11:40:00-04:00,50.93000030517578,50.93730163574219,50.91999816894531,50.93000030517578,50.93000030517578,1670
2024-03-14 11:42:00-04:00,50.93000030517578,50.939998626708984,50.93000030517578,50.935001373291016,50.935001373291016,1070
2024-03-14 11:44:00-04:00,50.935001373291016,50.935001373291016,50.91999816894531,50.91999816894531,50.91999816894531,1822
2024-03-14 11:46:00-04:00,50.93000030517578,50.939998626708984,50.91999816894531,50.93000030517578,50.93000030517578,4705
2024-03-14 11:48:00-04:00,50.93000030517578,50.9900016784668,50.93000030517578,50.9900016784668,50.9900016784668,2446
2024-03-14 11:50:00-04:00,50.9900016784668,50.9900016784668,50.98249816894531,50.9900016784668,50.9900016784668,5101
2024-03-14 11:52:00-04:00,51.040000915527344,51.05500030517578,51.040000915527344,51.040000915527344,51.040000915527344,155492
2024-03-14 11:54:00-04:00,51.029998779296875,51.08000183105469,51.029998779296875,51.07600021362305,51.07600021362305,2355
2024-03-14 11:56:00-04:00,51.09000015258789,51.099998474121094,51.084999084472656,51.084999084472656,51.084999084472656,3126
2024-03-14 11:58:00-04:00,51.099998474121094,51.099998474121094,51.08000183105469,51.08000183105469,51.08000183105469,2063
2024-03-14 12:00:00-04:00,51.08000183105469,51.08000183105469,51.060001373291016,51.060001373291016,51.060001373291016,1489
2024-03-14 12:02:00-04:00,51.05459976196289,51.08000183105469,51.05459976196289,51.08000183105469,51.08000183105469,1474
2024-03-14 12:04:00-04:00,51.089698791503906,51.119998931884766,51.089698791503906,51.119998931884766,51.119998931884766,861
2024-03-14 12:06:00-04:00,51.119998931884766,51.1349983215332,51.119998931884766,51.1349983215332,51.1349983215332,1460
2024-03-14 12:08:00-04:00,51.1150016784668,51.130001068115234,51.10499954223633,51.130001068115234,51.130001068115234,2537
2024-03-14 12:10:00-04:00,51.130001068115234,51.13999938964844,51.060001373291016,51.06999969482422,51.06999969482422,2202
2024-03-14 12:12:00-04:00,51.08000183105469,51.08000183105469,51.060001373291016,51.064998626708984,51.064998626708984,1391
2024-03-14 12:14:00-04:00,51.040000915527344,51.05929946899414,51.040000915527344,51.05929946899414,51.05929946899414,1652
2024-03-14 12:16:00-04:00,51.02000045776367,51.02000045776367,51.02000045776367,51.02000045776367,51.02000045776367,345
2024-03-14 12:18:00-04:00,51.025001525878906,51.03499984741211,51.0,51.02000045776367,51.02000045776367,3355
2024-03-14 12:20:00-04:00,51.020999908447266,51.04999923706055,51.020999908447266,51.04999923706055,51.04999923706055,2532
2024-03-14 12:22:00-04:00,51.040000915527344,51.09000015258789,51.040000915527344,51.09000015258789,51.09000015258789,1919
2024-03-14 12:24:00-04:00,51.099998474121094,51.11000061035156,51.084999084472656,51.084999084472656,51.084999084472656,1704
2024-03-14 12:26:00-04:00,51.09000015258789,51.095001220703125,51.029998779296875,51.040000915527344,51.040000915527344,3681
2024-03-14 12:28:00-04:00,51.040000915527344,51.06999969482422,51.040000915527344,51.06079864501953,51.06079864501953,2173
2024-03-14 12:30:00-04:00,51.04999923706055,51.04999923706055,51.040000915527344,51.04999923706055,51.04999923706055,2181
2024-03-14 12:32:00-04:00,51.03499984741211,51.03499984741211,51.01729965209961,51.02000045776367,51.02000045776367,1267
2024-03-14 12:34:00-04:00,51.02000045776367,51.03499984741211,51.02000045776367,51.03499984741211,51.03499984741211,1525
2024-03-14 12:36:00-04:00,51.02000045776367,51.02000045776367,51.0099983215332,51.019100189208984,51.019100189208984,1163
2024-03-14 12:38:00-04:00,51.02000045776367,51.04999923706055,51.02000045776367,51.04079818725586,51.04079818725586,3373
2024-03-14 12:40:00-04:00,51.040000915527344,51.040000915527344,51.005001068115234,51.005001068115234,51.005001068115234,3186
2024-03-14 12:42:00-04:00,50.9900016784668,50.994998931884766,50.95500183105469,50.95500183105469,50.95500183105469,1979
2024-03-14 12:44:00-04:00,50.96500015258789,50.96500015258789,50.939998626708984,50.95000076293945,50.95000076293945,3367
2024-03-14 12:46:00-04:00,50.939998626708984,50.95000076293945,50.91999816894531,50.91999816894531,50.91999816894531,1757
2024-03-14 12:48:00-04:00,50.915000915527344,50.91999816894531,50.900001525878906,50.90999984741211,50.90999984741211,2403
2024-03-14 12:50:00-04:00,50.900001525878906,50.90999984741211,50.8849983215332,50.8849983215332,50.8849983215332,2067
2024-03-14 12:52:00-04:00,50.88999938964844,50.904998779296875,50.88999938964844,50.88999938964844,50.88999938964844,1759
2024-03-14 12:54:00-04:00,50.88999938964844,50.900001525878906,50.845401763916016,50.845401763916016,50.845401763916016,3106
2024-03-14 12:56:00-04:00,50.84000015258789,50.84000015258789,50.814998626708984,50.82500076293945,50.82500076293945,4556
2024-03-14 12:58:00-04:00,50.81999969482422,50.83000183105469,50.77000045776367,50.77000045776367,50.77000045776367,7022
2024-03-14 13:00:00-04:00,50.790000915527344,50.81999969482422,50.790000915527344,50.81999969482422,50.81999969482422,3898
2024-03-14 13:02:00-04:00,50.880001068115234,50.88589859008789,50.880001068115234,50.8849983215332,50.8849983215332,1035
2024-03-14 13:04:00-04:00,50.88999938964844,50.900001525878906,50.88999938964844,50.900001525878906,50.900001525878906,1733
2024-03-14 13:06:00-04:00,50.900001525878906,50.93000030517578,50.887699127197266,50.93000030517578,50.93000030517578,1885
2024-03-14 13:08:00-04:00,50.91999816894531,50.939998626708984,50.91999816894531,50.939998626708984,50.939998626708984,1088
2024-03-14 13:10:00-04:00,50.95000076293945,50.95000076293945,50.91999816894531,50.91999816894531,50.91999816894531,961
2024-03-14 13:12:00-04:00,50.93000030517578,50.935001373291016,50.900001525878906,50.904998779296875,50.904998779296875,1541
2024-03-14 13:14:00-04:00,50.90010070800781,50.90679931640625,50.88999938964844,50.90679931640625,50.90679931640625,2043
2024-03-14 13:16:00-04:00,50.91849899291992,50.91999816894531,50.915000915527344,50.91999816894531,50.91999816894531,1326
2024-03-14 13:18:00-04:00,50.915000915527344,50.91999816894531,50.8849983215332,50.88999938964844,50.88999938964844,2398
2024-03-14 13:20:00-04:00,50.8849983215332,50.8849983215332,50.83000183105469,50.834999084472656,50.834999084472656,1859
2024-03-14 13:22:00-04:00,50.81999969482422,50.81999969482422,50.810001373291016,50.814998626708984,50.814998626708984,2783
2024-03-14 13:24:00-04:00,50.810001373291016,50.810001373291016,50.79499816894531,50.810001373291016,50.810001373291016,2337
2024-03-14 13:26:00-04:00,50.81999969482422,50.83000183105469,50.819698333740234,50.82500076293945,50.82500076293945,1676
2024-03-14 13:28:00-04:00,50.83000183105469,50.83000183105469,50.82500076293945,50.82500076293945,50.82500076293945,868
2024-03-14 13:30:00-04:00,50.83000183105469,50.83000183105469,50.79499816894531,50.79999923706055,50.79999923706055,1741
2024-03-14 13:32:00-04:00,50.79999923706055,50.834999084472656,50.79999923706055,50.834999084472656,50.834999084472656,2600
2024-03-14 13:34:00-04:00,50.82500076293945,50.84000015258789,50.79999923706055,50.79999923706055,50.79999923706055,3721
2024-03-14 13:36:00-04:00,50.790000915527344,50.81999969482422,50.790000915527344,50.81999969482422,50.81999969482422,2028
2024-03-14 13:38:00-04:00,50.81999969482422,50.82500076293945,50.78499984741211,50.78499984741211,50.78499984741211,3135
2024-03-14 13:40:00-04:00,50.779998779296875,50.78499984741211,50.7400016784668,50.7400016784668,50.7400016784668,246476
2024-03-14 13:42:00-04:00,50.73899841308594,50.7400016784668,50.709999084472656,50.724998474121094,50.724998474121094,3749
2024-03-14 13:44:00-04:00,50.7400016784668,50.78499984741211,50.7400016784668,50.78499984741211,50.78499984741211,1633
2024-03-14 13:46:00-04:00,50.790000915527344,50.810001373291016,50.790000915527344,50.79499816894531,50.79499816894531,2079
2024-03-14 13:48:00-04:00,50.79499816894531,50.80500030517578,50.77000045776367,50.77000045776367,50.77000045776367,1872
2024-03-14 13:50:00-04:00,50.76499938964844,50.779998779296875,50.755001068115234,50.779998779296875,50.779998779296875,3033
2024-03-14 13:52:00-04:00,50.790000915527344,50.814998626708984,50.790000915527344,50.814998626708984,50.814998626708984,2284
2024-03-14 13:54:00-04:00,50.810001373291016,50.810001373291016,50.790000915527344,50.79499816894531,50.79499816894531,2871
2024-03-14 13:56:00-04:00,50.79499816894531,50.810001373291016,50.790000915527344,50.810001373291016,50.810001373291016,2849
2024-03-14 13:58:00-04:00,50.810001373291016,50.845001220703125,50.80500030517578,50.834999084472656,50.834999084472656,6812
2024-03-14 14:00:00-04:00,50.834999084472656,50.88999938964844,50.834999084472656,50.88999938964844,50.88999938964844,4012
2024-03-14 14:02:00-04:00,50.89500045776367,50.90999984741211,50.89500045776367,50.90999984741211,50.90999984741211,2284
2024-03-14 14:04:00-04:00,50.90999984741211,50.939998626708984,50.89580154418945,50.90999984741211,50.90999984741211,4454
2024-03-14 14:06:00-04:00,50.90999984741211,50.92499923706055,50.904998779296875,50.904998779296875,50.904998779296875,5833
2024-03-14 14:08:00-04:00,50.8849983215332,50.88999938964844,50.8650016784668,50.8650016784668,50.8650016784668,2195
2024-03-14 14:10:00-04:00,50.845001220703125,50.849998474121094,50.845001220703125,50.849998474121094,50.849998474121094,1341
2024-03-14 14:12:00-04:00,50.86000061035156,50.869998931884766,50.86000061035156,50.869998931884766,50.869998931884766,2716
2024-03-14 14:14:00-04:00,50.87350082397461,50.915000915527344,50.87350082397461,50.915000915527344,50.915000915527344,2359
2024-03-14 14:16:00-04:00,50.90999984741211,50.92110061645508,50.900001525878906,50.92110061645508,50.92110061645508,1357
2024-03-14 14:18:00-04:00,50.90999984741211,50.91999816894531,50.90999984741211,50.90999984741211,50.90999984741211,1730
2024-03-14 14:20:00-04:00,50.915000915527344,50.91999816894531,50.904998779296875,50.91999816894531,50.91999816894531,1845
2024-03-14 14:22:00-04:00,50.93000030517578,50.935001373291016,50.915000915527344,50.915000915527344,50.915000915527344,1621
2024-03-14 14:24:00-04:00,50.915000915527344,50.939998626708984,50.915000915527344,50.93000030517578,50.93000030517578,3177
2024-03-14 14:26:00-04:00,50.939998626708984,50.94499969482422,50.935001373291016,50.939998626708984,50.939998626708984,1918
2024-03-14 14:28:00-04:00,50.95989990234375,50.95989990234375,50.94499969482422,50.95000076293945,50.95000076293945,1181
2024-03-14 14:30:00-04:00,50.95500183105469,50.95500183105469,50.88999938964844,50.88999938964844,50.88999938964844,3531
2024-03-14 14:32:00-04:00,50.88999938964844,50.91999816894531,50.88999938964844,50.91999816894531,50.91999816894531,1829
2024-03-14 14:34:00-04:00,50.93000030517578,50.95000076293945,50.93000030517578,50.935001373291016,50.935001373291016,1667
2024-03-14 14:36:00-04:00,50.93000030517578,50.93000030517578,50.90999984741211,50.92499923706055,50.92499923706055,2895
2024-03-14 14:38:00-04:00,50.93000030517578,50.95000076293945,50.93000030517578,50.94990158081055,50.94990158081055,1889
2024-03-14 14:40:00-04:00,50.9546012878418,50.96500015258789,50.95000076293945,50.96500015258789,50.96500015258789,4115
2024-03-14 14:42:00-04:00,50.96500015258789,50.970001220703125,50.95000076293945,50.95000076293945,50.95000076293945,2825
2024-03-14 14:44:00-04:00,50.95500183105469,50.95500183105469,50.904998779296875,50.90999984741211,50.90999984741211,4329
2024-03-14 14:46:00-04:00,50.904998779296875,50.915000915527344,50.904998779296875,50.915000915527344,50.915000915527344,3664
2024-03-14 14:48:00-04:00,50.904998779296875,50.904998779296875,50.85499954223633,50.88999938964844,50.88999938964844,5146
2024-03-14 14:50:00-04:00,50.8849983215332,50.939998626708984,50.8849983215332,50.935001373291016,50.935001373291016,8557
2024-03-14 14:52:00-04:00,50.93000030517578,50.93000030517578,50.900001525878906,50.904998779296875,50.904998779296875,4075
2024-03-14 14:54:00-04:00,50.904998779296875,50.904998779296875,50.8650016784668,50.8650016784668,50.8650016784668,5472
2024-03-14 14:56:00-04:00,50.86000061035156,50.86000061035156,50.814998626708984,50.814998626708984,50.814998626708984,5629
2024-03-14 14:58:00-04:00,50.82500076293945,50.82500076293945,50.79499816894531,50.810001373291016,50.810001373291016,4369
2024-03-14 15:00:00-04:00,50.79999923706055,50.79999923706055,50.7400016784668,50.7400016784668,50.7400016784668,5288
2024-03-14 15:02:00-04:00,50.744998931884766,50.744998931884766,50.70000076293945,50.70000076293945,50.70000076293945,4554
2024-03-14 15:04:00-04:00,50.70000076293945,50.70000076293945,50.650001525878906,50.67499923706055,50.67499923706055,49716
2024-03-14 15:06:00-04:00,50.689998626708984,50.689998626708984,50.63999938964844,50.63999938964844,50.63999938964844,7042
2024-03-14 15:08:00-04:00,50.625,50.650001525878906,50.625,50.650001525878906,50.650001525878906,6138
2024-03-14 15:10:00-04:00,50.63999938964844,50.685001373291016,50.6349983215332,50.654998779296875,50.654998779296875,8798
2024-03-14 15:12:00-04:00,50.654998779296875,50.68000030517578,50.6349983215332,50.68000030517578,50.68000030517578,6736
2024-03-14 15:14:00-04:00,50.67499923706055,50.67499923706055,50.6150016784668,50.6150016784668,50.6150016784668,7012
2024-03-14 15:16:00-04:00,50.6150016784668,50.630001068115234,50.595001220703125,50.60499954223633,50.60499954223633,6634
2024-03-14 15:18:00-04:00,50.599998474121094,50.6349983215332,50.599998474121094,50.630001068115234,50.630001068115234,2920
2024-03-14 15:20:00-04:00,50.619998931884766,50.68000030517578,50.61000061035156,50.68000030517578,50.68000030517578,3503
2024-03-14 15:22:00-04:00,50.67499923706055,50.70000076293945,50.67499923706055,50.70000076293945,50.70000076293945,5128
2024-03-14 15:24:00-04:00,50.720001220703125,50.73500061035156,50.720001220703125,50.724998474121094,50.724998474121094,7620
2024-03-14 15:26:00-04:00,50.724998474121094,50.744998931884766,50.720001220703125,50.7400016784668,50.7400016784668,413524
2024-03-14 15:28:00-04:00,50.744998931884766,50.755001068115234,50.7400016784668,50.744998931884766,50.744998931884766,1119
2024-03-14 15:30:00-04:00,50.75,50.775001525878906,50.720001220703125,50.720001220703125,50.720001220703125,5065
2024-03-14 15:32:00-04:00,50.720001220703125,50.755001068115234,50.720001220703125,50.73500061035156,50.73500061035156,421597
2024-03-14 15:34:00-04:00,50.731998443603516,50.731998443603516,50.65999984741211,50.665401458740234,50.665401458740234,3883
2024-03-14 15:36:00-04:00,50.65999984741211,50.71500015258789,50.65999984741211,50.709999084472656,50.709999084472656,5417
2024-03-14 15:38:00-04:00,50.720001220703125,50.75,50.720001220703125,50.73500061035156,50.73500061035156,4030
2024-03-14 15:40:00-04:00,50.73500061035156,50.779998779296875,50.72999954223633,50.779998779296875,50.779998779296875,5196
2024-03-14 15:42:00-04:00,50.790000915527344,50.80500030517578,50.7599983215332,50.79999923706055,50.79999923706055,5733
2024-03-14 15:44:00-04:00,50.810001373291016,50.845001220703125,50.810001373291016,50.834999084472656,50.834999084472656,8166
2024-03-14 15:46:00-04:00,50.834999084472656,50.880001068115234,50.82500076293945,50.875,50.875,8208
2024-03-14 15:48:00-04:00,50.880001068115234,50.93000030517578,50.880001068115234,50.897499084472656,50.897499084472656,11584
2024-03-14 15:50:00-04:00,50.900001525878906,50.95500183105469,50.85499954223633,50.95000076293945,50.95000076293945,13831
2024-03-14 15:52:00-04:00,50.95500183105469,50.95500183105469,50.91999816894531,50.95000076293945,50.95000076293945,14253
2024-03-14 15:54:00-04:00,50.95000076293945,50.974998474121094,50.93000030517578,50.935001373291016,50.935001373291016,33147
2024-03-14 15:56:00-04:00,50.939998626708984,50.959999084472656,50.89500045776367,50.915000915527344,50.915000915527344,44225
2024-03-14 15:58:00-04:00,50.915000915527344,50.95000076293945,50.900001525878906,50.95000076293945,50.95000076293945,60457
2024-03-15 09:30:00-04:00,50.81999969482422,51.30500030517578,50.810001373291016,51.27000045776367,51.27000045776367,483331
2024-03-15 09:32:00-04:00,51.29999923706055,51.29999923706055,51.220001220703125,51.220001220703125,51.220001220703125,1705
2024-03-15 09:34:00-04:00,51.2599983215332,51.31999969482422,51.25,51.31999969482422,51.31999969482422,888
2024-03-15 09:36:00-04:00,51.28499984741211,51.34000015258789,51.2599983215332,51.29499816894531,51.29499816894531,19494
2024-03-15 09:38:00-04:00,51.279998779296875,51.310001373291016,51.25,51.279998779296875,51.279998779296875,1049
2024-03-15 09:40:00-04:00,51.2400016784668,51.38999938964844,51.2400016784668,51.369998931884766,51.369998931884766,3151
2024-03-15 09:42:00-04:00,51.34000015258789,51.41999816894531,51.34000015258789,51.41999816894531,51.41999816894531,1582
2024-03-15 09:44:00-04:00,51.38999938964844,51.38999938964844,51.27000045776367,51.27000045776367,51.27000045776367,3248
2024-03-15 09:46:00-04:00,51.27000045776367,51.27000045776367,51.20000076293945,51.20000076293945,51.20000076293945,2281
2024-03-15 09:48:00-04:00,51.20000076293945,51.220001220703125,51.189998626708984,51.220001220703125,51.220001220703125,21629
2024-03-15 09:50:00-04:00,51.21500015258789,51.290000915527344,51.21500015258789,51.27000045776367,51.27000045776367,990
2024-03-15 09:52:00-04:00,51.22999954223633,51.22999954223633,51.150001525878906,51.150001525878906,51.150001525878906,1053
2024-03-15 09:54:00-04:00,51.119998931884766,51.130001068115234,51.09000015258789,51.099998474121094,51.099998474121094,2073
2024-03-15 09:56:00-04:00,51.08000183105469,51.099998474121094,51.08000183105469,51.099998474121094,51.099998474121094,6781
2024-03-15 09:58:00-04:00,51.119998931884766,51.119998931884766,51.119998931884766,51.119998931884766,51.119998931884766,694
2024-03-15 10:00:00-04:00,51.1150016784668,51.130001068115234,51.029998779296875,51.06999969482422,51.06999969482422,4278
2024-03-15 10:02:00-04:00,51.130001068115234,51.16999816894531,51.130001068115234,51.15999984741211,51.15999984741211,1963
2024-03-15 10:04:00-04:00,51.15999984741211,51.20000076293945,51.14500045776367,51.189998626708984,51.189998626708984,6442
2024-03-15 10:06:00-04:00,51.189998626708984,51.277000427246094,51.18000030517578,51.2599983215332,51.2599983215332,2995
2024-03-15 10:08:00-04:00,51.2599983215332,51.2765007019043,51.244998931884766,51.2765007019043,51.2765007019043,1797
2024-03-15 10:10:00-04:00,51.310001373291016,51.349998474121094,51.310001373291016,51.345001220703125,51.345001220703125,1528
2024-03-15 10:12:00-04:00,51.36000061035156,51.400001525878906,51.349998474121094,51.369998931884766,51.369998931884766,3551
2024-03-15 10:14:00-04:00,51.349998474121094,51.349998474121094,51.27000045776367,51.27000045776367,51.27000045776367,2630
2024-03-15 10:16:00-04:00,51.279998779296875,51.314998626708984,51.279998779296875,51.28990173339844,51.28990173339844,2401
2024-03-15 10:18:00-04:00,51.27000045776367,51.290000915527344,51.25,51.290000915527344,51.290000915527344,3991
2024-03-15 10:20:00-04:00,51.30500030517578,51.31999969482422,51.30500030517578,51.310001373291016,51.310001373291016,1203
2024-03-15 10:22:00-04:00,51.29999923706055,51.31999969482422,51.28499984741211,51.28499984741211,51.28499984741211,3953
2024-03-15 10:24:00-04:00,51.29999923706055,51.33000183105469,51.28499984741211,51.29999923706055,51.29999923706055,2633
2024-03-15 10:26:00-04:00,51.31999969482422,51.33829879760742,51.29999923706055,51.29999923706055,51.29999923706055,1398
2024-03-15 10:28:00-04:00,51.310001373291016,51.34000015258789,51.290000915527344,51.33000183105469,51.33000183105469,4122
2024-03-15 10:30:00-04:00,51.31999969482422,51.349998474121094,51.29499816894531,51.349998474121094,51.349998474121094,3943
2024-03-15 10:32:00-04:00,51.36000061035156,51.39500045776367,51.35499954223633,51.39500045776367,51.39500045776367,1559
2024-03-15 10:34:00-04:00,51.400001525878906,51.400001525878906,51.33000183105469,51.33000183105469,51.33000183105469,3942
2024-03-15 10:36:00-04:00,51.31999969482422,51.33000183105469,51.29999923706055,51.33000183105469,51.33000183105469,1351
2024-03-15 10:38:00-04:00,51.32699966430664,51.380001068115234,51.32699966430664,51.380001068115234,51.380001068115234,2059
2024-03-15 10:40:00-04:00,51.400001525878906,51.459999084472656,51.400001525878906,51.40999984741211,51.40999984741211,4063
2024-03-15 10:42:00-04:00,51.400001525878906,51.415000915527344,51.380001068115234,51.415000915527344,51.415000915527344,1826
2024-03-15 10:44:00-04:00,51.429901123046875,51.439998626708984,51.429901123046875,51.43000030517578,51.43000030517578,1599
2024-03-15 10:46:00-04:00,51.45500183105469,51.5,51.45500183105469,51.5,51.5,1926
2024-03-15 10:48:00-04:00,51.4900016784668,51.5,51.459999084472656,51.470001220703125,51.470001220703125,6156
2024-03-15 10:50:00-04:00,51.459999084472656,51.459999084472656,51.41999816894531,51.41999816894531,51.41999816894531,4293
2024-03-15 10:52:00-04:00,51.41999816894531,51.435001373291016,51.400001525878906,51.435001373291016,51.435001373291016,9245
2024-03-15 10:54:00-04:00,51.43000030517578,51.46950149536133,51.41999816894531,51.44499969482422,51.44499969482422,108739
2024-03-15 10:56:00-04:00,51.439998626708984,51.459999084472656,51.40999984741211,51.40999984741211,51.40999984741211,2817
2024-03-15 10:58:00-04:00,51.40999984741211,51.470001220703125,51.380001068115234,51.46500015258789,51.46500015258789,82885
2024-03-15 11:00:00-04:00,51.470001220703125,51.470001220703125,51.41999816894531,51.41999816894531,51.41999816894531,6990
2024-03-15 11:02:00-04:00,51.43000030517578,51.43000030517578,51.40999984741211,51.40999984741211,51.40999984741211,3663
2024-03-15 11:04:00-04:00,51.41999816894531,51.41999816894531,51.39500045776367,51.400001525878906,51.400001525878906,3465
2024-03-15 11:06:00-04:00,51.3849983215332,51.3849983215332,51.29999923706055,51.29999923706055,51.29999923706055,2970
2024-03-15 11:08:00-04:00,51.290000915527344,51.290000915527344,51.244998931884766,51.259498596191406,51.259498596191406,4059
2024-03-15 11:10:00-04:00,51.2599983215332,51.290000915527344,51.244998931884766,51.290000915527344,51.290000915527344,2189
2024-03-15 11:12:00-04:00,51.279998779296875,51.29999923706055,51.279998779296875,51.29499816894531,51.29499816894531,1885
2024-03-15 11:14:00-04:00,51.29499816894531,51.29499816894531,51.2599983215332,51.29499816894531,51.29499816894531,3160
2024-03-15 11:16:00-04:00,51.31990051269531,51.31990051269531,51.30500030517578,51.30500030517578,51.30500030517578,381
2024-03-15 11:18:00-04:00,51.314998626708984,51.31999969482422,51.29999923706055,51.29999923706055,51.29999923706055,1219
2024-03-15 11:20:00-04:00,51.290000915527344,51.290000915527344,51.27000045776367,51.290000915527344,51.290000915527344,3027
2024-03-15 11:22:00-04:00,51.290000915527344,51.34519958496094,51.290000915527344,51.34000015258789,51.34000015258789,2174
2024-03-15 11:24:00-04:00,51.36000061035156,51.36000061035156,51.345001220703125,51.345001220703125,51.345001220703125,840
2024-03-15 11:26:00-04:00,51.34000015258789,51.349998474121094,51.33000183105469,51.33000183105469,51.33000183105469,3202
2024-03-15 11:28:00-04:00,51.34000015258789,51.34000015258789,51.32500076293945,51.32500076293945,51.32500076293945,1574
2024-03-15 11:30:00-04:00,51.31999969482422,51.31999969482422,51.310001373291016,51.31999969482422,51.31999969482422,1896
2024-03-15 11:32:00-04:00,51.349998474121094,51.349998474121094,51.349998474121094,51.349998474121094,51.349998474121094,229
2024-03-15 11:34:00-04:00,51.34000015258789,51.34000015258789,51.290000915527344,51.290000915527344,51.290000915527344,2290
2024-03-15 11:36:00-04:00,51.29999923706055,51.300498962402344,51.29999923706055,51.300498962402344,51.300498962402344,326
2024-03-15 11:38:00-04:00,51.30500030517578,51.30500030517578,51.28960037231445,51.28960037231445,51.28960037231445,2204
2024-03-15 11:40:00-04:00,51.290000915527344,51.290000915527344,51.25,51.25,51.25,2465
2024-03-15 11:42:00-04:00,51.25,51.27000045776367,51.244998931884766,51.269901275634766,51.269901275634766,1319
2024-03-15 11:44:00-04:00,51.2400016784668,51.25,51.22999954223633,51.244998931884766,51.244998931884766,1739
2024-03-15 11:46:00-04:00,51.25,51.28499984741211,51.25,51.26499938964844,51.26499938964844,2085
2024-03-15 11:48:00-04:00,51.2599983215332,51.27000045776367,51.2599983215332,51.27000045776367,51.27000045776367,774
2024-03-15 11:50:00-04:00,51.27000045776367,51.32500076293945,51.27000045776367,51.30500030517578,51.30500030517578,132634
2024-03-15 11:52:00-04:00,51.310001373291016,51.310001373291016,51.279998779296875,51.279998779296875,51.279998779296875,1903
2024-03-15 11:54:00-04:00,51.27000045776367,51.28499984741211,51.2599983215332,51.279998779296875,51.279998779296875,158794
2024-03-15 11:56:00-04:00,51.279998779296875,51.279998779296875,51.2400016784668,51.2400016784668,51.2400016784668,608
2024-03-15 11:58:00-04:00,51.2400016784668,51.27000045776367,51.2400016784668,51.27000045776367,51.27000045776367,1532
2024-03-15 12:00:00-04:00,51.26499938964844,51.27000045776367,51.2400016784668,51.2599983215332,51.2599983215332,2003
2024-03-15 12:02:00-04:00,51.255001068115234,51.255001068115234,51.22629928588867,51.22629928588867,51.22629928588867,2827
2024-03-15 12:04:00-04:00,51.22999954223633,51.2400016784668,51.209999084472656,51.220001220703125,51.220001220703125,2058
2024-03-15 12:06:00-04:00,51.220001220703125,51.220001220703125,51.189998626708984,51.189998626708984,51.189998626708984,2132
2024-03-15 12:08:00-04:00,51.20000076293945,51.244998931884766,51.20000076293945,51.2400016784668,51.2400016784668,5290
2024-03-15 12:10:00-04:00,51.20000076293945,51.21500015258789,51.20000076293945,51.21500015258789,51.21500015258789,2108
2024-03-15 12:12:00-04:00,51.18000030517578,51.209999084472656,51.15999984741211,51.189998626708984,51.189998626708984,3930
2024-03-15 12:14:00-04:00,51.189998626708984,51.20500183105469,51.185001373291016,51.185001373291016,51.185001373291016,3662
2024-03-15 12:16:00-04:00,51.15999984741211,51.23059844970703,51.15999984741211,51.220001220703125,51.220001220703125,4440
2024-03-15 12:18:00-04:00,51.220001220703125,51.220001220703125,51.18000030517578,51.18000030517578,51.18000030517578,1028
2024-03-15 12:20:00-04:00,51.18000030517578,51.185001373291016,51.16999816894531,51.16999816894531,51.16999816894531,1566
2024-03-15 12:22:00-04:00,51.18000030517578,51.21500015258789,51.18000030517578,51.21500015258789,51.21500015258789,1950
2024-03-15 12:24:00-04:00,51.23500061035156,51.23500061035156,51.22999954223633,51.23500061035156,51.23500061035156,3441
2024-03-15 12:26:00-04:00,51.209999084472656,51.209999084472656,51.20000076293945,51.20000076293945,51.20000076293945,683
2024-03-15 12:28:00-04:00,51.209999084472656,51.209999084472656,51.18000030517578,51.209999084472656,51.209999084472656,3652
2024-03-15 12:30:00-04:00,51.220001220703125,51.22999954223633,51.20940017700195,51.22999954223633,51.22999954223633,2840
2024-03-15 12:32:00-04:00,51.2400016784668,51.25,51.220001220703125,51.224998474121094,51.224998474121094,1867
2024-03-15 12:34:00-04:00,51.220001220703125,51.220001220703125,51.18000030517578,51.18000030517578,51.18000030517578,204149
2024-03-15 12:36:00-04:00,51.185001373291016,51.189998626708984,51.16999816894531,51.18000030517578,51.18000030517578,983
2024-03-15 12:38:00-04:00,51.18000030517578,51.189998626708984,51.18000030517578,51.18000030517578,51.18000030517578,1162
2024-03-15 12:40:00-04:00,51.18000030517578,51.189998626708984,51.16910171508789,51.16910171508789,51.16910171508789,3045
2024-03-15 12:42:00-04:00,51.18000030517578,51.18000030517578,51.130001068115234,51.130001068115234,51.130001068115234,3333
2024-03-15 12:44:00-04:00,51.1349983215332,51.150001525878906,51.130001068115234,51.1349983215332,51.1349983215332,1887
2024-03-15 12:46:00-04:00,51.125,51.130001068115234,51.11000061035156,51.130001068115234,51.130001068115234,2806
2024-03-15 12:48:00-04:00,51.119998931884766,51.119998931884766,51.09000015258789,51.099998474121094,51.099998474121094,4460
2024-03-15 12:50:00-04:00,51.10499954223633,51.130001068115234,51.10499954223633,51.130001068115234,51.130001068115234,4197
2024-03-15 12:52:00-04:00,51.1349983215332,51.15999984741211,51.1349983215332,51.13999938964844,51.13999938964844,2991
2024-03-15 12:54:00-04:00,51.154998779296875,51.220001220703125,51.150001525878906,51.18000030517578,51.18000030517578,5273
2024-03-15 12:56:00-04:00,51.17499923706055,51.18000030517578,51.14500045776367,51.14500045776367,51.14500045776367,2412
2024-03-15 12:58:00-04:00,51.13999938964844,51.150001525878906,51.13999938964844,51.150001525878906,51.150001525878906,1618
2024-03-15 13:00:00-04:00,51.13999938964844,51.13999938964844,51.10499954223633,51.119998931884766,51.119998931884766,2478
2024-03-15 13:02:00-04:00,51.119998931884766,51.130001068115234,51.1150016784668,51.130001068115234,51.130001068115234,802
2024-03-15 13:04:00-04:00,51.130001068115234,51.1349983215332,51.130001068115234,51.1349983215332,51.1349983215332,507
2024-03-15 13:06:00-04:00,51.150001525878906,51.15999984741211,51.14500045776367,51.150001525878906,51.150001525878906,1868
2024-03-15 13:08:00-04:00,51.154998779296875,51.209999084472656,51.154998779296875,51.209999084472656,51.209999084472656,1053
2024-03-15 13:10:00-04:00,51.2244987487793,51.25,51.220001220703125,51.25,51.25,2178
2024-03-15 13:12:00-04:00,51.255001068115234,51.29999923706055,51.255001068115234,51.29999923706055,51.29999923706055,2572
2024-03-15 13:14:00-04:00,51.29499816894531,51.29999923706055,51.27000045776367,51.27000045776367,51.27000045776367,2932
2024-03-15 13:16:00-04:00,51.255001068115234,51.255001068115234,51.239498138427734,51.239498138427734,51.239498138427734,935
2024-03-15 13:18:00-04:00,51.22999954223633,51.27000045776367,51.224998474121094,51.27000045776367,51.27000045776367,2167
2024-03-15 13:20:00-04:00,51.290000915527344,51.31999969482422,51.290000915527344,51.31999969482422,51.31999969482422,3161
2024-03-15 13:22:00-04:00,51.33000183105469,51.349998474121094,51.31999969482422,51.349998474121094,51.349998474121094,1492
2024-03-15 13:24:00-04:00,51.34000015258789,51.345001220703125,51.310001373291016,51.345001220703125,51.345001220703125,3192
2024-03-15 13:26:00-04:00,51.36000061035156,51.369998931884766,51.33000183105469,51.36000061035156,51.36000061035156,5018
2024-03-15 13:28:00-04:00,51.359798431396484,51.359798431396484,51.32500076293945,51.349998474121094,51.349998474121094,1080
2024-03-15 13:30:00-04:00,51.33000183105469,51.33000183105469,51.31999969482422,51.33000183105469,51.33000183105469,2092
2024-03-15 13:32:00-04:00,51.334999084472656,51.345001220703125,51.33000183105469,51.33000183105469,51.33000183105469,1814
2024-03-15 13:34:00-04:00,51.33000183105469,51.349998474121094,51.33000183105469,51.349998474121094,51.349998474121094,2424
2024-03-15 13:36:00-04:00,51.35499954223633,51.36000061035156,51.32500076293945,51.32500076293945,51.32500076293945,2175
2024-03-15 13:38:00-04:00,51.33000183105469,51.33000183105469,51.290000915527344,51.32500076293945,51.32500076293945,5294
2024-03-15 13:40:00-04:00,51.31999969482422,51.31999969482422,51.310001373291016,51.310001373291016,51.310001373291016,1638
2024-03-15 13:42:00-04:00,51.310001373291016,51.31909942626953,51.290000915527344,51.310001373291016,51.310001373291016,3354
2024-03-15 13:44:00-04:00,51.29999923706055,51.29999923706055,51.27000045776367,51.27000045776367,51.27000045776367,3232
2024-03-15 13:46:00-04:00,51.27000045776367,51.279998779296875,51.2599983215332,51.275001525878906,51.275001525878906,2375
2024-03-15 13:48:00-04:00,51.279998779296875,51.290000915527344,51.279998779296875,51.290000915527344,51.290000915527344,1280
2024-03-15 13:50:00-04:00,51.29499816894531,51.310001373291016,51.279998779296875,51.310001373291016,51.310001373291016,286801
2024-03-15 13:52:00-04:00,51.310001373291016,51.349998474121094,51.310001373291016,51.349998474121094,51.349998474121094,5754
2024-03-15 13:54:00-04:00,51.349998474121094,51.349998474121094,51.33000183105469,51.33000183105469,51.33000183105469,2438
2024-03-15 13:56:00-04:00,51.34000015258789,51.34000015258789,51.31999969482422,51.31999969482422,51.31999969482422,1074
2024-03-15 13:58:00-04:00,51.310001373291016,51.349998474121094,51.310001373291016,51.349998474121094,51.349998474121094,2041
2024-03-15 14:00:00-04:00,51.349998474121094,51.36000061035156,51.34989929199219,51.349998474121094,51.349998474121094,299915
2024-03-15 14:02:00-04:00,51.345001220703125,51.369998931884766,51.334999084472656,51.369998931884766,51.369998931884766,3428
2024-03-15 14:04:00-04:00,51.380001068115234,51.380001068115234,51.34000015258789,51.35499954223633,51.35499954223633,3170
2024-03-15 14:06:00-04:00,51.349998474121094,51.369998931884766,51.34000015258789,51.369998931884766,51.369998931884766,4913
2024-03-15 14:08:00-04:00,51.36000061035156,51.36000061035156,51.345001220703125,51.349998474121094,51.349998474121094,3490
2024-03-15 14:10:00-04:00,51.34000015258789,51.349998474121094,51.320899963378906,51.349998474121094,51.349998474121094,4374
2024-03-15 14:12:00-04:00,51.3650016784668,51.36539840698242,51.334999084472656,51.334999084472656,51.334999084472656,3286
2024-03-15 14:14:00-04:00,51.334999084472656,51.380001068115234,51.334999084472656,51.380001068115234,51.380001068115234,15667
2024-03-15 14:16:00-04:00,51.375,51.380001068115234,51.375,51.37969970703125,51.37969970703125,1898
2024-03-15 14:18:00-04:00,51.389198303222656,51.439998626708984,51.3849983215332,51.439998626708984,51.439998626708984,2357
2024-03-15 14:20:00-04:00,51.439998626708984,51.474998474121094,51.439998626708984,51.46500015258789,51.46500015258789,4179
2024-03-15 14:22:00-04:00,51.47990036010742,51.47999954223633,51.47990036010742,51.47999954223633,51.47999954223633,7879
2024-03-15 14:24:00-04:00,51.47999954223633,51.494998931884766,51.474998474121094,51.494998931884766,51.494998931884766,4461
2024-03-15 14:26:00-04:00,51.47999954223633,51.51499938964844,51.459999084472656,51.4900016784668,51.4900016784668,4827
2024-03-15 14:28:00-04:00,51.48500061035156,51.52750015258789,51.47999954223633,51.525001525878906,51.525001525878906,3526
2024-03-15 14:30:00-04:00,51.52000045776367,51.525001525878906,51.51499938964844,51.52000045776367,51.52000045776367,2436
2024-03-15 14:32:00-04:00,51.529998779296875,51.538700103759766,51.51499938964844,51.52000045776367,51.52000045776367,5139
2024-03-15 14:34:00-04:00,51.52000045776367,51.52750015258789,51.470001220703125,51.481201171875,51.481201171875,4931
2024-03-15 14:36:00-04:00,51.4900016784668,51.52000045776367,51.4900016784668,51.52000045776367,51.52000045776367,3547
2024-03-15 14:38:00-04:00,51.5099983215332,51.5099983215332,51.47999954223633,51.5,51.5,2128
2024-03-15 14:40:00-04:00,51.5,51.52000045776367,51.5,51.50749969482422,51.50749969482422,2727
2024-03-15 14:42:00-04:00,51.5099983215332,51.525001525878906,51.505001068115234,51.525001525878906,51.525001525878906,4047
2024-03-15 14:44:00-04:00,51.52000045776367,51.525001525878906,51.51499938964844,51.525001525878906,51.525001525878906,2182
2024-03-15 14:46:00-04:00,51.525001525878906,51.525001525878906,51.5,51.5,51.5,1583
2024-03-15 14:48:00-04:00,51.494998931884766,51.5099983215332,51.4900016784668,51.4900016784668,51.4900016784668,3979
2024-03-15 14:50:00-04:00,51.5,51.540000915527344,51.5,51.540000915527344,51.540000915527344,6017
2024-03-15 14:52:00-04:00,51.54499816894531,51.55500030517578,51.52000045776367,51.525001525878906,51.525001525878906,4895
2024-03-15 14:54:00-04:00,51.529998779296875,51.55500030517578,51.525001525878906,51.55500030517578,51.55500030517578,2226
2024-03-15 14:56:00-04:00,51.55500030517578,51.577999114990234,51.55500030517578,51.560001373291016,51.560001373291016,4460
2024-03-15 14:58:00-04:00,51.564998626708984,51.56999969482422,51.54499816894531,51.54999923706055,51.54999923706055,2867
2024-03-15 15:00:00-04:00,51.560001373291016,51.56999969482422,51.4900016784668,51.4900016784668,51.4900016784668,8350
2024-03-15 15:02:00-04:00,51.47999954223633,51.540000915527344,51.47999954223633,51.529998779296875,51.529998779296875,7103
2024-03-15 15:04:00-04:00,51.525001525878906,51.53499984741211,51.52000045776367,51.53499984741211,51.53499984741211,3398
2024-03-15 15:06:00-04:00,51.52000045776367,51.560001373291016,51.52000045776367,51.560001373291016,51.560001373291016,2626
2024-03-15 15:08:00-04:00,51.560001373291016,51.595001220703125,51.55500030517578,51.584999084472656,51.584999084472656,400805
2024-03-15 15:10:00-04:00,51.584999084472656,51.584999084472656,51.54499816894531,51.57500076293945,51.57500076293945,2111
2024-03-15 15:12:00-04:00,51.56999969482422,51.56999969482422,51.529998779296875,51.540000915527344,51.540000915527344,5856
2024-03-15 15:14:00-04:00,51.53499984741211,51.54499816894531,51.51499938964844,51.53499984741211,51.53499984741211,407135
2024-03-15 15:16:00-04:00,51.53499984741211,51.54999923706055,51.529998779296875,51.54499816894531,51.54499816894531,414204
2024-03-15 15:18:00-04:00,51.54249954223633,51.55500030517578,51.540000915527344,51.54999923706055,51.54999923706055,6107
2024-03-15 15:20:00-04:00,51.560001373291016,51.58000183105469,51.560001373291016,51.564998626708984,51.564998626708984,6125
2024-03-15 15:22:00-04:00,51.560001373291016,51.619998931884766,51.560001373291016,51.619998931884766,51.619998931884766,8055
2024-03-15 15:24:00-04:00,51.619998931884766,51.64500045776367,51.619998931884766,51.64500045776367,51.64500045776367,5321
2024-03-15 15:26:00-04:00,51.64500045776367,51.654998779296875,51.6150016784668,51.63999938964844,51.63999938964844,12680
2024-03-15 15:28:00-04:00,51.64500045776367,51.665000915527344,51.63999938964844,51.665000915527344,51.665000915527344,7700
2024-03-15 15:30:00-04:00,51.65999984741211,51.665000915527344,51.619998931884766,51.619998931884766,51.619998931884766,4998
2024-03-15 15:32:00-04:00,51.6150016784668,51.6150016784668,51.58000183105469,51.584999084472656,51.584999084472656,4739
2024-03-15 15:34:00-04:00,51.59000015258789,51.6150016784668,51.59000015258789,51.61000061035156,51.61000061035156,5222
2024-03-15 15:36:00-04:00,51.619998931884766,51.619998931884766,51.595001220703125,51.599998474121094,51.599998474121094,4231
2024-03-15 15:38:00-04:00,51.599998474121094,51.60499954223633,51.595001220703125,51.595001220703125,51.595001220703125,4992
2024-03-15 15:40:00-04:00,51.59000015258789,51.595001220703125,51.564998626708984,51.595001220703125,51.595001220703125,9237
2024-03-15 15:42:00-04:00,51.599998474121094,51.60499954223633,51.58000183105469,51.599998474121094,51.599998474121094,11789
2024-03-15 15:44:00-04:00,51.595001220703125,51.61000061035156,51.57500076293945,51.61000061035156,51.61000061035156,8067
2024-03-15 15:46:00-04:00,51.60499954223633,51.630001068115234,51.58000183105469,51.630001068115234,51.630001068115234,10882
2024-03-15 15:48:00-04:00,51.63999938964844,51.69499969482422,51.63999938964844,51.689998626708984,51.689998626708984,10266
2024-03-15 15:50:00-04:00,51.68000030517578,51.689998626708984,51.6150016784668,51.689998626708984,51.689998626708984,26726
2024-03-15 15:52:00-04:00,51.69499969482422,51.720001220703125,51.65999984741211,51.685001373291016,51.685001373291016,24122
2024-03-15 15:54:00-04:00,51.685001373291016,51.709999084472656,51.6349983215332,51.650001525878906,51.650001525878906,34633
2024-03-15 15:56:00-04:00,51.64500045776367,51.650001525878906,51.60499954223633,51.630001068115234,51.630001068115234,37475
2024-03-15 15:58:00-04:00,51.630001068115234,51.630001068115234,51.56999969482422,51.599998474121094,51.599998474121094,61263
