Datetime,Open,High,Low,Close,Adj Close,Volume
2024-04-22 09:30:00-04:00,90.7300033569336,90.7300033569336,90.02999877929688,90.19000244140625,90.19000244140625,107
2024-04-22 09:32:00-04:00,90.19000244140625,90.48500061035156,90.0199966430664,90.08999633789062,90.08999633789062,5686
2024-04-22 09:34:00-04:00,90.08000183105469,90.0999984741211,90.08000183105469,90.0999984741211,90.0999984741211,496
2024-04-22 09:36:00-04:00,90.01000213623047,90.01000213623047,89.9000015258789,89.95500183105469,89.95500183105469,3111
2024-04-22 09:38:00-04:00,89.95500183105469,90.0999984741211,89.95500183105469,90.07499694824219,90.07499694824219,2007
2024-04-22 09:40:00-04:00,90.18990325927734,90.18990325927734,90.11499786376953,90.1884994506836,90.1884994506836,15548
2024-04-22 09:42:00-04:00,90.18830108642578,90.19000244140625,90.05999755859375,90.05999755859375,90.05999755859375,2368
2024-04-22 09:44:00-04:00,90.1500015258789,90.1500015258789,90.0999984741211,90.0999984741211,90.0999984741211,733
2024-04-22 09:46:00-04:00,90.12999725341797,90.1449966430664,90.12999725341797,90.13500213623047,90.13500213623047,1190
2024-04-22 09:48:00-04:00,90.18000030517578,90.29499816894531,90.18000030517578,90.29499816894531,90.29499816894531,2053
2024-04-22 09:50:00-04:00,90.31999969482422,90.3550033569336,90.31999969482422,90.3550033569336,90.3550033569336,657
2024-04-22 09:52:00-04:00,90.3550033569336,90.41999816894531,90.3550033569336,90.41999816894531,90.41999816894531,887
2024-04-22 09:54:00-04:00,90.41999816894531,90.69499969482422,90.41999816894531,90.69499969482422,90.69499969482422,3485
2024-04-22 09:56:00-04:00,90.58999633789062,90.58999633789062,90.58999633789062,90.58999633789062,90.58999633789062,396
2024-04-22 09:58:00-04:00,90.63999938964844,90.70999908447266,90.63999938964844,90.70999908447266,90.70999908447266,1556
2024-04-22 10:00:00-04:00,90.68499755859375,90.83499908447266,90.68499755859375,90.83499908447266,90.83499908447266,2532
2024-04-22 10:02:00-04:00,90.83000183105469,90.88999938964844,90.81999969482422,90.88999938964844,90.88999938964844,3163
2024-04-22 10:04:00-04:00,90.91000366210938,90.93499755859375,90.91000366210938,90.93499755859375,90.93499755859375,1574
2024-04-22 10:06:00-04:00,90.94000244140625,90.9800033569336,90.75,90.81500244140625,90.81500244140625,15397
2024-04-22 10:08:00-04:00,90.81500244140625,90.91000366210938,90.80999755859375,90.86000061035156,90.86000061035156,2215
2024-04-22 10:12:00-04:00,90.7300033569336,90.7300033569336,90.63500213623047,90.67500305175781,90.67500305175781,11004
2024-04-22 10:16:00-04:00,90.625,90.68900299072266,90.5999984741211,90.64250183105469,90.64250183105469,4386
2024-04-22 10:18:00-04:00,90.63999938964844,90.63999938964844,90.59130096435547,90.63999938964844,90.63999938964844,4906
2024-04-22 10:20:00-04:00,90.58999633789062,90.69999694824219,90.58999633789062,90.63999938964844,90.63999938964844,8371
2024-04-22 10:22:00-04:00,90.63500213623047,90.66000366210938,90.56999969482422,90.58000183105469,90.58000183105469,5817
2024-04-22 10:24:00-04:00,90.58000183105469,90.66500091552734,90.54499816894531,90.66500091552734,90.66500091552734,3103
2024-04-22 10:26:00-04:00,90.64189910888672,90.70999908447266,90.64189910888672,90.6500015258789,90.6500015258789,21745
2024-04-22 10:28:00-04:00,90.6500015258789,90.6500015258789,90.54000091552734,90.54000091552734,90.54000091552734,912
2024-04-22 10:30:00-04:00,90.40499877929688,90.40499877929688,90.40499877929688,90.40499877929688,90.40499877929688,1488
2024-04-22 10:34:00-04:00,90.34500122070312,90.4000015258789,90.30000305175781,90.4000015258789,90.4000015258789,3059
2024-04-22 10:36:00-04:00,90.36000061035156,90.3949966430664,90.36000061035156,90.3949966430664,90.3949966430664,578
2024-04-22 10:38:00-04:00,90.3949966430664,90.41999816894531,90.33999633789062,90.3550033569336,90.3550033569336,1346
2024-04-22 10:40:00-04:00,90.30500030517578,90.30500030517578,90.25,90.277099609375,90.277099609375,2143
2024-04-22 10:42:00-04:00,90.30010223388672,90.31999969482422,90.23999786376953,90.31999969482422,90.31999969482422,4482
2024-04-22 10:44:00-04:00,90.3499984741211,90.38999938964844,90.34500122070312,90.34500122070312,90.34500122070312,5260
2024-04-22 10:48:00-04:00,90.41500091552734,90.44999694824219,90.38999938964844,90.43000030517578,90.43000030517578,7531
2024-04-22 10:50:00-04:00,90.51000213623047,90.52999877929688,90.48500061035156,90.48500061035156,90.48500061035156,469
2024-04-22 10:52:00-04:00,90.51000213623047,90.51000213623047,90.44999694824219,90.46499633789062,90.46499633789062,3557
2024-04-22 10:54:00-04:00,90.51000213623047,90.52999877929688,90.45999908447266,90.52999877929688,90.52999877929688,1460
2024-04-22 10:56:00-04:00,90.55000305175781,90.56999969482422,90.55000305175781,90.56999969482422,90.56999969482422,933
2024-04-22 10:58:00-04:00,90.58999633789062,90.58999633789062,90.45999908447266,90.45999908447266,90.45999908447266,3575
2024-04-22 11:00:00-04:00,90.44000244140625,90.44000244140625,90.44000244140625,90.44000244140625,90.44000244140625,2503
2024-04-22 11:04:00-04:00,90.41999816894531,90.48500061035156,90.41999816894531,90.48500061035156,90.48500061035156,1925
2024-04-22 11:06:00-04:00,90.4749984741211,90.54000091552734,90.4749984741211,90.52999877929688,90.52999877929688,2469
2024-04-22 11:08:00-04:00,90.55000305175781,90.62000274658203,90.55000305175781,90.62000274658203,90.62000274658203,5904
2024-04-22 11:10:00-04:00,90.62000274658203,90.68000030517578,90.61000061035156,90.68000030517578,90.68000030517578,4319
2024-04-22 11:12:00-04:00,90.66500091552734,90.66999816894531,90.66500091552734,90.66999816894531,90.66999816894531,799
2024-04-22 11:14:00-04:00,90.72000122070312,90.7300033569336,90.67500305175781,90.67500305175781,90.67500305175781,4011
2024-04-22 11:16:00-04:00,90.67500305175781,90.67500305175781,90.67500305175781,90.67500305175781,90.67500305175781,305
2024-04-22 11:18:00-04:00,90.67500305175781,90.67500305175781,90.62999725341797,90.62999725341797,90.62999725341797,2429
2024-04-22 11:20:00-04:00,90.56999969482422,90.56999969482422,90.54000091552734,90.54000091552734,90.54000091552734,715
2024-04-22 11:22:00-04:00,90.52999877929688,90.52999877929688,90.52999877929688,90.52999877929688,90.52999877929688,1528
2024-04-22 11:24:00-04:00,90.41000366210938,90.41000366210938,90.41000366210938,90.41000366210938,90.41000366210938,822
2024-04-22 11:26:00-04:00,90.41500091552734,90.41500091552734,90.20999908447266,90.25499725341797,90.25499725341797,2915
2024-04-22 11:28:00-04:00,90.2300033569336,90.2300033569336,90.2300033569336,90.2300033569336,90.2300033569336,1014
2024-04-22 11:30:00-04:00,90.29000091552734,90.30000305175781,90.29000091552734,90.30000305175781,90.30000305175781,1507
2024-04-22 11:32:00-04:00,90.25,90.26000213623047,90.25,90.26000213623047,90.26000213623047,754
2024-04-22 11:34:00-04:00,90.1500015258789,90.18000030517578,90.1500015258789,90.18000030517578,90.18000030517578,1214
2024-04-22 11:36:00-04:00,90.11499786376953,90.11499786376953,90.08999633789062,90.08999633789062,90.08999633789062,1129
2024-04-22 11:40:00-04:00,90.0199966430664,90.0199966430664,89.9749984741211,89.9749984741211,89.9749984741211,734
2024-04-22 11:42:00-04:00,89.94000244140625,89.94000244140625,89.94000244140625,89.94000244140625,89.94000244140625,358
2024-04-22 11:44:00-04:00,89.98500061035156,90.0999984741211,89.98500061035156,90.0999984741211,90.0999984741211,5888
2024-04-22 11:46:00-04:00,90.12999725341797,90.16000366210938,90.12000274658203,90.12000274658203,90.12000274658203,2875
2024-04-22 11:52:00-04:00,90.12000274658203,90.1500015258789,90.12000274658203,90.1500015258789,90.1500015258789,1538
2024-04-22 11:54:00-04:00,90.13999938964844,90.13999938964844,90.13999938964844,90.13999938964844,90.13999938964844,611
2024-04-22 11:56:00-04:00,90.1500015258789,90.16000366210938,90.1500015258789,90.1500015258789,90.1500015258789,1521
2024-04-22 11:58:00-04:00,90.16999816894531,90.16999816894531,90.16999816894531,90.16999816894531,90.16999816894531,431
2024-04-22 12:00:00-04:00,90.21499633789062,90.21499633789062,90.18499755859375,90.18499755859375,90.18499755859375,475
2024-04-22 12:02:00-04:00,90.16000366210938,90.16000366210938,90.16000366210938,90.16000366210938,90.16000366210938,686
2024-04-22 12:04:00-04:00,90.20999908447266,90.2249984741211,90.19999694824219,90.2249984741211,90.2249984741211,796
2024-04-22 12:06:00-04:00,90.2249984741211,90.29000091552734,90.22000122070312,90.29000091552734,90.29000091552734,4599
2024-04-22 12:08:00-04:00,90.27999877929688,90.27999877929688,90.16000366210938,90.16000366210938,90.16000366210938,2142
2024-04-22 12:10:00-04:00,90.11000061035156,90.11000061035156,90.08999633789062,90.08999633789062,90.08999633789062,4722
2024-04-22 12:12:00-04:00,90.12000274658203,90.12000274658203,90.0999984741211,90.0999984741211,90.0999984741211,400
2024-04-22 12:14:00-04:00,90.13999938964844,90.13999938964844,90.12000274658203,90.12999725341797,90.12999725341797,2027
2024-04-22 12:16:00-04:00,90.16000366210938,90.19000244140625,90.16000366210938,90.19000244140625,90.19000244140625,873
2024-04-22 12:18:00-04:00,90.20999908447266,90.20999908447266,90.15499877929688,90.15499877929688,90.15499877929688,16242
2024-04-22 12:20:00-04:00,90.1072998046875,90.1072998046875,90.1050033569336,90.1050033569336,90.1050033569336,416
2024-04-22 12:22:00-04:00,90.08000183105469,90.11000061035156,90.07499694824219,90.11000061035156,90.11000061035156,3548
2024-04-22 12:24:00-04:00,90.11000061035156,90.26000213623047,90.11000061035156,90.26000213623047,90.26000213623047,1656
2024-04-22 12:26:00-04:00,90.25499725341797,90.31999969482422,90.25499725341797,90.30999755859375,90.30999755859375,2776
2024-04-22 12:30:00-04:00,90.26000213623047,90.31999969482422,90.26000213623047,90.31999969482422,90.31999969482422,1818
2024-04-22 12:32:00-04:00,90.31999969482422,90.31999969482422,90.28500366210938,90.28500366210938,90.28500366210938,1500
2024-04-22 12:34:00-04:00,90.29900360107422,90.29900360107422,90.29900360107422,90.29900360107422,90.29900360107422,785
2024-04-22 12:36:00-04:00,90.26000213623047,90.2925033569336,90.26000213623047,90.29000091552734,90.29000091552734,4572
2024-04-22 12:38:00-04:00,90.33499908447266,90.33499908447266,90.33499908447266,90.33499908447266,90.33499908447266,999
2024-04-22 12:40:00-04:00,90.33499908447266,90.33499908447266,90.33499908447266,90.33499908447266,90.33499908447266,586
2024-04-22 12:42:00-04:00,90.3499984741211,90.3499984741211,90.3499984741211,90.3499984741211,90.3499984741211,1260
2024-04-22 12:44:00-04:00,90.40499877929688,90.40499877929688,90.38999938964844,90.38999938964844,90.38999938964844,1140
2024-04-22 12:46:00-04:00,90.40239715576172,90.40239715576172,90.38999938964844,90.38999938964844,90.38999938964844,1136
2024-04-22 12:48:00-04:00,90.42500305175781,90.42500305175781,90.40139770507812,90.40139770507812,90.40139770507812,765
2024-04-22 12:50:00-04:00,90.45999908447266,90.4800033569336,90.44999694824219,90.47000122070312,90.47000122070312,2211
2024-04-22 12:52:00-04:00,90.45999908447266,90.4800033569336,90.45999908447266,90.47000122070312,90.47000122070312,873
2024-04-22 12:54:00-04:00,90.4749984741211,90.4749984741211,90.4749984741211,90.4749984741211,90.4749984741211,529
2024-04-22 12:56:00-04:00,90.4749984741211,90.4749984741211,90.47000122070312,90.47000122070312,90.47000122070312,758
2024-04-22 12:58:00-04:00,90.5,90.51000213623047,90.44499969482422,90.44499969482422,90.44499969482422,3706
2024-04-22 13:00:00-04:00,90.44499969482422,90.44999694824219,90.43499755859375,90.44499969482422,90.44499969482422,1045
2024-04-22 13:02:00-04:00,90.47000122070312,90.48999786376953,90.47000122070312,90.48999786376953,90.48999786376953,1272
2024-04-22 13:04:00-04:00,90.51000213623047,90.55000305175781,90.51000213623047,90.55000305175781,90.55000305175781,956
2024-04-22 13:06:00-04:00,90.5999984741211,90.62999725341797,90.5999984741211,90.62999725341797,90.62999725341797,962
2024-04-22 13:08:00-04:00,90.63999938964844,90.63999938964844,90.63999938964844,90.63999938964844,90.63999938964844,895
2024-04-22 13:10:00-04:00,90.5999984741211,90.5999984741211,90.54000091552734,90.58000183105469,90.58000183105469,2571
2024-04-22 13:12:00-04:00,90.56500244140625,90.56500244140625,90.56500244140625,90.56500244140625,90.56500244140625,404
2024-04-22 13:14:00-04:00,90.55999755859375,90.58499908447266,90.55000305175781,90.55000305175781,90.55000305175781,982
2024-04-22 13:16:00-04:00,90.54000091552734,90.54000091552734,90.54000091552734,90.54000091552734,90.54000091552734,1253
2024-04-22 13:22:00-04:00,90.55999755859375,90.55999755859375,90.54000091552734,90.55000305175781,90.55000305175781,1027
2024-04-22 13:24:00-04:00,90.55000305175781,90.65979766845703,90.55000305175781,90.62069702148438,90.62069702148438,5988
2024-04-22 13:26:00-04:00,90.72000122070312,90.72000122070312,90.69999694824219,90.69999694824219,90.69999694824219,1098
2024-04-22 13:28:00-04:00,90.70999908447266,90.73999786376953,90.68000030517578,90.73999786376953,90.73999786376953,2663
2024-04-22 13:30:00-04:00,90.77999877929688,90.77999877929688,90.7300033569336,90.7300033569336,90.7300033569336,1876
2024-04-22 13:32:00-04:00,90.69999694824219,90.69999694824219,90.59500122070312,90.67500305175781,90.67500305175781,2307
2024-04-22 13:34:00-04:00,90.69499969482422,90.69999694824219,90.66000366210938,90.66000366210938,90.66000366210938,1856
2024-04-22 13:36:00-04:00,90.69000244140625,90.69000244140625,90.63999938964844,90.6500015258789,90.6500015258789,1527
2024-04-22 13:38:00-04:00,90.62000274658203,90.73999786376953,90.62000274658203,90.73999786376953,90.73999786376953,2643
2024-04-22 13:40:00-04:00,90.7300033569336,90.76000213623047,90.7300033569336,90.76000213623047,90.76000213623047,2894
2024-04-22 13:42:00-04:00,90.73999786376953,90.73999786376953,90.73999786376953,90.73999786376953,90.73999786376953,524
2024-04-22 13:44:00-04:00,90.7249984741211,90.7750015258789,90.7249984741211,90.7750015258789,90.7750015258789,1044
2024-04-22 13:46:00-04:00,90.77999877929688,90.79000091552734,90.77999877929688,90.79000091552734,90.79000091552734,2292
2024-04-22 13:48:00-04:00,90.80000305175781,90.80000305175781,90.76000213623047,90.76000213623047,90.76000213623047,2736
2024-04-22 13:50:00-04:00,90.75499725341797,90.7750015258789,90.66000366210938,90.66999816894531,90.66999816894531,8246
2024-04-22 13:52:00-04:00,90.66999816894531,90.73999786376953,90.66999816894531,90.69999694824219,90.69999694824219,9859
2024-04-22 13:54:00-04:00,90.69499969482422,90.69499969482422,90.63999938964844,90.63999938964844,90.63999938964844,1029
2024-04-22 13:56:00-04:00,90.58999633789062,90.65499877929688,90.58999633789062,90.65499877929688,90.65499877929688,1842
2024-04-22 13:58:00-04:00,90.6449966430664,90.69999694824219,90.6449966430664,90.69999694824219,90.69999694824219,954
2024-04-22 14:00:00-04:00,90.69000244140625,90.69000244140625,90.69000244140625,90.69000244140625,90.69000244140625,492
2024-04-22 14:02:00-04:00,90.70500183105469,90.70500183105469,90.67500305175781,90.67500305175781,90.67500305175781,808
2024-04-22 14:04:00-04:00,90.68000030517578,90.69499969482422,90.68000030517578,90.69499969482422,90.69499969482422,2191
2024-04-22 14:06:00-04:00,90.67500305175781,90.67500305175781,90.6449966430664,90.6449966430664,90.6449966430664,495
2024-04-22 14:08:00-04:00,90.67500305175781,90.67500305175781,90.62999725341797,90.62999725341797,90.62999725341797,1285
2024-04-22 14:10:00-04:00,90.62149810791016,90.62999725341797,90.5999984741211,90.5999984741211,90.5999984741211,1021
2024-04-22 14:12:00-04:00,90.61499786376953,90.61849975585938,90.61000061035156,90.61499786376953,90.61499786376953,1490
2024-04-22 14:14:00-04:00,90.62870025634766,90.62870025634766,90.58999633789062,90.61000061035156,90.61000061035156,744
2024-04-22 14:16:00-04:00,90.63990020751953,90.63990020751953,90.58999633789062,90.5999984741211,90.5999984741211,3321
2024-04-22 14:18:00-04:00,90.5999984741211,90.69999694824219,90.5999984741211,90.69000244140625,90.69000244140625,3712
2024-04-22 14:20:00-04:00,90.68000030517578,90.73500061035156,90.68000030517578,90.69999694824219,90.69999694824219,2581
2024-04-22 14:22:00-04:00,90.69000244140625,90.69000244140625,90.6500015258789,90.6500015258789,90.6500015258789,985
2024-04-22 14:24:00-04:00,90.66999816894531,90.70999908447266,90.66999816894531,90.70999908447266,90.70999908447266,1678
2024-04-22 14:26:00-04:00,90.67500305175781,90.67500305175781,90.67500305175781,90.67500305175781,90.67500305175781,273
2024-04-22 14:28:00-04:00,90.69999694824219,90.69999694824219,90.69999694824219,90.69999694824219,90.69999694824219,1761
2024-04-22 14:30:00-04:00,90.69999694824219,90.69999694824219,90.69999694824219,90.69999694824219,90.69999694824219,725
2024-04-22 14:32:00-04:00,90.73619842529297,90.74500274658203,90.69499969482422,90.69499969482422,90.69499969482422,2071
2024-04-22 14:34:00-04:00,90.66999816894531,90.66999816894531,90.66000366210938,90.66000366210938,90.66000366210938,1439
2024-04-22 14:36:00-04:00,90.69999694824219,90.7300033569336,90.69000244140625,90.7300033569336,90.7300033569336,2904
2024-04-22 14:38:00-04:00,90.66000366210938,90.66000366210938,90.58999633789062,90.58999633789062,90.58999633789062,979
2024-04-22 14:40:00-04:00,90.58999633789062,90.58999633789062,90.51000213623047,90.51000213623047,90.51000213623047,2104
2024-04-22 14:42:00-04:00,90.5,90.5199966430664,90.4800033569336,90.49500274658203,90.49500274658203,2558
2024-04-22 14:44:00-04:00,90.4800033569336,90.4800033569336,90.44999694824219,90.44999694824219,90.44999694824219,2185
2024-04-22 14:46:00-04:00,90.40499877929688,90.40499877929688,90.40499877929688,90.40499877929688,90.40499877929688,414
2024-04-22 14:48:00-04:00,90.40499877929688,90.44999694824219,90.40499877929688,90.44499969482422,90.44499969482422,2288
2024-04-22 14:50:00-04:00,90.44999694824219,90.44999694824219,90.43499755859375,90.43499755859375,90.43499755859375,1365
2024-04-22 14:52:00-04:00,90.41500091552734,90.41500091552734,90.37000274658203,90.37000274658203,90.37000274658203,1283
2024-04-22 14:54:00-04:00,90.37000274658203,90.37000274658203,90.36000061035156,90.36000061035156,90.36000061035156,1317
2024-04-22 14:56:00-04:00,90.37999725341797,90.45999908447266,90.37999725341797,90.41999816894531,90.41999816894531,4444
2024-04-22 14:58:00-04:00,90.38999938964844,90.38999938964844,90.38999938964844,90.38999938964844,90.38999938964844,1321
2024-04-22 15:00:00-04:00,90.41000366210938,90.41000366210938,90.3499984741211,90.3499984741211,90.3499984741211,2845
2024-04-22 15:02:00-04:00,90.3550033569336,90.3550033569336,90.32499694824219,90.32499694824219,90.32499694824219,1937
2024-04-22 15:04:00-04:00,90.30000305175781,90.30000305175781,90.30000305175781,90.30000305175781,90.30000305175781,248
2024-04-22 15:06:00-04:00,90.30999755859375,90.30999755859375,90.30000305175781,90.30999755859375,90.30999755859375,2001
2024-04-22 15:08:00-04:00,90.32499694824219,90.33999633789062,90.32499694824219,90.33999633789062,90.33999633789062,773
2024-04-22 15:10:00-04:00,90.33499908447266,90.3499984741211,90.31999969482422,90.33499908447266,90.33499908447266,3095
2024-04-22 15:12:00-04:00,90.3499984741211,90.37999725341797,90.33000183105469,90.37999725341797,90.37999725341797,2357
2024-04-22 15:14:00-04:00,90.36000061035156,90.375,90.36000061035156,90.375,90.375,1864
2024-04-22 15:16:00-04:00,90.37000274658203,90.41000366210938,90.37000274658203,90.38999938964844,90.38999938964844,2313
2024-04-22 15:18:00-04:00,90.38899993896484,90.38899993896484,90.36000061035156,90.36000061035156,90.36000061035156,2604
2024-04-22 15:20:00-04:00,90.36000061035156,90.36000061035156,90.2300033569336,90.28500366210938,90.28500366210938,4459
2024-04-22 15:22:00-04:00,90.26000213623047,90.27999877929688,90.26000213623047,90.26000213623047,90.26000213623047,1338
2024-04-22 15:24:00-04:00,90.28500366210938,90.28500366210938,90.26010131835938,90.26010131835938,90.26010131835938,1285
2024-04-22 15:26:00-04:00,90.25,90.33999633789062,90.25,90.33000183105469,90.33000183105469,3459
2024-04-22 15:28:00-04:00,90.33000183105469,90.33000183105469,90.31500244140625,90.33000183105469,90.33000183105469,1091
2024-04-22 15:30:00-04:00,90.30999755859375,90.33999633789062,90.26000213623047,90.26000213623047,90.26000213623047,4348
2024-04-22 15:32:00-04:00,90.23999786376953,90.23999786376953,90.20999908447266,90.2300033569336,90.2300033569336,2215
2024-04-22 15:34:00-04:00,90.20999908447266,90.20999908447266,90.06500244140625,90.06500244140625,90.06500244140625,4537
2024-04-22 15:36:00-04:00,90.06999969482422,90.08999633789062,90.05000305175781,90.08999633789062,90.08999633789062,4139
2024-04-22 15:38:00-04:00,90.12000274658203,90.1500015258789,90.05500030517578,90.1500015258789,90.1500015258789,6352
2024-04-22 15:40:00-04:00,90.11000061035156,90.18499755859375,90.11000061035156,90.17500305175781,90.17500305175781,4357
2024-04-22 15:42:00-04:00,90.1500015258789,90.16000366210938,90.12000274658203,90.12000274658203,90.12000274658203,3684
2024-04-22 15:44:00-04:00,90.11000061035156,90.16000366210938,90.11000061035156,90.12000274658203,90.12000274658203,3647
2024-04-22 15:46:00-04:00,90.11000061035156,90.12999725341797,90.02999877929688,90.02999877929688,90.02999877929688,8403
2024-04-22 15:48:00-04:00,90.05999755859375,90.1500015258789,90.04000091552734,90.13999938964844,90.13999938964844,10585
2024-04-22 15:50:00-04:00,90.16999816894531,90.16999816894531,89.97000122070312,89.99749755859375,89.99749755859375,15881
2024-04-22 15:52:00-04:00,90.0,90.02999877929688,89.94999694824219,90.02999877929688,90.02999877929688,12714
2024-04-22 15:54:00-04:00,90.04000091552734,90.12000274658203,90.04000091552734,90.05000305175781,90.05000305175781,27218
2024-04-22 15:56:00-04:00,90.05999755859375,90.08000183105469,89.91999816894531,89.93499755859375,89.93499755859375,31102
2024-04-22 15:58:00-04:00,89.93499755859375,90.04000091552734,89.93000030517578,90.04000091552734,90.04000091552734,65619
2024-04-23 09:30:00-04:00,89.9800033569336,90.125,89.9800033569336,90.125,90.125,4602
2024-04-23 09:34:00-04:00,90.24500274658203,90.29000091552734,90.24500274658203,90.29000091552734,90.29000091552734,1017
2024-04-23 09:36:00-04:00,90.17500305175781,90.30000305175781,90.17500305175781,90.30000305175781,90.30000305175781,1069
2024-04-23 09:40:00-04:00,90.4000015258789,90.4000015258789,90.4000015258789,90.4000015258789,90.4000015258789,595
2024-04-23 09:42:00-04:00,90.38500213623047,90.46499633789062,90.36000061035156,90.36000061035156,90.36000061035156,1047
2024-04-23 09:44:00-04:00,90.5,90.5,90.41999816894531,90.41999816894531,90.41999816894531,982
2024-04-23 09:46:00-04:00,90.41999816894531,90.41999816894531,90.29000091552734,90.29000091552734,90.29000091552734,989
2024-04-23 09:48:00-04:00,90.28500366210938,90.28500366210938,90.28500366210938,90.28500366210938,90.28500366210938,260
2024-04-23 09:50:00-04:00,90.36499786376953,90.36499786376953,90.36000061035156,90.36000061035156,90.36000061035156,1545
2024-04-23 09:52:00-04:00,90.29000091552734,90.29000091552734,90.2300033569336,90.2300033569336,90.2300033569336,1418
2024-04-23 09:54:00-04:00,90.26499938964844,90.31999969482422,90.2300033569336,90.30999755859375,90.30999755859375,2129
2024-04-23 09:56:00-04:00,90.30999755859375,90.31500244140625,90.30000305175781,90.31500244140625,90.31500244140625,5598
2024-04-23 09:58:00-04:00,90.29000091552734,90.33000183105469,90.16000366210938,90.19000244140625,90.19000244140625,7319
2024-04-23 10:00:00-04:00,90.1500015258789,90.22000122070312,90.02999877929688,90.16999816894531,90.16999816894531,4879
2024-04-23 10:02:00-04:00,90.19000244140625,90.31999969482422,90.19000244140625,90.2699966430664,90.2699966430664,9203
2024-04-23 10:04:00-04:00,90.32499694824219,90.32499694824219,90.32499694824219,90.32499694824219,90.32499694824219,282
2024-04-23 10:06:00-04:00,90.27999877929688,90.27999877929688,90.22000122070312,90.22000122070312,90.22000122070312,1978
2024-04-23 10:08:00-04:00,90.16999816894531,90.16999816894531,90.16999816894531,90.16999816894531,90.16999816894531,432
2024-04-23 10:10:00-04:00,90.20500183105469,90.25,90.13999938964844,90.15499877929688,90.15499877929688,18311
2024-04-23 10:12:00-04:00,90.23999786376953,90.32499694824219,90.19499969482422,90.32499694824219,90.32499694824219,2751
2024-04-23 10:14:00-04:00,90.37000274658203,90.42500305175781,90.37000274658203,90.41000366210938,90.41000366210938,2281
2024-04-23 10:16:00-04:00,90.5,90.5,90.36000061035156,90.36000061035156,90.36000061035156,5992
2024-04-23 10:18:00-04:00,90.5,90.54499816894531,90.4800033569336,90.54499816894531,90.54499816894531,2003
2024-04-23 10:20:00-04:00,90.55999755859375,90.61000061035156,90.55999755859375,90.61000061035156,90.61000061035156,3001
2024-04-23 10:22:00-04:00,90.6449966430664,90.75,90.61000061035156,90.75,90.75,4786
2024-04-23 10:24:00-04:00,90.70500183105469,90.75499725341797,90.61000061035156,90.69000244140625,90.69000244140625,6710
2024-04-23 10:26:00-04:00,90.7300033569336,90.7300033569336,90.5999984741211,90.61000061035156,90.61000061035156,1893
2024-04-23 10:28:00-04:00,90.625,90.625,90.61000061035156,90.61000061035156,90.61000061035156,848
2024-04-23 10:30:00-04:00,90.65499877929688,90.74500274658203,90.65499877929688,90.74500274658203,90.74500274658203,1829
2024-04-23 10:32:00-04:00,90.69999694824219,90.69999694824219,90.6449966430664,90.6449966430664,90.6449966430664,1589
2024-04-23 10:34:00-04:00,90.6449966430664,90.6449966430664,90.5999984741211,90.5999984741211,90.5999984741211,1754
2024-04-23 10:36:00-04:00,90.62000274658203,90.625,90.48500061035156,90.5199966430664,90.5199966430664,5657
2024-04-23 10:38:00-04:00,90.5,90.62999725341797,90.5,90.62999725341797,90.62999725341797,3486
2024-04-23 10:40:00-04:00,90.58999633789062,90.66000366210938,90.58999633789062,90.62000274658203,90.62000274658203,1274
2024-04-23 10:42:00-04:00,90.625,90.69000244140625,90.625,90.6500015258789,90.6500015258789,2282
2024-04-23 10:44:00-04:00,90.63500213623047,90.6500015258789,90.56999969482422,90.56999969482422,90.56999969482422,2028
2024-04-23 10:46:00-04:00,90.56999969482422,90.56999969482422,90.55000305175781,90.55000305175781,90.55000305175781,1055
2024-04-23 10:48:00-04:00,90.55000305175781,90.5999984741211,90.55000305175781,90.55999755859375,90.55999755859375,2818
2024-04-23 10:50:00-04:00,90.55000305175781,90.58999633789062,90.53500366210938,90.58999633789062,90.58999633789062,3809
2024-04-23 10:52:00-04:00,90.625,90.625,90.58999633789062,90.58999633789062,90.58999633789062,2001
2024-04-23 10:54:00-04:00,90.5999984741211,90.62999725341797,90.55999755859375,90.55999755859375,90.55999755859375,1624
2024-04-23 10:56:00-04:00,90.5999984741211,90.61499786376953,90.58000183105469,90.58000183105469,90.58000183105469,3038
2024-04-23 10:58:00-04:00,90.56999969482422,90.62000274658203,90.56999969482422,90.61499786376953,90.61499786376953,537
2024-04-23 11:00:00-04:00,90.61499786376953,90.6500015258789,90.58999633789062,90.62000274658203,90.62000274658203,5547
2024-04-23 11:02:00-04:00,90.5999984741211,90.63999938964844,90.58999633789062,90.63999938964844,90.63999938964844,2412
2024-04-23 11:04:00-04:00,90.63999938964844,90.69000244140625,90.63999938964844,90.66000366210938,90.66000366210938,889
2024-04-23 11:06:00-04:00,90.69000244140625,90.69000244140625,90.64810180664062,90.64810180664062,90.64810180664062,2871
2024-04-23 11:08:00-04:00,90.62999725341797,90.66000366210938,90.62000274658203,90.6500015258789,90.6500015258789,2730
2024-04-23 11:10:00-04:00,90.69999694824219,90.7249984741211,90.69999694824219,90.7249984741211,90.7249984741211,1453
2024-04-23 11:12:00-04:00,90.73500061035156,90.80999755859375,90.73500061035156,90.80999755859375,90.80999755859375,1002
2024-04-23 11:14:00-04:00,90.78500366210938,90.80999755859375,90.76000213623047,90.76000213623047,90.76000213623047,945
2024-04-23 11:16:00-04:00,90.79499816894531,90.79499816894531,90.72000122070312,90.72000122070312,90.72000122070312,2119
2024-04-23 11:18:00-04:00,90.73870086669922,90.73870086669922,90.69999694824219,90.69999694824219,90.69999694824219,899
2024-04-23 11:20:00-04:00,90.69999694824219,90.7249984741211,90.69999694824219,90.7125015258789,90.7125015258789,367
2024-04-23 11:22:00-04:00,90.7249984741211,90.86000061035156,90.7249984741211,90.86000061035156,90.86000061035156,3493
2024-04-23 11:24:00-04:00,90.86000061035156,91.0199966430664,90.86000061035156,91.01499938964844,91.01499938964844,7779
2024-04-23 11:26:00-04:00,91.03500366210938,91.05000305175781,91.0250015258789,91.0250015258789,91.0250015258789,2369
2024-04-23 11:28:00-04:00,91.0,91.00499725341797,90.9800033569336,90.99500274658203,90.99500274658203,3120
2024-04-23 11:30:00-04:00,90.98500061035156,90.98500061035156,90.87999725341797,90.88500213623047,90.88500213623047,3772
2024-04-23 11:32:00-04:00,90.8949966430664,90.8949966430664,90.73999786376953,90.73999786376953,90.73999786376953,3795
2024-04-23 11:36:00-04:00,90.73999786376953,90.73999786376953,90.68499755859375,90.68499755859375,90.68499755859375,2778
2024-04-23 11:38:00-04:00,90.7300033569336,90.7300033569336,90.70999908447266,90.72000122070312,90.72000122070312,1498
2024-04-23 11:40:00-04:00,90.75,90.75,90.69499969482422,90.69999694824219,90.69999694824219,2308
2024-04-23 11:42:00-04:00,90.75,90.80999755859375,90.7300033569336,90.7300033569336,90.7300033569336,7200
2024-04-23 11:44:00-04:00,90.86499786376953,90.87000274658203,90.78810119628906,90.78810119628906,90.78810119628906,3839
2024-04-23 11:46:00-04:00,90.76000213623047,90.76000213623047,90.76000213623047,90.76000213623047,90.76000213623047,271
2024-04-23 11:48:00-04:00,90.73999786376953,90.83999633789062,90.73999786376953,90.83999633789062,90.83999633789062,2130
2024-04-23 11:50:00-04:00,90.81500244140625,90.86000061035156,90.75,90.75,90.75,1421
2024-04-23 11:52:00-04:00,90.73999786376953,90.7699966430664,90.73999786376953,90.75499725341797,90.75499725341797,1092
2024-04-23 11:54:00-04:00,90.75,90.8949966430664,90.75,90.8949966430664,90.8949966430664,3908
2024-04-23 11:56:00-04:00,90.8949966430664,91.05000305175781,90.83999633789062,90.83999633789062,90.83999633789062,9703
2024-04-23 11:58:00-04:00,90.8499984741211,90.9000015258789,90.82499694824219,90.8499984741211,90.8499984741211,3617
2024-04-23 12:00:00-04:00,90.91000366210938,91.0,90.91000366210938,90.9749984741211,90.9749984741211,6180
2024-04-23 12:02:00-04:00,91.0,91.01000213623047,90.99500274658203,91.0,91.0,2785
2024-04-23 12:04:00-04:00,91.05000305175781,91.07499694824219,91.05000305175781,91.05000305175781,91.05000305175781,1912
2024-04-23 12:06:00-04:00,91.04000091552734,91.10990142822266,91.0,91.0,91.0,3569
2024-04-23 12:08:00-04:00,91.0,91.05500030517578,91.0,91.03500366210938,91.03500366210938,1155
2024-04-23 12:10:00-04:00,91.0199966430664,91.0199966430664,91.0,91.0,91.0,2696
2024-04-23 12:12:00-04:00,91.03500366210938,91.0625,91.03500366210938,91.0625,91.0625,563
2024-04-23 12:14:00-04:00,91.1050033569336,91.11000061035156,91.08499908447266,91.11000061035156,91.11000061035156,712
2024-04-23 12:16:00-04:00,91.13999938964844,91.1500015258789,91.12999725341797,91.1500015258789,91.1500015258789,2906
2024-04-23 12:18:00-04:00,91.18000030517578,91.2249984741211,91.1500015258789,91.1500015258789,91.1500015258789,3652
2024-04-23 12:20:00-04:00,91.13999938964844,91.16000366210938,91.13999938964844,91.16000366210938,91.16000366210938,1662
2024-04-23 12:22:00-04:00,91.16999816894531,91.19000244140625,91.16999816894531,91.19000244140625,91.19000244140625,1421
2024-04-23 12:24:00-04:00,91.20999908447266,91.26499938964844,91.20999908447266,91.26000213623047,91.26000213623047,3227
2024-04-23 12:26:00-04:00,91.26000213623047,91.2699966430664,91.23999786376953,91.23999786376953,91.23999786376953,2068
2024-04-23 12:28:00-04:00,91.26000213623047,91.2750015258789,91.25,91.2750015258789,91.2750015258789,826
2024-04-23 12:30:00-04:00,91.2750015258789,91.31999969482422,91.2750015258789,91.30500030517578,91.30500030517578,3048
2024-04-23 12:32:00-04:00,91.30999755859375,91.30999755859375,91.19999694824219,91.2699966430664,91.2699966430664,7601
2024-04-23 12:34:00-04:00,91.23999786376953,91.23999786376953,91.19000244140625,91.20999908447266,91.20999908447266,1814
2024-04-23 12:36:00-04:00,91.22000122070312,91.27069854736328,91.19999694824219,91.23999786376953,91.23999786376953,2941
2024-04-23 12:38:00-04:00,91.23999786376953,91.2699966430664,91.2300033569336,91.2699966430664,91.2699966430664,1306
2024-04-23 12:40:00-04:00,91.23999786376953,91.25,91.22000122070312,91.2300033569336,91.2300033569336,3444
2024-04-23 12:42:00-04:00,91.23500061035156,91.31999969482422,91.22000122070312,91.31999969482422,91.31999969482422,2734
2024-04-23 12:44:00-04:00,91.33999633789062,91.38999938964844,91.33999633789062,91.37999725341797,91.37999725341797,1245
2024-04-23 12:46:00-04:00,91.38999938964844,91.41999816894531,91.38999938964844,91.40499877929688,91.40499877929688,4389
2024-04-23 12:48:00-04:00,91.41999816894531,91.41999816894531,91.41999816894531,91.41999816894531,91.41999816894531,423
2024-04-23 12:50:00-04:00,91.41999816894531,91.44000244140625,91.41999816894531,91.44000244140625,91.44000244140625,2109
2024-04-23 12:52:00-04:00,91.44000244140625,91.44000244140625,91.3499984741211,91.3499984741211,91.3499984741211,3803
2024-04-23 12:54:00-04:00,91.31999969482422,91.31999969482422,91.2699966430664,91.29000091552734,91.29000091552734,2007
2024-04-23 12:56:00-04:00,91.30999755859375,91.35269927978516,91.30999755859375,91.35269927978516,91.35269927978516,1131
2024-04-23 12:58:00-04:00,91.33999633789062,91.33999633789062,91.29000091552734,91.33499908447266,91.33499908447266,2190
2024-04-23 13:00:00-04:00,91.30999755859375,91.30999755859375,91.2699966430664,91.2699966430664,91.2699966430664,733
2024-04-23 13:02:00-04:00,91.25,91.2750015258789,91.23999786376953,91.2750015258789,91.2750015258789,1860
2024-04-23 13:04:00-04:00,91.29000091552734,91.32499694824219,91.29000091552734,91.32499694824219,91.32499694824219,1157
2024-04-23 13:06:00-04:00,91.30999755859375,91.33999633789062,91.30999755859375,91.33999633789062,91.33999633789062,813
2024-04-23 13:08:00-04:00,91.33999633789062,91.37000274658203,91.31999969482422,91.37000274658203,91.37000274658203,3650
2024-04-23 13:10:00-04:00,91.38999938964844,91.38999938964844,91.33499908447266,91.33499908447266,91.33499908447266,5611
2024-04-23 13:14:00-04:00,91.31999969482422,91.31999969482422,91.30000305175781,91.30000305175781,91.30000305175781,1798
2024-04-23 13:16:00-04:00,91.31999969482422,91.33999633789062,91.31999969482422,91.33999633789062,91.33999633789062,2425
2024-04-23 13:20:00-04:00,91.37000274658203,91.4000015258789,91.37000274658203,91.4000015258789,91.4000015258789,1429
2024-04-23 13:22:00-04:00,91.45999908447266,91.45999908447266,91.45999908447266,91.45999908447266,91.45999908447266,719
2024-04-23 13:24:00-04:00,91.44999694824219,91.44999694824219,91.44999694824219,91.44999694824219,91.44999694824219,1510
2024-04-23 13:28:00-04:00,91.44999694824219,91.48999786376953,91.44999694824219,91.48999786376953,91.48999786376953,2042
2024-04-23 13:30:00-04:00,91.47000122070312,91.47000122070312,91.44999694824219,91.45999908447266,91.45999908447266,2993
2024-04-23 13:32:00-04:00,91.44000244140625,91.44000244140625,91.37999725341797,91.37999725341797,91.37999725341797,2077
2024-04-23 13:34:00-04:00,91.33999633789062,91.45999908447266,91.33999633789062,91.45999908447266,91.45999908447266,3517
2024-04-23 13:36:00-04:00,91.48999786376953,91.48999786376953,91.48999786376953,91.48999786376953,91.48999786376953,946
2024-04-23 13:38:00-04:00,91.48500061035156,91.5,91.4749984741211,91.4749984741211,91.4749984741211,1577
2024-04-23 13:40:00-04:00,91.52999877929688,91.52999877929688,91.52999877929688,91.52999877929688,91.52999877929688,398
2024-04-23 13:42:00-04:00,91.55999755859375,91.55999755859375,91.55000305175781,91.55999755859375,91.55999755859375,1168
2024-04-23 13:44:00-04:00,91.56999969482422,91.58999633789062,91.5,91.50499725341797,91.50499725341797,2959
2024-04-23 13:46:00-04:00,91.48999786376953,91.52999877929688,91.48999786376953,91.52999877929688,91.52999877929688,1090
2024-04-23 13:48:00-04:00,91.56500244140625,91.56999969482422,91.55999755859375,91.55999755859375,91.55999755859375,1154
2024-04-23 13:50:00-04:00,91.55999755859375,91.5999984741211,91.55000305175781,91.5999984741211,91.5999984741211,1828
2024-04-23 13:54:00-04:00,91.61000061035156,91.62999725341797,91.61000061035156,91.62999725341797,91.62999725341797,2285
2024-04-23 13:56:00-04:00,91.62999725341797,91.63999938964844,91.62999725341797,91.63999938964844,91.63999938964844,877
2024-04-23 13:58:00-04:00,91.62000274658203,91.62999725341797,91.5999984741211,91.5999984741211,91.5999984741211,2578
2024-04-23 14:00:00-04:00,91.625,91.625,91.56999969482422,91.56999969482422,91.56999969482422,2210
2024-04-23 14:02:00-04:00,91.55999755859375,91.58000183105469,91.55999755859375,91.55999755859375,91.55999755859375,3165
2024-04-23 14:04:00-04:00,91.55000305175781,91.55000305175781,91.48500061035156,91.52999877929688,91.52999877929688,1798
2024-04-23 14:06:00-04:00,91.51499938964844,91.58000183105469,91.51499938964844,91.58000183105469,91.58000183105469,2896
2024-04-23 14:08:00-04:00,91.5999984741211,91.6001968383789,91.56999969482422,91.5999984741211,91.5999984741211,3053
2024-04-23 14:10:00-04:00,91.5999984741211,91.63999938964844,91.5999984741211,91.63500213623047,91.63500213623047,3110
2024-04-23 14:12:00-04:00,91.63999938964844,91.63999938964844,91.4749984741211,91.5199966430664,91.5199966430664,4244
2024-04-23 14:16:00-04:00,91.51499938964844,91.55999755859375,91.51499938964844,91.5199966430664,91.5199966430664,3537
2024-04-23 14:18:00-04:00,91.49500274658203,91.5,91.49500274658203,91.49500274658203,91.49500274658203,478
2024-04-23 14:20:00-04:00,91.4800033569336,91.51000213623047,91.4800033569336,91.50499725341797,91.50499725341797,1693
2024-04-23 14:22:00-04:00,91.55000305175781,91.55000305175781,91.5,91.5,91.5,3479
2024-04-23 14:24:00-04:00,91.47000122070312,91.48999786376953,91.47000122070312,91.48999786376953,91.48999786376953,1525
2024-04-23 14:26:00-04:00,91.52999877929688,91.52999877929688,91.47000122070312,91.47000122070312,91.47000122070312,3354
2024-04-23 14:30:00-04:00,91.4800033569336,91.51000213623047,91.45999908447266,91.48200225830078,91.48200225830078,3129
2024-04-23 14:32:00-04:00,91.48999786376953,91.48999786376953,91.48999786376953,91.48999786376953,91.48999786376953,1040
2024-04-23 14:34:00-04:00,91.55000305175781,91.55000305175781,91.52999877929688,91.53500366210938,91.53500366210938,1420
2024-04-23 14:36:00-04:00,91.55000305175781,91.55000305175781,91.5250015258789,91.53500366210938,91.53500366210938,8370
2024-04-23 14:38:00-04:00,91.5199966430664,91.58000183105469,91.5199966430664,91.58000183105469,91.58000183105469,2149
2024-04-23 14:40:00-04:00,91.58000183105469,91.5999984741211,91.58000183105469,91.58999633789062,91.58999633789062,1488
2024-04-23 14:42:00-04:00,91.55999755859375,91.58000183105469,91.55999755859375,91.57499694824219,91.57499694824219,1839
2024-04-23 14:44:00-04:00,91.55000305175781,91.55999755859375,91.51000213623047,91.5250015258789,91.5250015258789,1462
2024-04-23 14:46:00-04:00,91.51000213623047,91.51000213623047,91.4749984741211,91.4749984741211,91.4749984741211,1468
2024-04-23 14:48:00-04:00,91.4800033569336,91.4800033569336,91.38999938964844,91.38999938964844,91.38999938964844,1030
2024-04-23 14:50:00-04:00,91.37999725341797,91.41999816894531,91.3499984741211,91.41999816894531,91.41999816894531,3551
2024-04-23 14:52:00-04:00,91.44000244140625,91.44000244140625,91.38999938964844,91.38999938964844,91.38999938964844,1541
2024-04-23 14:54:00-04:00,91.38500213623047,91.43000030517578,91.38500213623047,91.43000030517578,91.43000030517578,1409
2024-04-23 14:58:00-04:00,91.44999694824219,91.4749984741211,91.44499969482422,91.4749984741211,91.4749984741211,2033
2024-04-23 15:00:00-04:00,91.4800033569336,91.5,91.4800033569336,91.5,91.5,6114
2024-04-23 15:02:00-04:00,91.50299835205078,91.55000305175781,91.50299835205078,91.55000305175781,91.55000305175781,2028
2024-04-23 15:04:00-04:00,91.52999877929688,91.58000183105469,91.5199966430664,91.57499694824219,91.57499694824219,5170
2024-04-23 15:06:00-04:00,91.58000183105469,91.625,91.5199966430664,91.5199966430664,91.5199966430664,5753
2024-04-23 15:08:00-04:00,91.5250015258789,91.63999938964844,91.5250015258789,91.63999938964844,91.63999938964844,3128
2024-04-23 15:10:00-04:00,91.65499877929688,91.67500305175781,91.61000061035156,91.67500305175781,91.67500305175781,5811
2024-04-23 15:12:00-04:00,91.7300033569336,91.74500274658203,91.72000122070312,91.7300033569336,91.7300033569336,3710
2024-04-23 15:14:00-04:00,91.73999786376953,91.75,91.69999694824219,91.75,91.75,5265
2024-04-23 15:16:00-04:00,91.76000213623047,91.77999877929688,91.70999908447266,91.77999877929688,91.77999877929688,10006
2024-04-23 15:18:00-04:00,91.77999877929688,91.77999877929688,91.75,91.75499725341797,91.75499725341797,2542
2024-04-23 15:20:00-04:00,91.76000213623047,91.79000091552734,91.73999786376953,91.79000091552734,91.79000091552734,3775
2024-04-23 15:22:00-04:00,91.80999755859375,91.80999755859375,91.70999908447266,91.72000122070312,91.72000122070312,7738
2024-04-23 15:24:00-04:00,91.72000122070312,91.72000122070312,91.5999984741211,91.63999938964844,91.63999938964844,7455
2024-04-23 15:26:00-04:00,91.69000244140625,91.69000244140625,91.5999984741211,91.5999984741211,91.5999984741211,7169
2024-04-23 15:28:00-04:00,91.61959838867188,91.63999938964844,91.61959838867188,91.62000274658203,91.62000274658203,2534
2024-04-23 15:30:00-04:00,91.62000274658203,91.63999938964844,91.61499786376953,91.62999725341797,91.62999725341797,3364
2024-04-23 15:32:00-04:00,91.6500015258789,91.7750015258789,91.62000274658203,91.7750015258789,91.7750015258789,10164
2024-04-23 15:34:00-04:00,91.77999877929688,91.83499908447266,91.7699966430664,91.83499908447266,91.83499908447266,8185
2024-04-23 15:36:00-04:00,91.83499908447266,91.86000061035156,91.81999969482422,91.83999633789062,91.83999633789062,6671
2024-04-23 15:38:00-04:00,91.84500122070312,91.8949966430664,91.81999969482422,91.875,91.875,6976
2024-04-23 15:40:00-04:00,91.88500213623047,91.97000122070312,91.87999725341797,91.97000122070312,91.97000122070312,8875
2024-04-23 15:42:00-04:00,91.9749984741211,92.04000091552734,91.95999908447266,92.01000213623047,92.01000213623047,18701
2024-04-23 15:44:00-04:00,92.0199966430664,92.0199966430664,91.87999725341797,91.87999725341797,91.87999725341797,9518
2024-04-23 15:46:00-04:00,91.88999938964844,91.91000366210938,91.8499984741211,91.88999938964844,91.88999938964844,6084
2024-04-23 15:48:00-04:00,91.91500091552734,91.91999816894531,91.87999725341797,91.87999725341797,91.87999725341797,6112
2024-04-23 15:50:00-04:00,91.87999725341797,91.91000366210938,91.83000183105469,91.83000183105469,91.83000183105469,9702
2024-04-23 15:52:00-04:00,91.83999633789062,91.86000061035156,91.73999786376953,91.76509857177734,91.76509857177734,11881
2024-04-23 15:54:00-04:00,91.77999877929688,91.87000274658203,91.7300033569336,91.75,91.75,21194
2024-04-23 15:56:00-04:00,91.72000122070312,91.7300033569336,91.68000030517578,91.7249984741211,91.7249984741211,20078
2024-04-23 15:58:00-04:00,91.70999908447266,91.70999908447266,91.58000183105469,91.70999908447266,91.70999908447266,44235
2024-04-24 09:30:00-04:00,91.13999938964844,91.13999938964844,91.13999938964844,91.13999938964844,91.13999938964844,4152
2024-04-24 09:32:00-04:00,91.12000274658203,91.12000274658203,91.12000274658203,91.12000274658203,91.12000274658203,137
2024-04-24 09:34:00-04:00,91.16000366210938,91.29000091552734,91.16000366210938,91.29000091552734,91.29000091552734,1306
2024-04-24 09:36:00-04:00,91.41999816894531,91.41999816894531,91.3550033569336,91.36499786376953,91.36499786376953,2897
2024-04-24 09:38:00-04:00,91.58000183105469,91.58000183105469,91.47250366210938,91.4749984741211,91.4749984741211,5097
2024-04-24 09:40:00-04:00,91.81500244140625,91.81500244140625,91.69000244140625,91.69000244140625,91.69000244140625,1380
2024-04-24 09:42:00-04:00,91.63999938964844,91.72000122070312,91.63999938964844,91.72000122070312,91.72000122070312,1048
2024-04-24 09:44:00-04:00,91.73999786376953,91.73999786376953,91.73999786376953,91.73999786376953,91.73999786376953,757
2024-04-24 09:46:00-04:00,91.79000091552734,91.79000091552734,91.61000061035156,91.61000061035156,91.61000061035156,1669
2024-04-24 09:50:00-04:00,91.61000061035156,91.66500091552734,91.61000061035156,91.66500091552734,91.66500091552734,902
2024-04-24 09:52:00-04:00,91.5999984741211,91.66000366210938,91.5999984741211,91.66000366210938,91.66000366210938,878
2024-04-24 09:54:00-04:00,91.65499877929688,91.65499877929688,91.55999755859375,91.55999755859375,91.55999755859375,1232
2024-04-24 09:56:00-04:00,91.54000091552734,91.54000091552734,91.53500366210938,91.53500366210938,91.53500366210938,519
2024-04-24 09:58:00-04:00,91.48999786376953,91.7300033569336,91.44999694824219,91.7300033569336,91.7300033569336,3603
2024-04-24 10:00:00-04:00,91.69000244140625,91.79000091552734,91.67500305175781,91.79000091552734,91.79000091552734,2154
2024-04-24 10:02:00-04:00,91.79000091552734,91.8499984741211,91.77999877929688,91.8499984741211,91.8499984741211,1888
2024-04-24 10:04:00-04:00,91.87999725341797,91.9800033569336,91.86000061035156,91.9800033569336,91.9800033569336,1707
2024-04-24 10:06:00-04:00,91.9000015258789,91.97000122070312,91.88999938964844,91.94120025634766,91.94120025634766,5336
2024-04-24 10:08:00-04:00,91.86000061035156,91.86499786376953,91.69999694824219,91.69999694824219,91.69999694824219,1599
2024-04-24 10:10:00-04:00,91.81999969482422,91.88999938964844,91.80500030517578,91.88999938964844,91.88999938964844,1758
2024-04-24 10:12:00-04:00,91.81999969482422,91.8949966430664,91.81500244140625,91.8949966430664,91.8949966430664,1327
2024-04-24 10:14:00-04:00,91.75,91.75,91.75,91.75,91.75,602
2024-04-24 10:16:00-04:00,91.74500274658203,91.80000305175781,91.68000030517578,91.68000030517578,91.68000030517578,106020
2024-04-24 10:18:00-04:00,91.68000030517578,91.91999816894531,91.68000030517578,91.91999816894531,91.91999816894531,20811
2024-04-24 10:20:00-04:00,91.92500305175781,91.92500305175781,91.92500305175781,91.92500305175781,91.92500305175781,261
2024-04-24 10:22:00-04:00,91.98999786376953,92.11499786376953,91.94000244140625,91.9749984741211,91.9749984741211,3739
2024-04-24 10:24:00-04:00,92.0,92.01499938964844,92.0,92.01499938964844,92.01499938964844,1801
2024-04-24 10:26:00-04:00,92.00499725341797,92.06999969482422,91.96499633789062,91.96499633789062,91.96499633789062,737
2024-04-24 10:28:00-04:00,92.0,92.05989837646484,91.9749984741211,92.01000213623047,92.01000213623047,3202
2024-04-24 10:30:00-04:00,91.94000244140625,91.94000244140625,91.8499984741211,91.875,91.875,1391
2024-04-24 10:32:00-04:00,91.81999969482422,91.81999969482422,91.80000305175781,91.80000305175781,91.80000305175781,1118
2024-04-24 10:34:00-04:00,91.52799987792969,91.58999633789062,91.49610137939453,91.57499694824219,91.57499694824219,3147
2024-04-24 10:36:00-04:00,91.58999633789062,91.69999694824219,91.57749938964844,91.69999694824219,91.69999694824219,7593
2024-04-24 10:38:00-04:00,91.72000122070312,91.7249984741211,91.68000030517578,91.68000030517578,91.68000030517578,2474
2024-04-24 10:40:00-04:00,91.7300033569336,91.7300033569336,91.53500366210938,91.53500366210938,91.53500366210938,5153
2024-04-24 10:42:00-04:00,91.5,91.5999984741211,91.48999786376953,91.5999984741211,91.5999984741211,2793
2024-04-24 10:44:00-04:00,91.625,91.625,91.4800033569336,91.4800033569336,91.4800033569336,3315
2024-04-24 10:46:00-04:00,91.4800033569336,91.4800033569336,91.38500213623047,91.41000366210938,91.41000366210938,4390
2024-04-24 10:48:00-04:00,91.4000015258789,91.43499755859375,91.23999786376953,91.23999786376953,91.23999786376953,2875
2024-04-24 10:50:00-04:00,91.26000213623047,91.26000213623047,91.17389678955078,91.17389678955078,91.17389678955078,1533
2024-04-24 10:54:00-04:00,91.08999633789062,91.08999633789062,90.93499755859375,90.97000122070312,90.97000122070312,3623
2024-04-24 10:56:00-04:00,91.06600189208984,91.08499908447266,90.98999786376953,91.0199966430664,91.0199966430664,3733
2024-04-24 10:58:00-04:00,91.0199966430664,91.16999816894531,90.98750305175781,91.12000274658203,91.12000274658203,9553
2024-04-24 11:00:00-04:00,91.1416015625,91.1449966430664,91.08000183105469,91.08000183105469,91.08000183105469,2577
2024-04-24 11:02:00-04:00,91.05000305175781,91.05000305175781,91.05000305175781,91.05000305175781,91.05000305175781,346
2024-04-24 11:04:00-04:00,91.05999755859375,91.0999984741211,91.0,91.0,91.0,4476
2024-04-24 11:06:00-04:00,91.0,91.05999755859375,90.9749984741211,91.05999755859375,91.05999755859375,2185
2024-04-24 11:08:00-04:00,91.0250015258789,91.02999877929688,90.98999786376953,91.0199966430664,91.0199966430664,1351
2024-04-24 11:10:00-04:00,91.04000091552734,91.13999938964844,91.04000091552734,91.13999938964844,91.13999938964844,2917
2024-04-24 11:12:00-04:00,91.1500015258789,91.19000244140625,91.12999725341797,91.19000244140625,91.19000244140625,2121
2024-04-24 11:14:00-04:00,91.21499633789062,91.21499633789062,91.19999694824219,91.19999694824219,91.19999694824219,1020
2024-04-24 11:16:00-04:00,91.16999816894531,91.17500305175781,91.16999816894531,91.17500305175781,91.17500305175781,2327
2024-04-24 11:18:00-04:00,91.13999938964844,91.20999908447266,91.0999984741211,91.0999984741211,91.0999984741211,3536
2024-04-24 11:20:00-04:00,91.12000274658203,91.12000274658203,91.11000061035156,91.11000061035156,91.11000061035156,950
2024-04-24 11:22:00-04:00,91.1500015258789,91.15249633789062,91.1500015258789,91.15249633789062,91.15249633789062,1659
2024-04-24 11:24:00-04:00,91.1500015258789,91.1500015258789,91.12999725341797,91.12999725341797,91.12999725341797,1806
2024-04-24 11:28:00-04:00,91.16999816894531,91.2300033569336,91.16999816894531,91.2300033569336,91.2300033569336,1770
2024-04-24 11:30:00-04:00,91.23999786376953,91.23999786376953,91.16999816894531,91.16999816894531,91.16999816894531,2284
2024-04-24 11:32:00-04:00,91.16999816894531,91.19999694824219,91.16999816894531,91.19999694824219,91.19999694824219,988
2024-04-24 11:34:00-04:00,91.19999694824219,91.19999694824219,91.15499877929688,91.15499877929688,91.15499877929688,1801
2024-04-24 11:36:00-04:00,91.16000366210938,91.16000366210938,91.13999938964844,91.13999938964844,91.13999938964844,1136
2024-04-24 11:38:00-04:00,91.12999725341797,91.13500213623047,91.12000274658203,91.13500213623047,91.13500213623047,779
2024-04-24 11:40:00-04:00,91.13999938964844,91.23999786376953,91.13999938964844,91.23999786376953,91.23999786376953,2102
2024-04-24 11:42:00-04:00,91.23500061035156,91.23500061035156,91.13999938964844,91.17500305175781,91.17500305175781,2772
2024-04-24 11:44:00-04:00,91.18000030517578,91.19499969482422,91.12999725341797,91.13999938964844,91.13999938964844,1449
2024-04-24 11:46:00-04:00,91.13999938964844,91.18000030517578,91.13999938964844,91.16999816894531,91.16999816894531,755
2024-04-24 11:48:00-04:00,91.21990203857422,91.24500274658203,91.20500183105469,91.23999786376953,91.23999786376953,4830
2024-04-24 11:50:00-04:00,91.22000122070312,91.2300033569336,91.19000244140625,91.2300033569336,91.2300033569336,1582
2024-04-24 11:52:00-04:00,91.2300033569336,91.2300033569336,91.22000122070312,91.22000122070312,91.22000122070312,620
2024-04-24 11:54:00-04:00,91.26000213623047,91.2699966430664,91.26000213623047,91.2699966430664,91.2699966430664,599
2024-04-24 11:56:00-04:00,91.33000183105469,91.33000183105469,91.29000091552734,91.30999755859375,91.30999755859375,1241
2024-04-24 11:58:00-04:00,91.3499984741211,91.4000015258789,91.33999633789062,91.4000015258789,91.4000015258789,1882
2024-04-24 12:00:00-04:00,91.37000274658203,91.4000015258789,91.37000274658203,91.37000274658203,91.37000274658203,1354
2024-04-24 12:02:00-04:00,91.3499984741211,91.36000061035156,91.31999969482422,91.36000061035156,91.36000061035156,1302
2024-04-24 12:04:00-04:00,91.37000274658203,91.38999938964844,91.36000061035156,91.36000061035156,91.36000061035156,4410
2024-04-24 12:06:00-04:00,91.3550033569336,91.3550033569336,91.3550033569336,91.3550033569336,91.3550033569336,334
2024-04-24 12:08:00-04:00,91.36000061035156,91.36000061035156,91.30999755859375,91.33499908447266,91.33499908447266,5444
2024-04-24 12:10:00-04:00,91.36000061035156,91.38999938964844,91.33000183105469,91.36000061035156,91.36000061035156,2616
2024-04-24 12:12:00-04:00,91.3499984741211,91.3499984741211,91.27999877929688,91.27999877929688,91.27999877929688,2642
2024-04-24 12:14:00-04:00,91.26000213623047,91.26000213623047,91.26000213623047,91.26000213623047,91.26000213623047,859
2024-04-24 12:16:00-04:00,91.2300033569336,91.26000213623047,91.2300033569336,91.23999786376953,91.23999786376953,813
2024-04-24 12:20:00-04:00,91.27999877929688,91.30249786376953,91.27999877929688,91.30249786376953,91.30249786376953,1803
2024-04-24 12:22:00-04:00,91.26000213623047,91.26000213623047,91.23999786376953,91.23999786376953,91.23999786376953,877
2024-04-24 12:24:00-04:00,91.16999816894531,91.22000122070312,91.16999816894531,91.20500183105469,91.20500183105469,2079
2024-04-24 12:26:00-04:00,91.19999694824219,91.19999694824219,91.13999938964844,91.13999938964844,91.13999938964844,1964
2024-04-24 12:28:00-04:00,91.13500213623047,91.16000366210938,91.12999725341797,91.13999938964844,91.13999938964844,3814
2024-04-24 12:30:00-04:00,91.08499908447266,91.08499908447266,90.98999786376953,90.98999786376953,90.98999786376953,1895
2024-04-24 12:32:00-04:00,90.9800033569336,90.98999786376953,90.94999694824219,90.94999694824219,90.94999694824219,2380
2024-04-24 12:34:00-04:00,90.95999908447266,90.95999908447266,90.94000244140625,90.94999694824219,90.94999694824219,1175
2024-04-24 12:36:00-04:00,90.95999908447266,90.95999908447266,90.91999816894531,90.93000030517578,90.93000030517578,1517
2024-04-24 12:38:00-04:00,90.91999816894531,90.94999694824219,90.91999816894531,90.94999694824219,90.94999694824219,2124
2024-04-24 12:40:00-04:00,90.95999908447266,91.0,90.95999908447266,91.0,91.0,3776
2024-04-24 12:42:00-04:00,91.0,91.0,90.95500183105469,91.0,91.0,1692
2024-04-24 12:44:00-04:00,91.01000213623047,91.01000213623047,90.91500091552734,90.91500091552734,90.91500091552734,1787
2024-04-24 12:46:00-04:00,90.88999938964844,90.94999694824219,90.88999938964844,90.94999694824219,90.94999694824219,1521
2024-04-24 12:48:00-04:00,90.91999816894531,90.91999816894531,90.88999938964844,90.91000366210938,90.91000366210938,2472
2024-04-24 12:50:00-04:00,90.94499969482422,90.94499969482422,90.94499969482422,90.94499969482422,90.94499969482422,372
2024-04-24 12:52:00-04:00,90.97000122070312,91.0,90.97000122070312,91.0,91.0,1261
2024-04-24 12:54:00-04:00,91.00499725341797,91.00499725341797,90.9800033569336,90.9800033569336,90.9800033569336,878
2024-04-24 12:56:00-04:00,90.98999786376953,91.0,90.98999786376953,91.0,91.0,987
2024-04-24 12:58:00-04:00,91.0,91.0,90.94000244140625,90.94000244140625,90.94000244140625,1701
2024-04-24 13:00:00-04:00,90.9000015258789,90.9000015258789,90.9000015258789,90.9000015258789,90.9000015258789,904
2024-04-24 13:02:00-04:00,90.93000030517578,90.94999694824219,90.91999816894531,90.93000030517578,90.93000030517578,1341
2024-04-24 13:04:00-04:00,90.95999908447266,91.0,90.95999908447266,91.0,91.0,629
2024-04-24 13:06:00-04:00,91.0,91.0,90.94249725341797,90.98999786376953,90.98999786376953,3175
2024-04-24 13:08:00-04:00,90.93000030517578,90.93000030517578,90.93000030517578,90.93000030517578,90.93000030517578,558
2024-04-24 13:10:00-04:00,90.98999786376953,90.98999786376953,90.98999786376953,90.98999786376953,90.98999786376953,791
2024-04-24 13:12:00-04:00,91.0,91.0,91.0,91.0,91.0,1335
2024-04-24 13:14:00-04:00,90.98999786376953,91.00499725341797,90.98999786376953,91.0,91.0,806
2024-04-24 13:16:00-04:00,90.99500274658203,91.0199966430664,90.9800033569336,91.0,91.0,3375
2024-04-24 13:18:00-04:00,91.0,91.0,91.0,91.0,91.0,1626
2024-04-24 13:20:00-04:00,90.9800033569336,90.98999786376953,90.9800033569336,90.98999786376953,90.98999786376953,912
2024-04-24 13:22:00-04:00,91.0199966430664,91.0199966430664,90.9800033569336,90.9800033569336,90.9800033569336,1700
2024-04-24 13:24:00-04:00,90.99500274658203,91.04000091552734,90.98999786376953,91.04000091552734,91.04000091552734,4567
2024-04-24 13:26:00-04:00,91.05999755859375,91.05999755859375,91.05000305175781,91.05000305175781,91.05000305175781,1298
2024-04-24 13:28:00-04:00,91.08999633789062,91.11000061035156,91.08999633789062,91.11000061035156,91.11000061035156,758
2024-04-24 13:30:00-04:00,91.0999984741211,91.11000061035156,91.05000305175781,91.0999984741211,91.0999984741211,3942
2024-04-24 13:32:00-04:00,91.11250305175781,91.11250305175781,91.08999633789062,91.08999633789062,91.08999633789062,2560
2024-04-24 13:34:00-04:00,91.12000274658203,91.1500015258789,91.11499786376953,91.12999725341797,91.12999725341797,2650
2024-04-24 13:36:00-04:00,91.14199829101562,91.16000366210938,91.14199829101562,91.1500015258789,91.1500015258789,3182
2024-04-24 13:38:00-04:00,91.16500091552734,91.19999694824219,91.0999984741211,91.0999984741211,91.0999984741211,3726
2024-04-24 13:40:00-04:00,91.11000061035156,91.11000061035156,91.08999633789062,91.08999633789062,91.08999633789062,1803
2024-04-24 13:42:00-04:00,91.09500122070312,91.1050033569336,91.09500122070312,91.1050033569336,91.1050033569336,633
2024-04-24 13:44:00-04:00,91.09500122070312,91.11000061035156,91.06999969482422,91.0999984741211,91.0999984741211,4723
2024-04-24 13:46:00-04:00,91.16000366210938,91.16000366210938,91.12999725341797,91.1500015258789,91.1500015258789,2904
2024-04-24 13:48:00-04:00,91.1500015258789,91.19999694824219,91.1500015258789,91.16000366210938,91.16000366210938,2426
2024-04-24 13:50:00-04:00,91.16999816894531,91.18499755859375,91.1500015258789,91.1500015258789,91.1500015258789,996
2024-04-24 13:52:00-04:00,91.16000366210938,91.21499633789062,91.16000366210938,91.21499633789062,91.21499633789062,4800
2024-04-24 13:54:00-04:00,91.20500183105469,91.20500183105469,91.16000366210938,91.16000366210938,91.16000366210938,1858
2024-04-24 13:56:00-04:00,91.16999816894531,91.22000122070312,91.16999816894531,91.20999908447266,91.20999908447266,2594
2024-04-24 13:58:00-04:00,91.19499969482422,91.19499969482422,91.12999725341797,91.12999725341797,91.12999725341797,4181
2024-04-24 14:00:00-04:00,91.09500122070312,91.12999725341797,91.08499908447266,91.11000061035156,91.11000061035156,1727
2024-04-24 14:02:00-04:00,91.06500244140625,91.11000061035156,91.06500244140625,91.08000183105469,91.08000183105469,1910
2024-04-24 14:04:00-04:00,91.05999755859375,91.05999755859375,91.0,91.0,91.0,2206
2024-04-24 14:06:00-04:00,91.0199966430664,91.02999877929688,90.9800033569336,90.9800033569336,90.9800033569336,2082
2024-04-24 14:08:00-04:00,90.98500061035156,91.0,90.98500061035156,91.0,91.0,1146
2024-04-24 14:10:00-04:00,91.01000213623047,91.05000305175781,91.01000213623047,91.05000305175781,91.05000305175781,2303
2024-04-24 14:12:00-04:00,90.9800033569336,90.9800033569336,90.90499877929688,90.90499877929688,90.90499877929688,1892
2024-04-24 14:14:00-04:00,90.86000061035156,90.86000061035156,90.77999877929688,90.80500030517578,90.80500030517578,2014
2024-04-24 14:16:00-04:00,90.8416976928711,90.88500213623047,90.80999755859375,90.80999755859375,90.80999755859375,3041
2024-04-24 14:18:00-04:00,90.80000305175781,90.80000305175781,90.80000305175781,90.80000305175781,90.80000305175781,538
2024-04-24 14:20:00-04:00,90.83999633789062,90.83999633789062,90.83000183105469,90.83000183105469,90.83000183105469,572
2024-04-24 14:22:00-04:00,90.8499984741211,90.86000061035156,90.81999969482422,90.8499984741211,90.8499984741211,2163
2024-04-24 14:24:00-04:00,90.83000183105469,90.83000183105469,90.83000183105469,90.83000183105469,90.83000183105469,1385
2024-04-24 14:26:00-04:00,90.86000061035156,90.86499786376953,90.83000183105469,90.86000061035156,90.86000061035156,1105
2024-04-24 14:28:00-04:00,90.81999969482422,90.81999969482422,90.77999877929688,90.80500030517578,90.80500030517578,2480
2024-04-24 14:30:00-04:00,90.83000183105469,90.83000183105469,90.79000091552734,90.79000091552734,90.79000091552734,1995
2024-04-24 14:32:00-04:00,90.80999755859375,90.80999755859375,90.66999816894531,90.69000244140625,90.69000244140625,5318
2024-04-24 14:34:00-04:00,90.62999725341797,90.63999938964844,90.5999984741211,90.63999938964844,90.63999938964844,4027
2024-04-24 14:36:00-04:00,90.68499755859375,90.75,90.68499755859375,90.75,90.75,1685
2024-04-24 14:38:00-04:00,90.73999786376953,90.73999786376953,90.73999786376953,90.73999786376953,90.73999786376953,600
2024-04-24 14:40:00-04:00,90.8125,90.8125,90.78500366210938,90.79000091552734,90.79000091552734,2290
2024-04-24 14:42:00-04:00,90.80999755859375,90.8499984741211,90.78500366210938,90.78500366210938,90.78500366210938,2470
2024-04-24 14:44:00-04:00,90.80000305175781,90.80999755859375,90.80000305175781,90.80500030517578,90.80500030517578,1392
2024-04-24 14:46:00-04:00,90.77999877929688,90.81999969482422,90.7699966430664,90.81999969482422,90.81999969482422,3078
2024-04-24 14:48:00-04:00,90.80999755859375,90.83000183105469,90.79499816894531,90.83000183105469,90.83000183105469,1415
2024-04-24 14:50:00-04:00,90.80000305175781,90.80000305175781,90.7300033569336,90.79000091552734,90.79000091552734,3433
2024-04-24 14:52:00-04:00,90.76000213623047,90.76000213623047,90.72000122070312,90.72000122070312,90.72000122070312,1605
2024-04-24 14:54:00-04:00,90.76000213623047,90.76000213623047,90.7300033569336,90.7300033569336,90.7300033569336,1105
2024-04-24 14:56:00-04:00,90.70999908447266,90.7300033569336,90.70999908447266,90.72000122070312,90.72000122070312,1489
2024-04-24 14:58:00-04:00,90.69000244140625,90.69000244140625,90.69000244140625,90.69000244140625,90.69000244140625,1082
2024-04-24 15:00:00-04:00,90.69000244140625,90.69000244140625,90.62999725341797,90.62999725341797,90.62999725341797,1570
2024-04-24 15:02:00-04:00,90.62999725341797,90.62999725341797,90.58000183105469,90.58000183105469,90.58000183105469,1438
2024-04-24 15:04:00-04:00,90.56999969482422,90.58999633789062,90.55000305175781,90.58999633789062,90.58999633789062,2228
2024-04-24 15:06:00-04:00,90.55000305175781,90.5999984741211,90.55000305175781,90.5999984741211,90.5999984741211,1663
2024-04-24 15:08:00-04:00,90.59500122070312,90.6500015258789,90.59500122070312,90.61000061035156,90.61000061035156,2665
2024-04-24 15:10:00-04:00,90.6050033569336,90.62999725341797,90.5999984741211,90.62999725341797,90.62999725341797,3134
2024-04-24 15:12:00-04:00,90.6500015258789,90.68000030517578,90.62999725341797,90.68000030517578,90.68000030517578,4244
2024-04-24 15:14:00-04:00,90.72000122070312,90.72000122070312,90.72000122070312,90.72000122070312,90.72000122070312,157
2024-04-24 15:16:00-04:00,90.69000244140625,90.69000244140625,90.65499877929688,90.69000244140625,90.69000244140625,2432
2024-04-24 15:18:00-04:00,90.70999908447266,90.70999908447266,90.66000366210938,90.67500305175781,90.67500305175781,1927
2024-04-24 15:20:00-04:00,90.66000366210938,90.69999694824219,90.6500015258789,90.67880249023438,90.67880249023438,4367
2024-04-24 15:22:00-04:00,90.6500015258789,90.77999877929688,90.6500015258789,90.7699966430664,90.7699966430664,2610
2024-04-24 15:24:00-04:00,90.77999877929688,90.81999969482422,90.76000213623047,90.81999969482422,90.81999969482422,1548
2024-04-24 15:26:00-04:00,90.83999633789062,90.84950256347656,90.77999877929688,90.79000091552734,90.79000091552734,4667
2024-04-24 15:28:00-04:00,90.80999755859375,90.80999755859375,90.7699966430664,90.7750015258789,90.7750015258789,1334
2024-04-24 15:30:00-04:00,90.76000213623047,90.7699966430664,90.76000213623047,90.7699966430664,90.7699966430664,1193
2024-04-24 15:32:00-04:00,90.76000213623047,90.80999755859375,90.76000213623047,90.80500030517578,90.80500030517578,2041
2024-04-24 15:34:00-04:00,90.79000091552734,90.79000091552734,90.76499938964844,90.7699966430664,90.7699966430664,3076
2024-04-24 15:36:00-04:00,90.7699966430664,90.7699966430664,90.7300033569336,90.7300033569336,90.7300033569336,1928
2024-04-24 15:38:00-04:00,90.70999908447266,90.72000122070312,90.62000274658203,90.62000274658203,90.62000274658203,5749
2024-04-24 15:40:00-04:00,90.62999725341797,90.63999938964844,90.62999725341797,90.63999938964844,90.63999938964844,1978
2024-04-24 15:42:00-04:00,90.63999938964844,90.63999938964844,90.63999938964844,90.63999938964844,90.63999938964844,1750
2024-04-24 15:44:00-04:00,90.58409881591797,90.58409881591797,90.55999755859375,90.55999755859375,90.55999755859375,1450
2024-04-24 15:46:00-04:00,90.5999984741211,90.6050033569336,90.55000305175781,90.55000305175781,90.55000305175781,2992
2024-04-24 15:48:00-04:00,90.49150085449219,90.55000305175781,90.48999786376953,90.52999877929688,90.52999877929688,6157
2024-04-24 15:50:00-04:00,90.4800033569336,90.51000213623047,90.44999694824219,90.47000122070312,90.47000122070312,12687
2024-04-24 15:52:00-04:00,90.45999908447266,90.45999908447266,90.37999725341797,90.4000015258789,90.4000015258789,16288
2024-04-24 15:54:00-04:00,90.41000366210938,90.44000244140625,90.34500122070312,90.3550033569336,90.3550033569336,48340
2024-04-24 15:56:00-04:00,90.34500122070312,90.4000015258789,90.2300033569336,90.25,90.25,31138
2024-04-24 15:58:00-04:00,90.25,90.2699966430664,90.1500015258789,90.16999816894531,90.16999816894531,106724
2024-04-25 09:30:00-04:00,90.08999633789062,90.44499969482422,90.08999633789062,90.44499969482422,90.44499969482422,9389
2024-04-25 09:32:00-04:00,90.86060333251953,90.86060333251953,90.1500015258789,90.1500015258789,90.1500015258789,1400
2024-04-25 09:34:00-04:00,90.26000213623047,90.26000213623047,89.97000122070312,89.97000122070312,89.97000122070312,894
2024-04-25 09:36:00-04:00,89.62000274658203,89.62000274658203,89.62000274658203,89.62000274658203,89.62000274658203,853
2024-04-25 09:38:00-04:00,89.7300033569336,89.7300033569336,89.7300033569336,89.7300033569336,89.7300033569336,372
2024-04-25 09:40:00-04:00,89.69339752197266,89.69339752197266,89.48999786376953,89.56500244140625,89.56500244140625,2722
2024-04-25 09:42:00-04:00,89.57039642333984,89.57039642333984,89.06999969482422,89.06999969482422,89.06999969482422,7681
2024-04-25 09:44:00-04:00,89.04000091552734,89.08460235595703,88.97000122070312,88.97000122070312,88.97000122070312,1466
2024-04-25 09:46:00-04:00,88.92780303955078,88.92780303955078,88.83000183105469,88.83000183105469,88.83000183105469,1330
2024-04-25 09:48:00-04:00,88.88999938964844,89.0999984741211,88.79000091552734,88.83999633789062,88.83999633789062,13582
2024-04-25 09:50:00-04:00,88.72000122070312,88.80999755859375,88.63999938964844,88.73999786376953,88.73999786376953,5222
2024-04-25 09:52:00-04:00,88.78500366210938,88.78500366210938,88.55000305175781,88.5999984741211,88.5999984741211,29951
2024-04-25 09:54:00-04:00,88.68000030517578,88.76000213623047,88.5999984741211,88.76000213623047,88.76000213623047,4779
2024-04-25 09:56:00-04:00,88.84500122070312,88.8499984741211,88.7300033569336,88.75900268554688,88.75900268554688,7796
2024-04-25 09:58:00-04:00,88.83999633789062,88.83999633789062,88.51000213623047,88.51000213623047,88.51000213623047,3307
2024-04-25 10:00:00-04:00,88.58999633789062,88.66000366210938,88.5199966430664,88.58000183105469,88.58000183105469,6279
2024-04-25 10:02:00-04:00,88.56500244140625,88.56999969482422,88.3499984741211,88.36299896240234,88.36299896240234,11287
2024-04-25 10:04:00-04:00,88.41500091552734,88.41500091552734,88.27999877929688,88.36000061035156,88.36000061035156,2513
2024-04-25 10:06:00-04:00,88.44999694824219,88.66000366210938,88.44999694824219,88.58999633789062,88.58999633789062,4090
2024-04-25 10:08:00-04:00,88.58999633789062,88.58999633789062,88.41999816894531,88.41999816894531,88.41999816894531,3614
2024-04-25 10:10:00-04:00,88.48500061035156,88.56999969482422,88.4800033569336,88.56999969482422,88.56999969482422,1359
2024-04-25 10:12:00-04:00,88.56999969482422,88.58499908447266,88.5,88.58499908447266,88.58499908447266,2767
2024-04-25 10:14:00-04:00,88.58499908447266,88.58499908447266,88.38999938964844,88.38999938964844,88.38999938964844,2489
2024-04-25 10:16:00-04:00,88.37000274658203,88.44999694824219,88.36000061035156,88.37000274658203,88.37000274658203,3557
2024-04-25 10:18:00-04:00,88.42500305175781,88.47000122070312,88.38999938964844,88.38999938964844,88.38999938964844,2321
2024-04-25 10:20:00-04:00,88.38999938964844,88.45500183105469,88.36000061035156,88.45500183105469,88.45500183105469,3935
2024-04-25 10:22:00-04:00,88.43000030517578,88.43499755859375,88.36000061035156,88.43499755859375,88.43499755859375,2614
2024-04-25 10:24:00-04:00,88.37999725341797,88.44000244140625,88.33000183105469,88.33000183105469,88.33000183105469,3228
2024-04-25 10:26:00-04:00,88.28500366210938,88.28500366210938,88.26000213623047,88.26499938964844,88.26499938964844,3651
2024-04-25 10:28:00-04:00,88.29499816894531,88.3499984741211,88.22000122070312,88.25,88.25,13993
2024-04-25 10:30:00-04:00,88.2750015258789,88.2750015258789,88.20999908447266,88.22000122070312,88.22000122070312,5547
2024-04-25 10:32:00-04:00,88.20999908447266,88.30000305175781,88.16999816894531,88.25499725341797,88.25499725341797,7408
2024-04-25 10:34:00-04:00,88.25,88.28500366210938,88.2300033569336,88.23500061035156,88.23500061035156,2608
2024-04-25 10:36:00-04:00,88.28500366210938,88.45500183105469,88.28500366210938,88.31999969482422,88.31999969482422,4831
2024-04-25 10:38:00-04:00,88.36250305175781,88.36499786376953,88.29000091552734,88.29499816894531,88.29499816894531,1768
2024-04-25 10:40:00-04:00,88.29000091552734,88.3499984741211,88.29000091552734,88.31999969482422,88.31999969482422,1207
2024-04-25 10:42:00-04:00,88.23999786376953,88.25,88.12999725341797,88.23500061035156,88.23500061035156,12697
2024-04-25 10:44:00-04:00,88.16999816894531,88.25,88.16999816894531,88.2300033569336,88.2300033569336,2534
2024-04-25 10:46:00-04:00,88.3499984741211,88.45999908447266,88.3499984741211,88.43000030517578,88.43000030517578,2814
2024-04-25 10:48:00-04:00,88.4000015258789,88.51000213623047,88.37000274658203,88.43000030517578,88.43000030517578,5592
2024-04-25 10:50:00-04:00,88.38999938964844,88.38999938964844,88.31999969482422,88.38500213623047,88.38500213623047,2199
2024-04-25 10:52:00-04:00,88.37000274658203,88.45999908447266,88.33000183105469,88.45999908447266,88.45999908447266,6227
2024-04-25 10:54:00-04:00,88.41999816894531,88.43000030517578,88.33000183105469,88.43000030517578,88.43000030517578,5221
2024-04-25 10:56:00-04:00,88.43000030517578,88.4800033569336,88.43000030517578,88.44999694824219,88.44999694824219,2188
2024-04-25 10:58:00-04:00,88.49500274658203,88.56999969482422,88.45999908447266,88.55000305175781,88.55000305175781,2489
2024-04-25 11:00:00-04:00,88.5199966430664,88.67500305175781,88.4800033569336,88.67500305175781,88.67500305175781,3393
2024-04-25 11:02:00-04:00,88.72000122070312,88.86000061035156,88.69999694824219,88.73999786376953,88.73999786376953,3597
2024-04-25 11:04:00-04:00,88.72000122070312,88.81999969482422,88.72000122070312,88.81999969482422,88.81999969482422,2564
2024-04-25 11:06:00-04:00,88.87000274658203,88.95999908447266,88.87000274658203,88.95999908447266,88.95999908447266,1945
2024-04-25 11:08:00-04:00,89.03500366210938,89.03500366210938,88.9800033569336,89.02999877929688,89.02999877929688,1817
2024-04-25 11:10:00-04:00,89.02999877929688,89.13999938964844,89.01499938964844,89.13999938964844,89.13999938964844,1990
2024-04-25 11:12:00-04:00,89.13999938964844,89.25,89.13999938964844,89.25,89.25,1873
2024-04-25 11:14:00-04:00,89.26000213623047,89.26000213623047,89.16000366210938,89.19000244140625,89.19000244140625,2624
2024-04-25 11:16:00-04:00,89.13999938964844,89.21520233154297,89.13999938964844,89.21520233154297,89.21520233154297,2913
2024-04-25 11:18:00-04:00,89.27999877929688,89.27999877929688,89.27999877929688,89.27999877929688,89.27999877929688,552
2024-04-25 11:20:00-04:00,89.31999969482422,89.3550033569336,89.27999877929688,89.3499984741211,89.3499984741211,1507
2024-04-25 11:22:00-04:00,89.32499694824219,89.32499694824219,89.32499694824219,89.32499694824219,89.32499694824219,616
2024-04-25 11:24:00-04:00,89.38500213623047,89.38500213623047,89.38500213623047,89.38500213623047,89.38500213623047,786
2024-04-25 11:26:00-04:00,89.47000122070312,89.4800033569336,89.44999694824219,89.45999908447266,89.45999908447266,3565
2024-04-25 11:28:00-04:00,89.46980285644531,89.46980285644531,89.37000274658203,89.37000274658203,89.37000274658203,2785
2024-04-25 11:30:00-04:00,89.37000274658203,89.37999725341797,89.37000274658203,89.37999725341797,89.37999725341797,1621
2024-04-25 11:32:00-04:00,89.44999694824219,89.44999694824219,89.37000274658203,89.37000274658203,89.37000274658203,1055
2024-04-25 11:34:00-04:00,89.38999938964844,89.41000366210938,89.38999938964844,89.41000366210938,89.41000366210938,1497
2024-04-25 11:36:00-04:00,89.50559997558594,89.5199966430664,89.44999694824219,89.49500274658203,89.49500274658203,4085
2024-04-25 11:38:00-04:00,89.4800033569336,89.58000183105469,89.44999694824219,89.5,89.5,6028
2024-04-25 11:40:00-04:00,89.4800033569336,89.5199966430664,89.4800033569336,89.48999786376953,89.48999786376953,1202
2024-04-25 11:42:00-04:00,89.48999786376953,89.48999786376953,89.31999969482422,89.33000183105469,89.33000183105469,22645
2024-04-25 11:44:00-04:00,89.31999969482422,89.31999969482422,89.27999877929688,89.30000305175781,89.30000305175781,2636
2024-04-25 11:46:00-04:00,89.29499816894531,89.30000305175781,89.2699966430664,89.30000305175781,89.30000305175781,2072
2024-04-25 11:48:00-04:00,89.29000091552734,89.29000091552734,89.2699966430664,89.28500366210938,89.28500366210938,1751
2024-04-25 11:50:00-04:00,89.28500366210938,89.33000183105469,89.23999786376953,89.33000183105469,89.33000183105469,2775
2024-04-25 11:52:00-04:00,89.30999755859375,89.30999755859375,89.19999694824219,89.26000213623047,89.26000213623047,2319
2024-04-25 11:54:00-04:00,89.29000091552734,89.29499816894531,89.2699966430664,89.29499816894531,89.29499816894531,1485
2024-04-25 11:56:00-04:00,89.2699966430664,89.30000305175781,89.2699966430664,89.30000305175781,89.30000305175781,937
2024-04-25 11:58:00-04:00,89.3052978515625,89.37000274658203,89.3052978515625,89.37000274658203,89.37000274658203,1787
2024-04-25 12:00:00-04:00,89.3499984741211,89.3499984741211,89.2699966430664,89.27999877929688,89.27999877929688,2382
2024-04-25 12:02:00-04:00,89.27999877929688,89.27999877929688,89.27999877929688,89.27999877929688,89.27999877929688,2192
2024-04-25 12:06:00-04:00,89.27999877929688,89.27999877929688,89.25,89.26000213623047,89.26000213623047,2343
2024-04-25 12:10:00-04:00,89.2300033569336,89.27999877929688,89.22000122070312,89.22000122070312,89.22000122070312,2464
2024-04-25 12:14:00-04:00,89.23999786376953,89.23999786376953,89.23999786376953,89.23999786376953,89.23999786376953,1086
2024-04-25 12:16:00-04:00,89.30000305175781,89.31999969482422,89.29000091552734,89.29000091552734,89.29000091552734,3193
2024-04-25 12:18:00-04:00,89.30000305175781,89.30000305175781,89.30000305175781,89.30000305175781,89.30000305175781,481
2024-04-25 12:20:00-04:00,89.30000305175781,89.3499984741211,89.30000305175781,89.3499984741211,89.3499984741211,2502
2024-04-25 12:22:00-04:00,89.36000061035156,89.36000061035156,89.3499984741211,89.3499984741211,89.3499984741211,1339
2024-04-25 12:24:00-04:00,89.37999725341797,89.43000030517578,89.37999725341797,89.41999816894531,89.41999816894531,1479
2024-04-25 12:26:00-04:00,89.43990325927734,89.43990325927734,89.38999938964844,89.40499877929688,89.40499877929688,1080
2024-04-25 12:28:00-04:00,89.41999816894531,89.47000122070312,89.41999816894531,89.44000244140625,89.44000244140625,2511
2024-04-25 12:30:00-04:00,89.44000244140625,89.44000244140625,89.37000274658203,89.37000274658203,89.37000274658203,2938
2024-04-25 12:32:00-04:00,89.30000305175781,89.31330108642578,89.19999694824219,89.20999908447266,89.20999908447266,5237
2024-04-25 12:34:00-04:00,89.2300033569336,89.2300033569336,89.2300033569336,89.2300033569336,89.2300033569336,782
2024-04-25 12:36:00-04:00,89.22000122070312,89.22000122070312,89.20999908447266,89.20999908447266,89.20999908447266,1752
2024-04-25 12:38:00-04:00,89.16999816894531,89.16999816894531,89.15499877929688,89.15499877929688,89.15499877929688,1469
2024-04-25 12:40:00-04:00,89.2300033569336,89.26460266113281,89.2300033569336,89.26460266113281,89.26460266113281,1257
2024-04-25 12:42:00-04:00,89.2300033569336,89.2300033569336,89.2300033569336,89.2300033569336,89.2300033569336,1318
2024-04-25 12:44:00-04:00,89.23500061035156,89.2699966430664,89.23500061035156,89.2699966430664,89.2699966430664,1041
2024-04-25 12:46:00-04:00,89.27999877929688,89.27999877929688,89.27999877929688,89.27999877929688,89.27999877929688,800
2024-04-25 12:48:00-04:00,89.30999755859375,89.3499984741211,89.30999755859375,89.3499984741211,89.3499984741211,1050
2024-04-25 12:50:00-04:00,89.4000015258789,89.4000015258789,89.36000061035156,89.36000061035156,89.36000061035156,1943
2024-04-25 12:54:00-04:00,89.48999786376953,89.58000183105469,89.48999786376953,89.5,89.5,4208
2024-04-25 12:56:00-04:00,89.49649810791016,89.50749969482422,89.44499969482422,89.44499969482422,89.44499969482422,3094
2024-04-25 12:58:00-04:00,89.44499969482422,89.5,89.41500091552734,89.5,89.5,2745
2024-04-25 13:00:00-04:00,89.43000030517578,89.43000030517578,89.33000183105469,89.33000183105469,89.33000183105469,1445
2024-04-25 13:02:00-04:00,89.4000015258789,89.4000015258789,89.4000015258789,89.4000015258789,89.4000015258789,196
2024-04-25 13:04:00-04:00,89.51000213623047,89.51000213623047,89.45999908447266,89.45999908447266,89.45999908447266,1775
2024-04-25 13:06:00-04:00,89.43000030517578,89.43000030517578,89.43000030517578,89.43000030517578,89.43000030517578,2623
2024-04-25 13:08:00-04:00,89.37999725341797,89.37999725341797,89.26000213623047,89.26499938964844,89.26499938964844,4405
2024-04-25 13:10:00-04:00,89.23999786376953,89.25499725341797,89.11000061035156,89.11000061035156,89.11000061035156,3525
2024-04-25 13:12:00-04:00,89.1500015258789,89.22000122070312,89.1500015258789,89.22000122070312,89.22000122070312,1339
2024-04-25 13:14:00-04:00,89.25499725341797,89.25499725341797,89.2249984741211,89.2249984741211,89.2249984741211,823
2024-04-25 13:16:00-04:00,89.23500061035156,89.23500061035156,89.19000244140625,89.19000244140625,89.19000244140625,1561
2024-04-25 13:20:00-04:00,89.20500183105469,89.2699966430664,89.18000030517578,89.2699966430664,89.2699966430664,2073
2024-04-25 13:22:00-04:00,89.27999877929688,89.31999969482422,89.2699966430664,89.31999969482422,89.31999969482422,5048
2024-04-25 13:24:00-04:00,89.36000061035156,89.44499969482422,89.36000061035156,89.44499969482422,89.44499969482422,5853
2024-04-25 13:26:00-04:00,89.44000244140625,89.44000244140625,89.41000366210938,89.41999816894531,89.41999816894531,1273
2024-04-25 13:28:00-04:00,89.41000366210938,89.44000244140625,89.41000366210938,89.44000244140625,89.44000244140625,2019
2024-04-25 13:30:00-04:00,89.47000122070312,89.47000122070312,89.4000015258789,89.44999694824219,89.44999694824219,3740
2024-04-25 13:32:00-04:00,89.41000366210938,89.5,89.41000366210938,89.5,89.5,1638
2024-04-25 13:34:00-04:00,89.5,89.5,89.37000274658203,89.37000274658203,89.37000274658203,3111
2024-04-25 13:36:00-04:00,89.3550033569336,89.43000030517578,89.3550033569336,89.43000030517578,89.43000030517578,882
2024-04-25 13:38:00-04:00,89.4800033569336,89.5,89.45999908447266,89.5,89.5,2793
2024-04-25 13:40:00-04:00,89.4800033569336,89.4800033569336,89.4800033569336,89.4800033569336,89.4800033569336,833
2024-04-25 13:42:00-04:00,89.45999908447266,89.5250015258789,89.45999908447266,89.5199966430664,89.5199966430664,2565
2024-04-25 13:44:00-04:00,89.5250015258789,89.5250015258789,89.5250015258789,89.5250015258789,89.5250015258789,1222
2024-04-25 13:46:00-04:00,89.55999755859375,89.5999984741211,89.51000213623047,89.55500030517578,89.55500030517578,11509
2024-04-25 13:48:00-04:00,89.56999969482422,89.59500122070312,89.55000305175781,89.55999755859375,89.55999755859375,2278
2024-04-25 13:50:00-04:00,89.55999755859375,89.57499694824219,89.53500366210938,89.53500366210938,89.53500366210938,2634
2024-04-25 13:52:00-04:00,89.51000213623047,89.61000061035156,89.51000213623047,89.61000061035156,89.61000061035156,12361
2024-04-25 13:54:00-04:00,89.5999984741211,89.61000061035156,89.56999969482422,89.58000183105469,89.58000183105469,3366
2024-04-25 13:56:00-04:00,89.55000305175781,89.58000183105469,89.54000091552734,89.55500030517578,89.55500030517578,1954
2024-04-25 13:58:00-04:00,89.56999969482422,89.56999969482422,89.56999969482422,89.56999969482422,89.56999969482422,128
2024-04-25 14:00:00-04:00,89.57499694824219,89.58000183105469,89.52999877929688,89.52999877929688,89.52999877929688,2437
2024-04-25 14:02:00-04:00,89.5199966430664,89.52999877929688,89.48999786376953,89.48999786376953,89.48999786376953,4079
2024-04-25 14:04:00-04:00,89.5199966430664,89.5199966430664,89.4800033569336,89.4800033569336,89.4800033569336,3938
2024-04-25 14:06:00-04:00,89.48500061035156,89.5199966430664,89.47000122070312,89.5,89.5,2542
2024-04-25 14:08:00-04:00,89.5,89.52999877929688,89.5,89.52999877929688,89.52999877929688,2952
2024-04-25 14:10:00-04:00,89.5199966430664,89.52999877929688,89.50499725341797,89.51000213623047,89.51000213623047,2677
2024-04-25 14:12:00-04:00,89.5199966430664,89.63999938964844,89.5,89.63999938964844,89.63999938964844,6799
2024-04-25 14:14:00-04:00,89.62000274658203,89.62000274658203,89.5999984741211,89.62000274658203,89.62000274658203,1746
2024-04-25 14:16:00-04:00,89.61000061035156,89.70999908447266,89.61000061035156,89.70999908447266,89.70999908447266,1555
2024-04-25 14:18:00-04:00,89.7300033569336,89.75,89.7300033569336,89.75,89.75,392
2024-04-25 14:20:00-04:00,89.75,89.78500366210938,89.75,89.78500366210938,89.78500366210938,1158
2024-04-25 14:22:00-04:00,89.80500030517578,89.80500030517578,89.75,89.78500366210938,89.78500366210938,3018
2024-04-25 14:24:00-04:00,89.80500030517578,89.88999938964844,89.80500030517578,89.88089752197266,89.88089752197266,3436
2024-04-25 14:26:00-04:00,89.94000244140625,89.94000244140625,89.9000015258789,89.9000015258789,89.9000015258789,3867
2024-04-25 14:28:00-04:00,89.91000366210938,89.91999816894531,89.72000122070312,89.72000122070312,89.72000122070312,4922
2024-04-25 14:30:00-04:00,89.75,89.83000183105469,89.75,89.81500244140625,89.81500244140625,1073
2024-04-25 14:32:00-04:00,89.87899780273438,89.87899780273438,89.81999969482422,89.81999969482422,89.81999969482422,1426
2024-04-25 14:34:00-04:00,89.83999633789062,89.83999633789062,89.83999633789062,89.83999633789062,89.83999633789062,1361
2024-04-25 14:36:00-04:00,89.87000274658203,89.88999938964844,89.87000274658203,89.88999938964844,89.88999938964844,1168
2024-04-25 14:38:00-04:00,89.91999816894531,89.91999816894531,89.87999725341797,89.91500091552734,89.91500091552734,1654
2024-04-25 14:40:00-04:00,89.9000015258789,89.91999816894531,89.86000061035156,89.91999816894531,89.91999816894531,3430
2024-04-25 14:42:00-04:00,89.91000366210938,89.98999786376953,89.91000366210938,89.98999786376953,89.98999786376953,3573
2024-04-25 14:44:00-04:00,89.91999816894531,89.93000030517578,89.91000366210938,89.91000366210938,89.91000366210938,804
2024-04-25 14:46:00-04:00,89.93000030517578,89.93000030517578,89.91000366210938,89.91999816894531,89.91999816894531,2034
2024-04-25 14:48:00-04:00,89.91999816894531,89.91999816894531,89.8499984741211,89.8499984741211,89.8499984741211,3582
2024-04-25 14:50:00-04:00,89.80500030517578,89.87000274658203,89.80500030517578,89.83499908447266,89.83499908447266,2242
2024-04-25 14:52:00-04:00,89.83499908447266,89.83999633789062,89.83499908447266,89.83999633789062,89.83999633789062,2836
2024-04-25 14:54:00-04:00,89.82099914550781,89.83000183105469,89.75,89.76499938964844,89.76499938964844,3601
2024-04-25 14:56:00-04:00,89.81999969482422,89.83499908447266,89.80000305175781,89.80000305175781,89.80000305175781,1072
2024-04-25 14:58:00-04:00,89.86000061035156,89.88999938964844,89.81999969482422,89.83000183105469,89.83000183105469,3119
2024-04-25 15:00:00-04:00,89.80000305175781,89.80000305175781,89.7300033569336,89.80000305175781,89.80000305175781,3568
2024-04-25 15:02:00-04:00,89.83000183105469,89.87000274658203,89.80000305175781,89.80000305175781,89.80000305175781,2505
2024-04-25 15:04:00-04:00,89.77999877929688,89.81999969482422,89.77999877929688,89.81999969482422,89.81999969482422,2603
2024-04-25 15:06:00-04:00,89.7699966430664,89.7750015258789,89.7614974975586,89.7750015258789,89.7750015258789,1433
2024-04-25 15:08:00-04:00,89.79000091552734,89.79000091552734,89.75,89.75499725341797,89.75499725341797,1153
2024-04-25 15:10:00-04:00,89.73999786376953,89.76000213623047,89.73500061035156,89.76000213623047,89.76000213623047,2561
2024-04-25 15:12:00-04:00,89.77999877929688,89.8499984741211,89.77999877929688,89.8499984741211,89.8499984741211,1945
2024-04-25 15:14:00-04:00,89.83999633789062,89.8499984741211,89.83999633789062,89.8499984741211,89.8499984741211,947
2024-04-25 15:16:00-04:00,89.88999938964844,89.93000030517578,89.88999938964844,89.93000030517578,89.93000030517578,2294
2024-04-25 15:18:00-04:00,89.94999694824219,90.0,89.94000244140625,90.0,90.0,848
2024-04-25 15:20:00-04:00,90.0,90.06999969482422,89.9800033569336,90.04000091552734,90.04000091552734,2511
2024-04-25 15:22:00-04:00,90.04000091552734,90.06999969482422,89.98999786376953,89.98999786376953,89.98999786376953,5515
2024-04-25 15:24:00-04:00,90.02999877929688,90.02999877929688,89.94000244140625,89.94000244140625,89.94000244140625,2052
2024-04-25 15:26:00-04:00,89.95999908447266,89.95999908447266,89.93000030517578,89.94999694824219,89.94999694824219,4210
2024-04-25 15:28:00-04:00,89.93000030517578,89.94999694824219,89.9000015258789,89.94999694824219,89.94999694824219,2317
2024-04-25 15:30:00-04:00,89.93499755859375,89.93499755859375,89.83999633789062,89.83999633789062,89.83999633789062,3449
2024-04-25 15:32:00-04:00,89.83000183105469,89.83999633789062,89.79000091552734,89.80999755859375,89.80999755859375,3863
2024-04-25 15:34:00-04:00,89.80500030517578,89.83000183105469,89.80500030517578,89.83000183105469,89.83000183105469,892
2024-04-25 15:36:00-04:00,89.80000305175781,89.86499786376953,89.77999877929688,89.80999755859375,89.80999755859375,4575
2024-04-25 15:38:00-04:00,89.80000305175781,89.80000305175781,89.76000213623047,89.79000091552734,89.79000091552734,3477
2024-04-25 15:40:00-04:00,89.81999969482422,89.83000183105469,89.70999908447266,89.70999908447266,89.70999908447266,6784
2024-04-25 15:42:00-04:00,89.69999694824219,89.77999877929688,89.69999694824219,89.7699966430664,89.7699966430664,4479
2024-04-25 15:44:00-04:00,89.80000305175781,89.80249786376953,89.7750015258789,89.7750015258789,89.7750015258789,4003
2024-04-25 15:46:00-04:00,89.77999877929688,89.80999755859375,89.73999786376953,89.7699966430664,89.7699966430664,6220
2024-04-25 15:48:00-04:00,89.79000091552734,89.79000091552734,89.66999816894531,89.72000122070312,89.72000122070312,6531
2024-04-25 15:50:00-04:00,89.70999908447266,89.75,89.66000366210938,89.75,89.75,11923
2024-04-25 15:52:00-04:00,89.7699966430664,89.80000305175781,89.75,89.77999877929688,89.77999877929688,13313
2024-04-25 15:54:00-04:00,89.76499938964844,89.88999938964844,89.76000213623047,89.87000274658203,89.87000274658203,17377
2024-04-25 15:56:00-04:00,89.86000061035156,89.91000366210938,89.80999755859375,89.87999725341797,89.87999725341797,23113
2024-04-25 15:58:00-04:00,89.87999725341797,89.93000030517578,89.87999725341797,89.93000030517578,89.93000030517578,36139
2024-04-26 09:30:00-04:00,89.66999816894531,89.70999908447266,89.66999816894531,89.70999908447266,89.70999908447266,4328
2024-04-26 09:32:00-04:00,89.7249984741211,89.75499725341797,89.51000213623047,89.61000061035156,89.61000061035156,2714
2024-04-26 09:34:00-04:00,89.6050033569336,89.70500183105469,89.6050033569336,89.68000030517578,89.68000030517578,2422
2024-04-26 09:36:00-04:00,89.63999938964844,89.95999908447266,89.62999725341797,89.77999877929688,89.77999877929688,4765
2024-04-26 09:38:00-04:00,89.8499984741211,89.87000274658203,89.8499984741211,89.87000274658203,89.87000274658203,895
2024-04-26 09:40:00-04:00,89.94499969482422,90.11499786376953,89.88500213623047,89.88500213623047,89.88500213623047,13699
2024-04-26 09:42:00-04:00,89.87999725341797,90.04000091552734,89.87999725341797,89.94000244140625,89.94000244140625,8868
2024-04-26 09:44:00-04:00,89.93499755859375,89.94000244140625,89.73999786376953,89.73999786376953,89.73999786376953,5299
2024-04-26 09:46:00-04:00,89.79499816894531,89.79499816894531,89.61000061035156,89.62999725341797,89.62999725341797,2868
2024-04-26 09:48:00-04:00,89.62000274658203,89.6500015258789,89.55000305175781,89.63999938964844,89.63999938964844,3478
2024-04-26 09:50:00-04:00,89.70500183105469,89.76000213623047,89.56999969482422,89.58000183105469,89.58000183105469,4810
2024-04-26 09:52:00-04:00,89.58999633789062,89.7699966430664,89.56999969482422,89.75,89.75,4148
2024-04-26 09:54:00-04:00,89.73999786376953,89.73999786376953,89.58000183105469,89.63500213623047,89.63500213623047,4722
2024-04-26 09:56:00-04:00,89.58000183105469,89.6050033569336,89.58000183105469,89.6050033569336,89.6050033569336,1226
2024-04-26 09:58:00-04:00,89.68000030517578,89.68000030517578,89.68000030517578,89.68000030517578,89.68000030517578,745
2024-04-26 10:00:00-04:00,89.79499816894531,89.79499816894531,89.62999725341797,89.68499755859375,89.68499755859375,5624
2024-04-26 10:02:00-04:00,89.75,89.7750015258789,89.70999908447266,89.7249984741211,89.7249984741211,3372
2024-04-26 10:04:00-04:00,89.76000213623047,89.7699966430664,89.56999969482422,89.5999984741211,89.5999984741211,6527
2024-04-26 10:06:00-04:00,89.65499877929688,89.70999908447266,89.55999755859375,89.70999908447266,89.70999908447266,3915
2024-04-26 10:08:00-04:00,89.71499633789062,89.71499633789062,89.65499877929688,89.65499877929688,89.65499877929688,3520
2024-04-26 10:10:00-04:00,89.75,89.78500366210938,89.74500274658203,89.78500366210938,89.78500366210938,2755
2024-04-26 10:12:00-04:00,89.77999877929688,89.77999877929688,89.69539642333984,89.73500061035156,89.73500061035156,3299
2024-04-26 10:14:00-04:00,89.7300033569336,89.75,89.62999725341797,89.6500015258789,89.6500015258789,5801
2024-04-26 10:16:00-04:00,89.6449966430664,89.68000030517578,89.5999984741211,89.68000030517578,89.68000030517578,4500
2024-04-26 10:18:00-04:00,89.68000030517578,89.69999694824219,89.58999633789062,89.69999694824219,89.69999694824219,4485
2024-04-26 10:20:00-04:00,89.68000030517578,89.68000030517578,89.5199966430664,89.52999877929688,89.52999877929688,2762
2024-04-26 10:22:00-04:00,89.55000305175781,89.58000183105469,89.51000213623047,89.51000213623047,89.51000213623047,4188
2024-04-26 10:24:00-04:00,89.57859802246094,89.58000183105469,89.50499725341797,89.50499725341797,89.50499725341797,2874
2024-04-26 10:26:00-04:00,89.52999877929688,89.61000061035156,89.52999877929688,89.5999984741211,89.5999984741211,4203
2024-04-26 10:28:00-04:00,89.59500122070312,89.59500122070312,89.38999938964844,89.44000244140625,89.44000244140625,3822
2024-04-26 10:30:00-04:00,89.41000366210938,89.45999908447266,89.4000015258789,89.45999908447266,89.45999908447266,2646
2024-04-26 10:32:00-04:00,89.65499877929688,89.65499877929688,89.62999725341797,89.62999725341797,89.62999725341797,2014
2024-04-26 10:34:00-04:00,89.56999969482422,89.56999969482422,89.52999877929688,89.55500030517578,89.55500030517578,2041
2024-04-26 10:36:00-04:00,89.58000183105469,89.62000274658203,89.58000183105469,89.61000061035156,89.61000061035156,1478
2024-04-26 10:38:00-04:00,89.69000244140625,89.69000244140625,89.6500015258789,89.6500015258789,89.6500015258789,792
2024-04-26 10:40:00-04:00,89.68990325927734,89.70999908447266,89.62999725341797,89.70999908447266,89.70999908447266,2763
2024-04-26 10:42:00-04:00,89.72000122070312,89.72000122070312,89.72000122070312,89.72000122070312,89.72000122070312,1731
2024-04-26 10:44:00-04:00,89.68000030517578,89.68000030517578,89.63999938964844,89.63999938964844,89.63999938964844,1029
2024-04-26 10:46:00-04:00,89.58000183105469,89.58000183105469,89.58000183105469,89.58000183105469,89.58000183105469,1469
2024-04-26 10:48:00-04:00,89.62000274658203,89.62000274658203,89.62000274658203,89.62000274658203,89.62000274658203,1281
2024-04-26 10:50:00-04:00,89.80999755859375,89.9000015258789,89.80999755859375,89.87999725341797,89.87999725341797,2392
2024-04-26 10:52:00-04:00,89.95500183105469,90.01000213623047,89.91999816894531,89.9800033569336,89.9800033569336,12790
2024-04-26 10:54:00-04:00,90.0,90.0,89.93499755859375,89.9800033569336,89.9800033569336,1716
2024-04-26 10:56:00-04:00,89.93000030517578,89.93000030517578,89.76000213623047,89.76000213623047,89.76000213623047,2922
2024-04-26 10:58:00-04:00,89.76000213623047,89.87999725341797,89.76000213623047,89.87999725341797,89.87999725341797,3652
2024-04-26 11:00:00-04:00,89.8823013305664,89.8823013305664,89.86499786376953,89.86499786376953,89.86499786376953,1290
2024-04-26 11:02:00-04:00,89.88500213623047,89.88500213623047,89.75,89.75,89.75,2036
2024-04-26 11:04:00-04:00,89.7300033569336,89.7300033569336,89.72000122070312,89.72000122070312,89.72000122070312,839
2024-04-26 11:06:00-04:00,89.66999816894531,89.66999816894531,89.56999969482422,89.56999969482422,89.56999969482422,2069
2024-04-26 11:08:00-04:00,89.58000183105469,89.58499908447266,89.51000213623047,89.55000305175781,89.55000305175781,3086
2024-04-26 11:10:00-04:00,89.51499938964844,89.62000274658203,89.46600341796875,89.4800033569336,89.4800033569336,5287
2024-04-26 11:12:00-04:00,89.5,89.5,89.3864974975586,89.3864974975586,89.3864974975586,4092
2024-04-26 11:14:00-04:00,89.4198989868164,89.4198989868164,89.37000274658203,89.375,89.375,2762
2024-04-26 11:16:00-04:00,89.48999786376953,89.5,89.36000061035156,89.36000061035156,89.36000061035156,2659
2024-04-26 11:18:00-04:00,89.375,89.375,89.33000183105469,89.33000183105469,89.33000183105469,1804
2024-04-26 11:20:00-04:00,89.33000183105469,89.33000183105469,89.23999786376953,89.23999786376953,89.23999786376953,1305
2024-04-26 11:22:00-04:00,89.26499938964844,89.31999969482422,89.23999786376953,89.31999969482422,89.31999969482422,2887
2024-04-26 11:24:00-04:00,89.27999877929688,89.29000091552734,89.23999786376953,89.2750015258789,89.2750015258789,2099
2024-04-26 11:26:00-04:00,89.30999755859375,89.33999633789062,89.30999755859375,89.30999755859375,89.30999755859375,2886
2024-04-26 11:28:00-04:00,89.2300033569336,89.2300033569336,89.19000244140625,89.19999694824219,89.19999694824219,1130
2024-04-26 11:30:00-04:00,89.17500305175781,89.18000030517578,89.08999633789062,89.13999938964844,89.13999938964844,2304
2024-04-26 11:32:00-04:00,89.19999694824219,89.19999694824219,89.02999877929688,89.02999877929688,89.02999877929688,3052
2024-04-26 11:36:00-04:00,89.06999969482422,89.11250305175781,89.05000305175781,89.05000305175781,89.05000305175781,1539
2024-04-26 11:38:00-04:00,89.02999877929688,89.0999984741211,88.94000244140625,88.97000122070312,88.97000122070312,9493
2024-04-26 11:40:00-04:00,88.9800033569336,89.01000213623047,88.9000015258789,88.9000015258789,88.9000015258789,4184
2024-04-26 11:42:00-04:00,88.9000015258789,89.0199966430664,88.9000015258789,89.0,89.0,5194
2024-04-26 11:44:00-04:00,88.97000122070312,89.0999984741211,88.97000122070312,89.08499908447266,89.08499908447266,4977
2024-04-26 11:46:00-04:00,89.09729766845703,89.09729766845703,89.01000213623047,89.01000213623047,89.01000213623047,6381
2024-04-26 11:48:00-04:00,89.04000091552734,89.08999633789062,89.0,89.08999633789062,89.08999633789062,6253
2024-04-26 11:50:00-04:00,89.09500122070312,89.09500122070312,89.05000305175781,89.05000305175781,89.05000305175781,2717
2024-04-26 11:52:00-04:00,89.02999877929688,89.0999984741211,89.02999877929688,89.06500244140625,89.06500244140625,3563
2024-04-26 11:54:00-04:00,89.06500244140625,89.11000061035156,89.06500244140625,89.06999969482422,89.06999969482422,6376
2024-04-26 11:56:00-04:00,89.06500244140625,89.1260986328125,89.04000091552734,89.125,89.125,4579
2024-04-26 11:58:00-04:00,89.12999725341797,89.12999725341797,89.12000274658203,89.12000274658203,89.12000274658203,816
2024-04-26 12:00:00-04:00,89.11000061035156,89.13999938964844,89.08000183105469,89.11000061035156,89.11000061035156,4432
2024-04-26 12:02:00-04:00,89.12999725341797,89.1500015258789,89.11000061035156,89.11000061035156,89.11000061035156,2882
2024-04-26 12:04:00-04:00,89.11499786376953,89.13999938964844,89.08000183105469,89.08000183105469,89.08000183105469,1811
2024-04-26 12:06:00-04:00,89.08000183105469,89.0999984741211,89.05000305175781,89.08999633789062,89.08999633789062,2312
2024-04-26 12:08:00-04:00,89.08000183105469,89.19999694824219,89.08000183105469,89.16850280761719,89.16850280761719,2385
2024-04-26 12:10:00-04:00,89.19999694824219,89.19999694824219,89.08999633789062,89.08999633789062,89.08999633789062,2256
2024-04-26 12:12:00-04:00,89.11000061035156,89.18900299072266,89.05999755859375,89.18900299072266,89.18900299072266,2868
2024-04-26 12:14:00-04:00,89.16000366210938,89.19000244140625,89.16000366210938,89.19000244140625,89.19000244140625,1476
2024-04-26 12:16:00-04:00,89.16000366210938,89.19999694824219,89.16000366210938,89.19999694824219,89.19999694824219,1456
2024-04-26 12:20:00-04:00,89.23999786376953,89.2699966430664,89.2300033569336,89.2699966430664,89.2699966430664,1189
2024-04-26 12:22:00-04:00,89.25,89.28500366210938,89.23999786376953,89.28500366210938,89.28500366210938,2389
2024-04-26 12:24:00-04:00,89.28500366210938,89.31999969482422,89.25,89.29000091552734,89.29000091552734,2853
2024-04-26 12:26:00-04:00,89.27999877929688,89.38999938964844,89.27999877929688,89.38999938964844,89.38999938964844,3445
2024-04-26 12:28:00-04:00,89.3499984741211,89.38999938964844,89.33999633789062,89.3499984741211,89.3499984741211,7939
2024-04-26 12:30:00-04:00,89.33999633789062,89.33999633789062,89.18000030517578,89.18000030517578,89.18000030517578,5094
2024-04-26 12:32:00-04:00,89.1500015258789,89.2300033569336,89.1500015258789,89.2300033569336,89.2300033569336,2366
2024-04-26 12:34:00-04:00,89.26000213623047,89.26000213623047,89.20999908447266,89.20999908447266,89.20999908447266,1398
2024-04-26 12:36:00-04:00,89.20999908447266,89.25,89.20999908447266,89.25,89.25,770
2024-04-26 12:38:00-04:00,89.22000122070312,89.2699966430664,89.20999908447266,89.2699966430664,89.2699966430664,1478
2024-04-26 12:40:00-04:00,89.26570129394531,89.26570129394531,89.26570129394531,89.26570129394531,89.26570129394531,421
2024-04-26 12:42:00-04:00,89.31999969482422,89.3550033569336,89.2699966430664,89.2750015258789,89.2750015258789,3621
2024-04-26 12:44:00-04:00,89.29000091552734,89.29000091552734,89.29000091552734,89.29000091552734,89.29000091552734,431
2024-04-26 12:46:00-04:00,89.30999755859375,89.30999755859375,89.19999694824219,89.19999694824219,89.19999694824219,6759
2024-04-26 12:48:00-04:00,89.19000244140625,89.19000244140625,89.08999633789062,89.08999633789062,89.08999633789062,7465
2024-04-26 12:50:00-04:00,89.0199966430664,89.0999984741211,88.97000122070312,89.01499938964844,89.01499938964844,6421
2024-04-26 12:52:00-04:00,89.00700378417969,89.02999877929688,89.00700378417969,89.02999877929688,89.02999877929688,1175
2024-04-26 12:54:00-04:00,89.02999877929688,89.02999877929688,88.98999786376953,88.98999786376953,88.98999786376953,2083
2024-04-26 12:56:00-04:00,88.95999908447266,88.98999786376953,88.93000030517578,88.98999786376953,88.98999786376953,4525
2024-04-26 12:58:00-04:00,89.02999877929688,89.12000274658203,89.02999877929688,89.12000274658203,89.12000274658203,1578
2024-04-26 13:00:00-04:00,89.0999984741211,89.0999984741211,88.98500061035156,88.98500061035156,88.98500061035156,5015
2024-04-26 13:02:00-04:00,89.0,89.0,88.9800033569336,88.98999786376953,88.98999786376953,962
2024-04-26 13:04:00-04:00,89.01000213623047,89.04000091552734,88.9800033569336,89.02999877929688,89.02999877929688,5588
2024-04-26 13:06:00-04:00,89.01000213623047,89.03500366210938,88.9800033569336,88.9800033569336,88.9800033569336,2111
2024-04-26 13:08:00-04:00,88.9800033569336,89.0199966430664,88.95999908447266,89.0199966430664,89.0199966430664,3788
2024-04-26 13:10:00-04:00,89.05000305175781,89.06999969482422,89.04000091552734,89.04000091552734,89.04000091552734,2309
2024-04-26 13:12:00-04:00,89.01000213623047,89.0199966430664,89.0,89.0,89.0,1301
2024-04-26 13:14:00-04:00,89.06999969482422,89.11000061035156,89.05999755859375,89.05999755859375,89.05999755859375,4302
2024-04-26 13:16:00-04:00,89.07710266113281,89.09609985351562,88.98999786376953,88.98999786376953,88.98999786376953,2420
2024-04-26 13:18:00-04:00,88.95999908447266,89.01000213623047,88.94000244140625,89.01000213623047,89.01000213623047,3238
2024-04-26 13:20:00-04:00,89.03500366210938,89.11499786376953,89.03500366210938,89.11499786376953,89.11499786376953,1533
2024-04-26 13:22:00-04:00,89.11499786376953,89.11499786376953,89.04000091552734,89.04000091552734,89.04000091552734,3681
2024-04-26 13:24:00-04:00,89.04000091552734,89.05000305175781,89.04000091552734,89.05000305175781,89.05000305175781,1599
2024-04-26 13:26:00-04:00,89.08999633789062,89.12000274658203,89.08999633789062,89.08999633789062,89.08999633789062,2164
2024-04-26 13:28:00-04:00,89.11000061035156,89.11000061035156,89.08999633789062,89.1050033569336,89.1050033569336,1497
2024-04-26 13:30:00-04:00,89.08000183105469,89.08000183105469,89.06999969482422,89.06999969482422,89.06999969482422,1755
2024-04-26 13:32:00-04:00,89.08999633789062,89.08999633789062,89.06999969482422,89.06999969482422,89.06999969482422,636
2024-04-26 13:34:00-04:00,89.08999633789062,89.12999725341797,89.08999633789062,89.11499786376953,89.11499786376953,3089
2024-04-26 13:36:00-04:00,89.1449966430664,89.16000366210938,89.11000061035156,89.12999725341797,89.12999725341797,5036
2024-04-26 13:38:00-04:00,89.12999725341797,89.18000030517578,89.0999984741211,89.16000366210938,89.16000366210938,4445
2024-04-26 13:40:00-04:00,89.16500091552734,89.16999816894531,89.11000061035156,89.11000061035156,89.11000061035156,7128
2024-04-26 13:42:00-04:00,89.125,89.19000244140625,89.125,89.19000244140625,89.19000244140625,3484
2024-04-26 13:44:00-04:00,89.19000244140625,89.19000244140625,89.1500015258789,89.16999816894531,89.16999816894531,3049
2024-04-26 13:46:00-04:00,89.1500015258789,89.21600341796875,89.1500015258789,89.21499633789062,89.21499633789062,4547
2024-04-26 13:48:00-04:00,89.2300033569336,89.25,89.19999694824219,89.19999694824219,89.19999694824219,3183
2024-04-26 13:50:00-04:00,89.21499633789062,89.25,89.21499633789062,89.23500061035156,89.23500061035156,2375
2024-04-26 13:52:00-04:00,89.25499725341797,89.27999877929688,89.25,89.26000213623047,89.26000213623047,4234
2024-04-26 13:54:00-04:00,89.27999877929688,89.30000305175781,89.26000213623047,89.27999877929688,89.27999877929688,2303
2024-04-26 13:56:00-04:00,89.27999877929688,89.27999877929688,89.23999786376953,89.25,89.25,1280
2024-04-26 13:58:00-04:00,89.23999786376953,89.23999786376953,89.16999816894531,89.16999816894531,89.16999816894531,2652
2024-04-26 14:00:00-04:00,89.18499755859375,89.23999786376953,89.1500015258789,89.20999908447266,89.20999908447266,3540
2024-04-26 14:02:00-04:00,89.18499755859375,89.20999908447266,89.18499755859375,89.19999694824219,89.19999694824219,1373
2024-04-26 14:04:00-04:00,89.16000366210938,89.20999908447266,89.16000366210938,89.20999908447266,89.20999908447266,2019
2024-04-26 14:06:00-04:00,89.19000244140625,89.20999908447266,89.19000244140625,89.20999908447266,89.20999908447266,828
2024-04-26 14:08:00-04:00,89.22000122070312,89.23999786376953,89.19999694824219,89.23999786376953,89.23999786376953,4654
2024-04-26 14:10:00-04:00,89.16500091552734,89.16500091552734,89.0999984741211,89.0999984741211,89.0999984741211,2328
2024-04-26 14:12:00-04:00,89.0999984741211,89.13999938964844,89.0999984741211,89.0999984741211,89.0999984741211,2393
2024-04-26 14:14:00-04:00,89.11000061035156,89.12000274658203,89.05999755859375,89.12000274658203,89.12000274658203,4304
2024-04-26 14:16:00-04:00,89.08999633789062,89.08999633789062,89.08999633789062,89.08999633789062,89.08999633789062,786
2024-04-26 14:18:00-04:00,89.05999755859375,89.11000061035156,89.02999877929688,89.0999984741211,89.0999984741211,2808
2024-04-26 14:20:00-04:00,89.1050033569336,89.12999725341797,89.06500244140625,89.06500244140625,89.06500244140625,5070
2024-04-26 14:22:00-04:00,89.02999877929688,89.02999877929688,89.0250015258789,89.0250015258789,89.0250015258789,761
2024-04-26 14:24:00-04:00,89.0199966430664,89.0199966430664,88.95999908447266,88.97000122070312,88.97000122070312,2223
2024-04-26 14:26:00-04:00,89.0,89.0999984741211,88.97000122070312,89.08000183105469,89.08000183105469,2570
2024-04-26 14:28:00-04:00,89.06999969482422,89.08000183105469,89.05000305175781,89.05999755859375,89.05999755859375,1486
2024-04-26 14:30:00-04:00,89.05000305175781,89.05000305175781,89.0199966430664,89.0199966430664,89.0199966430664,3355
2024-04-26 14:32:00-04:00,89.08000183105469,89.08000183105469,89.02010345458984,89.02999877929688,89.02999877929688,1703
2024-04-26 14:34:00-04:00,88.97000122070312,89.01000213623047,88.97000122070312,89.01000213623047,89.01000213623047,2492
2024-04-26 14:36:00-04:00,88.99009704589844,89.0,88.94999694824219,88.94999694824219,88.94999694824219,3066
2024-04-26 14:38:00-04:00,88.97000122070312,89.02999877929688,88.97000122070312,89.01499938964844,89.01499938964844,3148
2024-04-26 14:40:00-04:00,89.01499938964844,89.0199966430664,88.98999786376953,89.0199966430664,89.0199966430664,1854
2024-04-26 14:42:00-04:00,89.0999984741211,89.0999984741211,89.05000305175781,89.05000305175781,89.05000305175781,1317
2024-04-26 14:44:00-04:00,89.05000305175781,89.06999969482422,89.04000091552734,89.06999969482422,89.06999969482422,2773
2024-04-26 14:46:00-04:00,89.08999633789062,89.08999633789062,89.06999969482422,89.08000183105469,89.08000183105469,2289
2024-04-26 14:48:00-04:00,89.0999984741211,89.11000061035156,89.06999969482422,89.06999969482422,89.06999969482422,2682
2024-04-26 14:50:00-04:00,89.08499908447266,89.11000061035156,89.08000183105469,89.0999984741211,89.0999984741211,3766
2024-04-26 14:52:00-04:00,89.06999969482422,89.06999969482422,89.05999755859375,89.05999755859375,89.05999755859375,1444
2024-04-26 14:54:00-04:00,89.05999755859375,89.16999816894531,89.05999755859375,89.12999725341797,89.12999725341797,14535
2024-04-26 14:56:00-04:00,89.12000274658203,89.16000366210938,89.12000274658203,89.16000366210938,89.16000366210938,5439
2024-04-26 14:58:00-04:00,89.18499755859375,89.18499755859375,89.06999969482422,89.12000274658203,89.12000274658203,6075
2024-04-26 15:00:00-04:00,89.08999633789062,89.13999938964844,89.08999633789062,89.11730194091797,89.11730194091797,2366
2024-04-26 15:02:00-04:00,89.11000061035156,89.11000061035156,89.08999633789062,89.11000061035156,89.11000061035156,3049
2024-04-26 15:04:00-04:00,89.13999938964844,89.19999694824219,89.13999938964844,89.16999816894531,89.16999816894531,1266
2024-04-26 15:06:00-04:00,89.16999816894531,89.16999816894531,89.16999816894531,89.16999816894531,89.16999816894531,920
2024-04-26 15:08:00-04:00,89.16999816894531,89.16999816894531,89.1500015258789,89.1500015258789,89.1500015258789,2135
2024-04-26 15:10:00-04:00,89.12999725341797,89.13999938964844,89.12999725341797,89.13999938964844,89.13999938964844,2381
2024-04-26 15:12:00-04:00,89.12000274658203,89.16000366210938,89.12000274658203,89.16000366210938,89.16000366210938,2429
2024-04-26 15:14:00-04:00,89.18000030517578,89.19000244140625,89.1449966430664,89.1449966430664,89.1449966430664,4105
2024-04-26 15:16:00-04:00,89.13999938964844,89.15039825439453,89.12999725341797,89.1500015258789,89.1500015258789,2013
2024-04-26 15:18:00-04:00,89.13999938964844,89.13999938964844,89.11000061035156,89.11000061035156,89.11000061035156,2543
2024-04-26 15:20:00-04:00,89.11000061035156,89.20999908447266,89.11000061035156,89.13999938964844,89.13999938964844,62689
2024-04-26 15:22:00-04:00,89.13999938964844,89.15950012207031,89.11000061035156,89.11000061035156,89.11000061035156,1671
2024-04-26 15:24:00-04:00,89.12000274658203,89.1449966430664,89.08999633789062,89.0999984741211,89.0999984741211,6864
2024-04-26 15:26:00-04:00,89.08000183105469,89.0999984741211,89.07099914550781,89.0999984741211,89.0999984741211,3497
2024-04-26 15:28:00-04:00,89.10099792480469,89.16999816894531,89.10099792480469,89.1500015258789,89.1500015258789,5265
2024-04-26 15:30:00-04:00,89.1500015258789,89.16999816894531,89.07099914550781,89.08999633789062,89.08999633789062,5871
2024-04-26 15:32:00-04:00,89.11000061035156,89.11000061035156,89.06999969482422,89.06999969482422,89.06999969482422,4895
2024-04-26 15:34:00-04:00,89.06999969482422,89.06999969482422,89.01100158691406,89.02999877929688,89.02999877929688,4639
2024-04-26 15:36:00-04:00,89.05000305175781,89.08499908447266,88.98999786376953,89.01000213623047,89.01000213623047,8070
2024-04-26 15:38:00-04:00,88.9800033569336,88.9800033569336,88.93000030517578,88.94999694824219,88.94999694824219,3024
2024-04-26 15:40:00-04:00,88.94999694824219,88.94999694824219,88.91999816894531,88.94000244140625,88.94000244140625,8639
2024-04-26 15:42:00-04:00,88.93099975585938,88.9800033569336,88.9000015258789,88.9800033569336,88.9800033569336,7964
2024-04-26 15:44:00-04:00,88.9749984741211,88.9749984741211,88.8949966430664,88.94000244140625,88.94000244140625,6686
2024-04-26 15:46:00-04:00,88.94999694824219,88.94999694824219,88.87999725341797,88.9000015258789,88.9000015258789,4621
2024-04-26 15:48:00-04:00,88.9000015258789,88.90499877929688,88.8499984741211,88.88999938964844,88.88999938964844,9034
2024-04-26 15:50:00-04:00,88.86000061035156,88.9000015258789,88.7699966430664,88.87100219726562,88.87100219726562,16085
2024-04-26 15:52:00-04:00,88.87000274658203,88.94999694824219,88.83000183105469,88.91999816894531,88.91999816894531,11791
2024-04-26 15:54:00-04:00,88.9000015258789,88.97000122070312,88.83000183105469,88.83499908447266,88.83499908447266,30533
2024-04-26 15:56:00-04:00,88.81999969482422,88.87000274658203,88.81999969482422,88.8499984741211,88.8499984741211,23069
2024-04-26 15:58:00-04:00,88.86000061035156,88.88500213623047,88.81999969482422,88.81999969482422,88.81999969482422,53228
