Datetime,Open,High,Low,Close,Adj Close,Volume
2024-04-08 09:30:00-04:00,144.75999450683594,145.44000244140625,144.75999450683594,145.33999633789062,145.33999633789062,174702
2024-04-08 09:31:00-04:00,145.2100067138672,145.9600067138672,144.9600067138672,145.58999633789062,145.58999633789062,10619
2024-04-08 09:32:00-04:00,145.5800018310547,145.8699951171875,145.5800018310547,145.8300018310547,145.8300018310547,7075
2024-04-08 09:33:00-04:00,145.74000549316406,145.8249969482422,145.59249877929688,145.59249877929688,145.59249877929688,7416
2024-04-08 09:34:00-04:00,145.71499633789062,145.94000244140625,145.71499633789062,145.8300018310547,145.8300018310547,2732
2024-04-08 09:35:00-04:00,145.8249969482422,145.8249969482422,145.375,145.375,145.375,4044
2024-04-08 09:36:00-04:00,145.375,145.39999389648438,145.22999572753906,145.39999389648438,145.39999389648438,1541
2024-04-08 09:37:00-04:00,145.39999389648438,145.6199951171875,145.3209991455078,145.36000061035156,145.36000061035156,8764
2024-04-08 09:38:00-04:00,145.47999572753906,145.66000366210938,145.4600067138672,145.6199951171875,145.6199951171875,1661
2024-04-08 09:39:00-04:00,145.5399932861328,145.80999755859375,145.5399932861328,145.80999755859375,145.80999755859375,1339
2024-04-08 09:40:00-04:00,145.7458953857422,145.7899932861328,145.7050018310547,145.7100067138672,145.7100067138672,1165
2024-04-08 09:41:00-04:00,145.82000732421875,146.0800018310547,145.76499938964844,145.97000122070312,145.97000122070312,4941
2024-04-08 09:42:00-04:00,146.05999755859375,146.16000366210938,145.8699951171875,146.06500244140625,146.06500244140625,3951
2024-04-08 09:43:00-04:00,146.06500244140625,146.16000366210938,145.97509765625,146.06500244140625,146.06500244140625,2009
2024-04-08 09:44:00-04:00,146.16000366210938,146.3249969482422,145.9949951171875,146.0,146.0,8789
2024-04-08 09:45:00-04:00,146.05999755859375,146.17999267578125,145.9600067138672,145.9600067138672,145.9600067138672,1121
2024-04-08 09:46:00-04:00,146.10000610351562,146.77999877929688,146.10000610351562,146.58999633789062,146.58999633789062,12842
2024-04-08 09:47:00-04:00,146.50999450683594,146.64540100097656,146.49000549316406,146.64540100097656,146.64540100097656,7151
2024-04-08 09:48:00-04:00,146.50999450683594,146.50999450683594,146.26499938964844,146.3350067138672,146.3350067138672,4096
2024-04-08 09:49:00-04:00,146.25,146.27000427246094,146.25,146.27000427246094,146.27000427246094,749
2024-04-08 09:50:00-04:00,146.24000549316406,146.36000061035156,146.22999572753906,146.36000061035156,146.36000061035156,1746
2024-04-08 09:51:00-04:00,146.4199981689453,146.4550018310547,146.41000366210938,146.4550018310547,146.4550018310547,667
2024-04-08 09:52:00-04:00,146.41000366210938,146.48500061035156,146.1750030517578,146.1750030517578,146.1750030517578,4206
2024-04-08 09:53:00-04:00,146.1300048828125,146.1300048828125,145.85000610351562,145.9217987060547,145.9217987060547,4675
2024-04-08 09:54:00-04:00,145.9250030517578,145.97999572753906,145.77999877929688,145.91000366210938,145.91000366210938,7583
2024-04-08 09:55:00-04:00,145.99000549316406,145.99000549316406,145.85000610351562,145.96499633789062,145.96499633789062,4376
2024-04-08 09:56:00-04:00,145.94500732421875,146.0,145.94000244140625,145.94000244140625,145.94000244140625,918
2024-04-08 09:57:00-04:00,145.9499969482422,145.97000122070312,145.83999633789062,145.9149932861328,145.9149932861328,1790
2024-04-08 09:58:00-04:00,145.84500122070312,145.92999267578125,145.77000427246094,145.92999267578125,145.92999267578125,4581
2024-04-08 09:59:00-04:00,145.9499969482422,145.99000549316406,145.7899932861328,145.9199981689453,145.9199981689453,3616
2024-04-08 10:00:00-04:00,145.97999572753906,145.97999572753906,145.85000610351562,145.91000366210938,145.91000366210938,5505
2024-04-08 10:01:00-04:00,145.9250030517578,146.02000427246094,145.8800048828125,145.97999572753906,145.97999572753906,4919
2024-04-08 10:02:00-04:00,145.92999267578125,146.08999633789062,145.8699951171875,146.0500030517578,146.0500030517578,3406
2024-04-08 10:03:00-04:00,146.05999755859375,146.07000732421875,146.05999755859375,146.07000732421875,146.07000732421875,1064
2024-04-08 10:04:00-04:00,146.1300048828125,146.1300048828125,146.07000732421875,146.0749969482422,146.0749969482422,2080
2024-04-08 10:05:00-04:00,146.09629821777344,146.2899932861328,146.09629821777344,146.2050018310547,146.2050018310547,3663
2024-04-08 10:06:00-04:00,146.19500732421875,146.23500061035156,146.0800018310547,146.14999389648438,146.14999389648438,5055
2024-04-08 10:07:00-04:00,146.0800018310547,146.1199951171875,145.9499969482422,145.9499969482422,145.9499969482422,2536
2024-04-08 10:08:00-04:00,145.94000244140625,146.07000732421875,145.94000244140625,146.02999877929688,146.02999877929688,2594
2024-04-08 10:09:00-04:00,146.03500366210938,146.0449981689453,145.97000122070312,146.0236053466797,146.0236053466797,4202
2024-04-08 10:10:00-04:00,145.9600067138672,146.19000244140625,145.8800048828125,146.19000244140625,146.19000244140625,2542
2024-04-08 10:11:00-04:00,146.1999969482422,146.36000061035156,146.13999938964844,146.36000061035156,146.36000061035156,5251
2024-04-08 10:12:00-04:00,146.36000061035156,146.36000061035156,146.24000549316406,146.31500244140625,146.31500244140625,5540
2024-04-08 10:13:00-04:00,146.25999450683594,146.25999450683594,146.22000122070312,146.22000122070312,146.22000122070312,2157
2024-04-08 10:14:00-04:00,146.1699981689453,146.2324981689453,146.14999389648438,146.2050018310547,146.2050018310547,2700
2024-04-08 10:15:00-04:00,146.22999572753906,146.4250030517578,146.22999572753906,146.4250030517578,146.4250030517578,4611
2024-04-08 10:16:00-04:00,146.33999633789062,146.4199981689453,146.32000732421875,146.3249969482422,146.3249969482422,2837
2024-04-08 10:17:00-04:00,146.30999755859375,146.42999267578125,146.2899932861328,146.42999267578125,146.42999267578125,4614
2024-04-08 10:18:00-04:00,146.4149932861328,146.5,146.1999969482422,146.1999969482422,146.1999969482422,10564
2024-04-08 10:19:00-04:00,146.1999969482422,146.1999969482422,146.17999267578125,146.17999267578125,146.17999267578125,983
2024-04-08 10:20:00-04:00,146.1199951171875,146.30999755859375,146.11000061035156,146.30999755859375,146.30999755859375,3836
2024-04-08 10:21:00-04:00,146.27999877929688,146.30999755859375,146.17999267578125,146.23500061035156,146.23500061035156,9742
2024-04-08 10:22:00-04:00,146.2899932861328,146.44000244140625,146.27000427246094,146.34500122070312,146.34500122070312,7458
2024-04-08 10:23:00-04:00,146.30999755859375,146.30999755859375,146.1699981689453,146.1699981689453,146.1699981689453,1553
2024-04-08 10:24:00-04:00,146.23500061035156,146.24000549316406,146.1699981689453,146.24000549316406,146.24000549316406,2327
2024-04-08 10:25:00-04:00,146.1699981689453,146.3800048828125,146.1699981689453,146.36000061035156,146.36000061035156,3242
2024-04-08 10:26:00-04:00,146.44000244140625,146.4550018310547,146.36000061035156,146.4550018310547,146.4550018310547,4294
2024-04-08 10:27:00-04:00,146.4600067138672,146.5850067138672,146.33999633789062,146.36000061035156,146.36000061035156,9746
2024-04-08 10:28:00-04:00,146.33999633789062,146.47000122070312,146.3300018310547,146.47000122070312,146.47000122070312,3735
2024-04-08 10:29:00-04:00,146.4600067138672,146.4600067138672,146.3800048828125,146.38999938964844,146.38999938964844,1546
2024-04-08 10:30:00-04:00,146.43960571289062,146.43960571289062,146.43960571289062,146.43960571289062,146.43960571289062,202
2024-04-08 10:31:00-04:00,146.4550018310547,146.4550018310547,146.3699951171875,146.3699951171875,146.3699951171875,483
2024-04-08 10:32:00-04:00,146.36000061035156,146.55999755859375,146.36000061035156,146.55999755859375,146.55999755859375,5608
2024-04-08 10:33:00-04:00,146.60000610351562,146.72999572753906,146.52999877929688,146.67999267578125,146.67999267578125,13767
2024-04-08 10:34:00-04:00,146.6999969482422,146.73500061035156,146.63499450683594,146.70989990234375,146.70989990234375,9496
2024-04-08 10:35:00-04:00,146.64999389648438,146.8249969482422,146.64999389648438,146.79750061035156,146.79750061035156,6111
2024-04-08 10:36:00-04:00,146.72999572753906,146.8249969482422,146.72000122070312,146.75999450683594,146.75999450683594,4018
2024-04-08 10:37:00-04:00,146.87269592285156,146.9199981689453,146.77000427246094,146.8699951171875,146.8699951171875,12015
2024-04-08 10:38:00-04:00,146.94000244140625,146.97999572753906,146.85000610351562,146.97999572753906,146.97999572753906,6300
2024-04-08 10:39:00-04:00,146.89999389648438,147.0,146.83999633789062,146.92999267578125,146.92999267578125,8721
2024-04-08 10:40:00-04:00,146.92999267578125,147.0,146.86000061035156,147.0,147.0,2967
2024-04-08 10:41:00-04:00,147.0,147.0500030517578,146.85000610351562,146.8800048828125,146.8800048828125,11841
2024-04-08 10:42:00-04:00,146.9199981689453,146.9199981689453,146.7899932861328,146.85499572753906,146.85499572753906,3652
2024-04-08 10:43:00-04:00,146.85499572753906,147.02999877929688,146.85499572753906,147.0,147.0,2799
2024-04-08 10:44:00-04:00,147.0050048828125,147.07000732421875,147.0050048828125,147.06500244140625,147.06500244140625,1750
2024-04-08 10:45:00-04:00,147.07000732421875,147.1300048828125,147.05999755859375,147.07000732421875,147.07000732421875,1861
2024-04-08 10:46:00-04:00,147.1300048828125,147.19000244140625,147.11000061035156,147.19000244140625,147.19000244140625,3391
2024-04-08 10:47:00-04:00,147.18499755859375,147.32000732421875,147.11500549316406,147.2100067138672,147.2100067138672,7675
2024-04-08 10:48:00-04:00,147.25999450683594,147.25999450683594,147.19000244140625,147.19500732421875,147.19500732421875,1882
2024-04-08 10:49:00-04:00,147.2100067138672,147.2100067138672,147.07009887695312,147.07009887695312,147.07009887695312,3850
2024-04-08 10:50:00-04:00,147.125,147.24000549316406,147.0800018310547,147.23500061035156,147.23500061035156,3129
2024-04-08 10:51:00-04:00,147.26510620117188,147.3699951171875,147.26510620117188,147.3699951171875,147.3699951171875,1844
2024-04-08 10:52:00-04:00,147.2899932861328,147.2899932861328,147.24929809570312,147.28500366210938,147.28500366210938,11134
2024-04-08 10:53:00-04:00,147.27000427246094,147.27000427246094,147.08999633789062,147.17999267578125,147.17999267578125,5978
2024-04-08 10:54:00-04:00,147.07000732421875,147.0800018310547,146.94000244140625,146.9499969482422,146.9499969482422,2467
2024-04-08 10:55:00-04:00,146.9199981689453,147.10000610351562,146.89999389648438,146.92999267578125,146.92999267578125,6129
2024-04-08 10:56:00-04:00,146.88999938964844,146.89999389648438,146.8000030517578,146.8000030517578,146.8000030517578,3311
2024-04-08 10:57:00-04:00,146.76010131835938,146.89999389648438,146.75999450683594,146.75999450683594,146.75999450683594,4136
2024-04-08 10:58:00-04:00,146.73500061035156,146.73500061035156,146.6999969482422,146.6999969482422,146.6999969482422,355
2024-04-08 10:59:00-04:00,146.84500122070312,146.89500427246094,146.82679748535156,146.89500427246094,146.89500427246094,4106
2024-04-08 11:01:00-04:00,146.94500732421875,146.9550018310547,146.80999755859375,146.83999633789062,146.83999633789062,4015
2024-04-08 11:02:00-04:00,146.81500244140625,146.86000061035156,146.74000549316406,146.7449951171875,146.7449951171875,3327
2024-04-08 11:03:00-04:00,146.7449951171875,146.7449951171875,146.57000732421875,146.6199951171875,146.6199951171875,8467
2024-04-08 11:04:00-04:00,146.6750030517578,146.74000549316406,146.6750030517578,146.72999572753906,146.72999572753906,1144
2024-04-08 11:05:00-04:00,146.67999267578125,146.72999572753906,146.6699981689453,146.72999572753906,146.72999572753906,1171
2024-04-08 11:06:00-04:00,146.6699981689453,146.6699981689453,146.6300048828125,146.6300048828125,146.6300048828125,605
2024-04-08 11:07:00-04:00,146.6300048828125,146.80999755859375,146.6300048828125,146.7899932861328,146.7899932861328,3084
2024-04-08 11:08:00-04:00,146.91000366210938,146.9199981689453,146.91000366210938,146.9199981689453,146.9199981689453,568
2024-04-08 11:09:00-04:00,146.93499755859375,147.14999389648438,146.93499755859375,147.07000732421875,147.07000732421875,4144
2024-04-08 11:10:00-04:00,147.1199951171875,147.1199951171875,147.1199951171875,147.1199951171875,147.1199951171875,123
2024-04-08 11:11:00-04:00,147.11500549316406,147.15499877929688,147.05740356445312,147.15499877929688,147.15499877929688,958
2024-04-08 11:12:00-04:00,147.15499877929688,147.2100067138672,147.1300048828125,147.2100067138672,147.2100067138672,2334
2024-04-08 11:13:00-04:00,147.25,147.3574981689453,147.25,147.3249969482422,147.3249969482422,1039
2024-04-08 11:14:00-04:00,147.32000732421875,147.36500549316406,147.22000122070312,147.27000427246094,147.27000427246094,6577
2024-04-08 11:15:00-04:00,147.2550048828125,147.2550048828125,147.1199951171875,147.1300048828125,147.1300048828125,1407
2024-04-08 11:16:00-04:00,147.1300048828125,147.13999938964844,147.1199951171875,147.1300048828125,147.1300048828125,2446
2024-04-08 11:17:00-04:00,147.14999389648438,147.30999755859375,147.0399932861328,147.2899932861328,147.2899932861328,7305
2024-04-08 11:18:00-04:00,147.28500366210938,147.28500366210938,147.27499389648438,147.27499389648438,147.27499389648438,776
2024-04-08 11:19:00-04:00,147.32000732421875,147.3300018310547,147.32000732421875,147.3300018310547,147.3300018310547,523
2024-04-08 11:20:00-04:00,147.3249969482422,147.35499572753906,147.1999969482422,147.1999969482422,147.1999969482422,6922
2024-04-08 11:21:00-04:00,147.22500610351562,147.22500610351562,147.1999969482422,147.2100067138672,147.2100067138672,627
2024-04-08 11:22:00-04:00,147.19000244140625,147.5,147.1699981689453,147.5,147.5,6959
2024-04-08 11:23:00-04:00,147.4499969482422,147.4499969482422,147.4499969482422,147.4499969482422,147.4499969482422,341
2024-04-08 11:24:00-04:00,147.4499969482422,147.55999755859375,147.4499969482422,147.55999755859375,147.55999755859375,877
2024-04-08 11:25:00-04:00,147.55499267578125,147.57000732421875,147.52000427246094,147.57000732421875,147.57000732421875,3845
2024-04-08 11:26:00-04:00,147.52450561523438,147.56500244140625,147.52000427246094,147.56500244140625,147.56500244140625,1664
2024-04-08 11:27:00-04:00,147.52000427246094,147.52000427246094,147.44000244140625,147.44000244140625,147.44000244140625,3345
2024-04-08 11:28:00-04:00,147.44000244140625,147.5800018310547,147.42999267578125,147.57000732421875,147.57000732421875,4741
2024-04-08 11:29:00-04:00,147.5749969482422,147.60499572753906,147.5749969482422,147.60499572753906,147.60499572753906,400
2024-04-08 11:30:00-04:00,147.5749969482422,147.5749969482422,147.4550018310547,147.4550018310547,147.4550018310547,3582
2024-04-08 11:31:00-04:00,147.46449279785156,147.46449279785156,147.42999267578125,147.42999267578125,147.42999267578125,1034
2024-04-08 11:32:00-04:00,147.4499969482422,147.57000732421875,147.3800048828125,147.57000732421875,147.57000732421875,6160
2024-04-08 11:33:00-04:00,147.5449981689453,147.5449981689453,147.3800048828125,147.39999389648438,147.39999389648438,2614
2024-04-08 11:34:00-04:00,147.4250030517578,147.4250030517578,147.36000061035156,147.38999938964844,147.38999938964844,1862
2024-04-08 11:35:00-04:00,147.3800048828125,147.39999389648438,147.33999633789062,147.33999633789062,147.33999633789062,2107
2024-04-08 11:36:00-04:00,147.3300018310547,147.33999633789062,147.2100067138672,147.33999633789062,147.33999633789062,4525
2024-04-08 11:37:00-04:00,147.32000732421875,147.32000732421875,147.25,147.25,147.25,1591
2024-04-08 11:38:00-04:00,147.2899932861328,147.36000061035156,147.2899932861328,147.36000061035156,147.36000061035156,5697
2024-04-08 11:39:00-04:00,147.3699951171875,147.3699951171875,147.34500122070312,147.34500122070312,147.34500122070312,700
2024-04-08 11:40:00-04:00,147.30999755859375,147.3699951171875,147.2899932861328,147.33999633789062,147.33999633789062,3657
2024-04-08 11:41:00-04:00,147.38999938964844,147.39500427246094,147.35000610351562,147.35499572753906,147.35499572753906,2341
2024-04-08 11:42:00-04:00,147.3350067138672,147.3350067138672,147.2899932861328,147.3350067138672,147.3350067138672,2891
2024-04-08 11:43:00-04:00,147.2899932861328,147.2899932861328,147.22000122070312,147.22000122070312,147.22000122070312,2868
2024-04-08 11:44:00-04:00,147.25,147.27000427246094,147.25,147.25999450683594,147.25999450683594,656
2024-04-08 11:45:00-04:00,147.21299743652344,147.21299743652344,147.13999938964844,147.14500427246094,147.14500427246094,2988
2024-04-08 11:46:00-04:00,147.1999969482422,147.1999969482422,147.1699981689453,147.1750030517578,147.1750030517578,2363
2024-04-08 11:47:00-04:00,147.1999969482422,147.1999969482422,147.13499450683594,147.16000366210938,147.16000366210938,3131
2024-04-08 11:48:00-04:00,147.1199951171875,147.22000122070312,147.1199951171875,147.22000122070312,147.22000122070312,2041
2024-04-08 11:49:00-04:00,147.1800994873047,147.1800994873047,147.1800994873047,147.1800994873047,147.1800994873047,254
2024-04-08 11:50:00-04:00,147.17999267578125,147.21499633789062,147.11000061035156,147.13999938964844,147.13999938964844,3682
2024-04-08 11:51:00-04:00,147.11000061035156,147.11000061035156,147.0,147.00999450683594,147.00999450683594,3384
2024-04-08 11:52:00-04:00,147.0,147.0,146.8345947265625,146.96499633789062,146.96499633789062,4137
2024-04-08 11:53:00-04:00,146.94000244140625,146.94000244140625,146.85000610351562,146.85000610351562,146.85000610351562,1793
2024-04-08 11:54:00-04:00,146.8350067138672,146.8800048828125,146.8350067138672,146.85000610351562,146.85000610351562,1337
2024-04-08 11:55:00-04:00,146.83999633789062,146.83999633789062,146.80999755859375,146.82000732421875,146.82000732421875,1392
2024-04-08 11:56:00-04:00,146.76499938964844,146.76499938964844,146.67999267578125,146.67999267578125,146.67999267578125,1448
2024-04-08 11:57:00-04:00,146.75999450683594,146.8000030517578,146.74000549316406,146.8000030517578,146.8000030517578,994
2024-04-08 11:58:00-04:00,146.7949981689453,146.82000732421875,146.7949981689453,146.82000732421875,146.82000732421875,316
2024-04-08 11:59:00-04:00,146.7949981689453,146.82000732421875,146.77000427246094,146.82000732421875,146.82000732421875,1677
2024-04-08 12:00:00-04:00,146.75,146.82000732421875,146.72999572753906,146.7949981689453,146.7949981689453,3992
2024-04-08 12:01:00-04:00,146.8000030517578,146.80499267578125,146.8000030517578,146.80499267578125,146.80499267578125,332
2024-04-08 12:02:00-04:00,146.75999450683594,146.77000427246094,146.60000610351562,146.63999938964844,146.63999938964844,3354
2024-04-08 12:03:00-04:00,146.66000366210938,146.67999267578125,146.63999938964844,146.67999267578125,146.67999267578125,1616
2024-04-08 12:04:00-04:00,146.7100067138672,146.75,146.52999877929688,146.52999877929688,146.52999877929688,3977
2024-04-08 12:05:00-04:00,146.52999877929688,146.5800018310547,146.52999877929688,146.57000732421875,146.57000732421875,1121
2024-04-08 12:06:00-04:00,146.6199951171875,146.6699981689453,146.6199951171875,146.6699981689453,146.6699981689453,893
2024-04-08 12:07:00-04:00,146.69000244140625,146.7449951171875,146.6699981689453,146.6699981689453,146.6699981689453,3718
2024-04-08 12:08:00-04:00,146.6999969482422,146.72999572753906,146.6999969482422,146.72000122070312,146.72000122070312,1329
2024-04-08 12:09:00-04:00,146.6999969482422,146.6999969482422,146.6699981689453,146.67999267578125,146.67999267578125,1678
2024-04-08 12:10:00-04:00,146.66000366210938,146.66000366210938,146.625,146.625,146.625,921
2024-04-08 12:11:00-04:00,146.57400512695312,146.57400512695312,146.5399932861328,146.55999755859375,146.55999755859375,1286
2024-04-08 12:12:00-04:00,146.61000061035156,146.63999938964844,146.61000061035156,146.61000061035156,146.61000061035156,1169
2024-04-08 12:13:00-04:00,146.5800018310547,146.5800018310547,146.52999877929688,146.52999877929688,146.52999877929688,1642
2024-04-08 12:14:00-04:00,146.5800018310547,146.64999389648438,146.5428924560547,146.64999389648438,146.64999389648438,4219
2024-04-08 12:15:00-04:00,146.6260986328125,146.64999389648438,146.6260986328125,146.64999389648438,146.64999389648438,1523
2024-04-08 12:16:00-04:00,146.67999267578125,146.67999267578125,146.63999938964844,146.66000366210938,146.66000366210938,2643
2024-04-08 12:17:00-04:00,146.6649932861328,146.72999572753906,146.66000366210938,146.72999572753906,146.72999572753906,2693
2024-04-08 12:18:00-04:00,146.76499938964844,146.76499938964844,146.67999267578125,146.67999267578125,146.67999267578125,2777
2024-04-08 12:19:00-04:00,146.6999969482422,146.72000122070312,146.6999969482422,146.7198944091797,146.7198944091797,1083
2024-04-08 12:20:00-04:00,146.69000244140625,146.6999969482422,146.64500427246094,146.6999969482422,146.6999969482422,2675
2024-04-08 12:21:00-04:00,146.7100067138672,146.75,146.7100067138672,146.75,146.75,1918
2024-04-08 12:22:00-04:00,146.75999450683594,146.8699951171875,146.75,146.85499572753906,146.85499572753906,4184
2024-04-08 12:23:00-04:00,146.85499572753906,146.85499572753906,146.75999450683594,146.75999450683594,146.75999450683594,3153
2024-04-08 12:24:00-04:00,146.74000549316406,146.74000549316406,146.6199951171875,146.6199951171875,146.6199951171875,3011
2024-04-08 12:25:00-04:00,146.625,146.64999389648438,146.625,146.64999389648438,146.64999389648438,2749
2024-04-08 12:26:00-04:00,146.65499877929688,146.69500732421875,146.5399932861328,146.5399932861328,146.5399932861328,3980
2024-04-08 12:27:00-04:00,146.52000427246094,146.6999969482422,146.5,146.67599487304688,146.67599487304688,8945
2024-04-08 12:28:00-04:00,146.67999267578125,146.67999267578125,146.53500366210938,146.53500366210938,146.53500366210938,2916
2024-04-08 12:30:00-04:00,146.50999450683594,146.5399932861328,146.48500061035156,146.5399932861328,146.5399932861328,2040
2024-04-08 12:31:00-04:00,146.51499938964844,146.60000610351562,146.51499938964844,146.60000610351562,146.60000610351562,2088
2024-04-08 12:32:00-04:00,146.5800018310547,146.58999633789062,146.57000732421875,146.5800018310547,146.5800018310547,1877
2024-04-08 12:33:00-04:00,146.5709991455078,146.63690185546875,146.52000427246094,146.52000427246094,146.52000427246094,3785
2024-04-08 12:34:00-04:00,146.52000427246094,146.5800018310547,146.52000427246094,146.5800018310547,146.5800018310547,1835
2024-04-08 12:35:00-04:00,146.60000610351562,146.61000061035156,146.5800018310547,146.5800018310547,146.5800018310547,613
2024-04-08 12:36:00-04:00,146.5800018310547,146.5800018310547,146.4600067138672,146.4600067138672,146.4600067138672,2001
2024-04-08 12:37:00-04:00,146.4199981689453,146.4499969482422,146.3800048828125,146.41000366210938,146.41000366210938,2527
2024-04-08 12:38:00-04:00,146.39500427246094,146.4199981689453,146.38999938964844,146.4199981689453,146.4199981689453,1452
2024-04-08 12:39:00-04:00,146.4199981689453,146.47999572753906,146.4199981689453,146.47999572753906,146.47999572753906,2362
2024-04-08 12:40:00-04:00,146.4600067138672,146.50999450683594,146.4600067138672,146.50999450683594,146.50999450683594,914
2024-04-08 12:41:00-04:00,146.51499938964844,146.51499938964844,146.41000366210938,146.4600067138672,146.4600067138672,3795
2024-04-08 12:42:00-04:00,146.44000244140625,146.44000244140625,146.44000244140625,146.44000244140625,146.44000244140625,149
2024-04-08 12:43:00-04:00,146.43499755859375,146.4600067138672,146.41000366210938,146.4600067138672,146.4600067138672,2618
2024-04-08 12:44:00-04:00,146.47999572753906,146.49000549316406,146.39999389648438,146.39999389648438,146.39999389648438,1882
2024-04-08 12:45:00-04:00,146.39999389648438,146.39999389648438,146.30999755859375,146.30999755859375,146.30999755859375,2258
2024-04-08 12:46:00-04:00,146.25,146.39999389648438,146.25,146.39999389648438,146.39999389648438,1804
2024-04-08 12:47:00-04:00,146.39999389648438,146.41000366210938,146.3800048828125,146.38499450683594,146.38499450683594,1487
2024-04-08 12:48:00-04:00,146.39999389648438,146.39999389648438,146.39999389648438,146.39999389648438,146.39999389648438,234
2024-04-08 12:49:00-04:00,146.39999389648438,146.49000549316406,146.3699951171875,146.49000549316406,146.49000549316406,1280
2024-04-08 12:50:00-04:00,146.49000549316406,146.49000549316406,146.49000549316406,146.49000549316406,146.49000549316406,422
2024-04-08 12:51:00-04:00,146.4600067138672,146.4600067138672,146.39999389648438,146.4250030517578,146.4250030517578,2092
2024-04-08 12:53:00-04:00,146.39500427246094,146.42999267578125,146.3699951171875,146.42999267578125,146.42999267578125,2161
2024-04-08 12:54:00-04:00,146.44000244140625,146.47999572753906,146.44000244140625,146.4499969482422,146.4499969482422,1632
2024-04-08 12:55:00-04:00,146.4799041748047,146.47999572753906,146.4799041748047,146.47999572753906,146.47999572753906,1024
2024-04-08 12:56:00-04:00,146.50999450683594,146.52999877929688,146.5,146.5,146.5,1178
2024-04-08 12:57:00-04:00,146.52499389648438,146.52499389648438,146.5,146.5,146.5,1286
2024-04-08 12:58:00-04:00,146.47000122070312,146.47000122070312,146.4600067138672,146.4600067138672,146.4600067138672,686
2024-04-08 12:59:00-04:00,146.5,146.5,146.4600067138672,146.4600067138672,146.4600067138672,1887
2024-04-08 13:00:00-04:00,146.52000427246094,146.58999633789062,146.52000427246094,146.5500030517578,146.5500030517578,3505
2024-04-08 13:01:00-04:00,146.5449981689453,146.5449981689453,146.5449981689453,146.5449981689453,146.5449981689453,199
2024-04-08 13:02:00-04:00,146.50999450683594,146.50999450683594,146.47000122070312,146.47000122070312,146.47000122070312,1981
2024-04-08 13:03:00-04:00,146.4499969482422,146.4499969482422,146.4499969482422,146.4499969482422,146.4499969482422,1097
2024-04-08 13:04:00-04:00,146.4250030517578,146.49000549316406,146.4199981689453,146.49000549316406,146.49000549316406,1560
2024-04-08 13:05:00-04:00,146.42999267578125,146.44000244140625,146.38499450683594,146.38499450683594,146.38499450683594,1874
2024-04-08 13:06:00-04:00,146.41000366210938,146.41000366210938,146.2899932861328,146.33999633789062,146.33999633789062,1981
2024-04-08 13:07:00-04:00,146.30999755859375,146.39999389648438,146.30999755859375,146.3800048828125,146.3800048828125,1676
2024-04-08 13:08:00-04:00,146.3699951171875,146.3800048828125,146.34500122070312,146.3800048828125,146.3800048828125,769
2024-04-08 13:09:00-04:00,146.36500549316406,146.36500549316406,146.36500549316406,146.36500549316406,146.36500549316406,123
2024-04-08 13:10:00-04:00,146.32000732421875,146.35000610351562,146.32000732421875,146.35000610351562,146.35000610351562,1025
2024-04-08 13:11:00-04:00,146.30999755859375,146.35000610351562,146.30999755859375,146.35000610351562,146.35000610351562,691
2024-04-08 13:12:00-04:00,146.36000061035156,146.36000061035156,146.35000610351562,146.35000610351562,146.35000610351562,1711
2024-04-08 13:13:00-04:00,146.35000610351562,146.4199981689453,146.32000732421875,146.4199981689453,146.4199981689453,3321
2024-04-08 13:14:00-04:00,146.41929626464844,146.4600067138672,146.41929626464844,146.4600067138672,146.4600067138672,498
2024-04-08 13:15:00-04:00,146.5,146.5500030517578,146.47000122070312,146.5500030517578,146.5500030517578,1679
2024-04-08 13:16:00-04:00,146.57000732421875,146.5800018310547,146.5500030517578,146.5800018310547,146.5800018310547,3033
2024-04-08 13:17:00-04:00,146.58999633789062,146.61099243164062,146.55999755859375,146.61099243164062,146.61099243164062,1036
2024-04-08 13:18:00-04:00,146.6199951171875,146.69000244140625,146.59500122070312,146.64999389648438,146.64999389648438,3139
2024-04-08 13:19:00-04:00,146.625,146.6999969482422,146.625,146.6999969482422,146.6999969482422,1260
2024-04-08 13:20:00-04:00,146.72000122070312,146.75999450683594,146.7100067138672,146.7100067138672,146.7100067138672,3676
2024-04-08 13:21:00-04:00,146.75999450683594,146.7899932861328,146.75999450683594,146.7899932861328,146.7899932861328,937
2024-04-08 13:22:00-04:00,146.7899932861328,146.85000610351562,146.7899932861328,146.85000610351562,146.85000610351562,1386
2024-04-08 13:23:00-04:00,146.94000244140625,146.94000244140625,146.86000061035156,146.86000061035156,146.86000061035156,2924
2024-04-08 13:24:00-04:00,146.875,146.875,146.875,146.875,146.875,181
2024-04-08 13:25:00-04:00,146.875,146.875,146.8000030517578,146.8000030517578,146.8000030517578,2727
2024-04-08 13:26:00-04:00,146.80999755859375,146.80999755859375,146.80999755859375,146.80999755859375,146.80999755859375,508
2024-04-08 13:27:00-04:00,146.83999633789062,146.83999633789062,146.83999633789062,146.83999633789062,146.83999633789062,1240
2024-04-08 13:28:00-04:00,146.83999633789062,146.88499450683594,146.83999633789062,146.83999633789062,146.83999633789062,2790
2024-04-08 13:29:00-04:00,146.77000427246094,146.77999877929688,146.75,146.77999877929688,146.77999877929688,933
2024-04-08 13:30:00-04:00,146.72000122070312,146.72000122070312,146.69000244140625,146.6999969482422,146.6999969482422,1139
2024-04-08 13:31:00-04:00,146.7050018310547,146.7050018310547,146.67999267578125,146.67999267578125,146.67999267578125,827
2024-04-08 13:32:00-04:00,146.69000244140625,146.74000549316406,146.69000244140625,146.74000549316406,146.74000549316406,498
2024-04-08 13:33:00-04:00,146.75,146.75,146.67999267578125,146.72000122070312,146.72000122070312,3295
2024-04-08 13:34:00-04:00,146.72000122070312,146.7550048828125,146.72000122070312,146.73150634765625,146.73150634765625,1963
2024-04-08 13:35:00-04:00,146.7899932861328,146.7899932861328,146.66000366210938,146.66000366210938,146.66000366210938,2273
2024-04-08 13:36:00-04:00,146.6300048828125,146.6300048828125,146.58999633789062,146.60000610351562,146.60000610351562,1309
2024-04-08 13:37:00-04:00,146.55999755859375,146.55999755859375,146.55999755859375,146.55999755859375,146.55999755859375,481
2024-04-08 13:38:00-04:00,146.57000732421875,146.5854034423828,146.55999755859375,146.5800018310547,146.5800018310547,2198
2024-04-08 13:39:00-04:00,146.55999755859375,146.55999755859375,146.55999755859375,146.55999755859375,146.55999755859375,344
2024-04-08 13:40:00-04:00,146.61000061035156,146.625,146.61000061035156,146.625,146.625,948
2024-04-08 13:41:00-04:00,146.64999389648438,146.64999389648438,146.5800018310547,146.5800018310547,146.5800018310547,1991
2024-04-08 13:42:00-04:00,146.57000732421875,146.57000732421875,146.5399932861328,146.5399932861328,146.5399932861328,1563
2024-04-08 13:43:00-04:00,146.50999450683594,146.50999450683594,146.4600067138672,146.4600067138672,146.4600067138672,1344
2024-04-08 13:44:00-04:00,146.50999450683594,146.5500030517578,146.50999450683594,146.5500030517578,146.5500030517578,1118
2024-04-08 13:45:00-04:00,146.57000732421875,146.57000732421875,146.5500030517578,146.5500030517578,146.5500030517578,779
2024-04-08 13:46:00-04:00,146.52999877929688,146.5500030517578,146.50999450683594,146.5399932861328,146.5399932861328,2605
2024-04-08 13:47:00-04:00,146.54299926757812,146.54299926757812,146.52499389648438,146.52499389648438,146.52499389648438,971
2024-04-08 13:48:00-04:00,146.49000549316406,146.52499389648438,146.49000549316406,146.52499389648438,146.52499389648438,709
2024-04-08 13:49:00-04:00,146.52499389648438,146.53500366210938,146.50999450683594,146.53500366210938,146.53500366210938,695
2024-04-08 13:50:00-04:00,146.55999755859375,146.60000610351562,146.5500030517578,146.56500244140625,146.56500244140625,2125
2024-04-08 13:51:00-04:00,146.58999633789062,146.6199951171875,146.58999633789062,146.61000061035156,146.61000061035156,878
2024-04-08 13:52:00-04:00,146.66000366210938,146.69000244140625,146.6300048828125,146.64999389648438,146.64999389648438,2677
2024-04-08 13:53:00-04:00,146.64500427246094,146.64500427246094,146.62249755859375,146.6300048828125,146.6300048828125,1039
2024-04-08 13:54:00-04:00,146.6649932861328,146.6750030517578,146.6649932861328,146.6750030517578,146.6750030517578,662
2024-04-08 13:55:00-04:00,146.68800354003906,146.68800354003906,146.67999267578125,146.67999267578125,146.67999267578125,257
2024-04-08 13:56:00-04:00,146.6999969482422,146.76499938964844,146.6999969482422,146.75900268554688,146.75900268554688,2813
2024-04-08 13:57:00-04:00,146.77000427246094,146.77999877929688,146.75999450683594,146.75999450683594,146.75999450683594,1779
2024-04-08 13:58:00-04:00,146.80999755859375,146.85000610351562,146.80999755859375,146.85000610351562,146.85000610351562,1374
2024-04-08 13:59:00-04:00,146.84500122070312,146.84500122070312,146.80999755859375,146.80999755859375,146.80999755859375,670
2024-04-08 14:00:00-04:00,146.8699951171875,146.8699951171875,146.8300018310547,146.8300018310547,146.8300018310547,372
2024-04-08 14:01:00-04:00,146.82000732421875,146.83999633789062,146.77000427246094,146.77000427246094,146.77000427246094,2392
2024-04-08 14:02:00-04:00,146.77000427246094,146.77999877929688,146.75,146.77999877929688,146.77999877929688,1247
2024-04-08 14:03:00-04:00,146.75999450683594,146.75999450683594,146.72000122070312,146.72000122070312,146.72000122070312,1748
2024-04-08 14:04:00-04:00,146.73500061035156,146.73500061035156,146.625,146.625,146.625,1642
2024-04-08 14:05:00-04:00,146.61700439453125,146.6199951171875,146.58999633789062,146.6199951171875,146.6199951171875,390
2024-04-08 14:06:00-04:00,146.63999938964844,146.6699981689453,146.63999938964844,146.6699981689453,146.6699981689453,1883
2024-04-08 14:07:00-04:00,146.69309997558594,146.74000549316406,146.69309997558594,146.70399475097656,146.70399475097656,593
2024-04-08 14:08:00-04:00,146.6999969482422,146.72999572753906,146.6999969482422,146.6999969482422,146.6999969482422,1463
2024-04-08 14:09:00-04:00,146.7100067138672,146.7100067138672,146.7100067138672,146.7100067138672,146.7100067138672,546
2024-04-08 14:10:00-04:00,146.72999572753906,146.72999572753906,146.72999572753906,146.72999572753906,146.72999572753906,394
2024-04-08 14:11:00-04:00,146.7100067138672,146.7100067138672,146.60000610351562,146.60000610351562,146.60000610351562,3638
2024-04-08 14:12:00-04:00,146.61000061035156,146.6999969482422,146.60499572753906,146.67100524902344,146.67100524902344,3902
2024-04-08 14:13:00-04:00,146.6699981689453,146.6699981689453,146.63999938964844,146.63999938964844,146.63999938964844,1719
2024-04-08 14:15:00-04:00,146.63999938964844,146.63999938964844,146.5800018310547,146.61500549316406,146.61500549316406,2687
2024-04-08 14:16:00-04:00,146.57000732421875,146.57000732421875,146.55999755859375,146.57000732421875,146.57000732421875,963
2024-04-08 14:17:00-04:00,146.5399932861328,146.5399932861328,146.52499389648438,146.52499389648438,146.52499389648438,427
2024-04-08 14:18:00-04:00,146.49000549316406,146.49009704589844,146.41000366210938,146.42999267578125,146.42999267578125,2192
2024-04-08 14:19:00-04:00,146.38999938964844,146.38999938964844,146.35000610351562,146.35000610351562,146.35000610351562,373
2024-04-08 14:20:00-04:00,146.41000366210938,146.4199981689453,146.36000061035156,146.36000061035156,146.36000061035156,600
2024-04-08 14:21:00-04:00,146.41000366210938,146.44000244140625,146.33999633789062,146.33999633789062,146.33999633789062,5315
2024-04-08 14:22:00-04:00,146.2949981689453,146.2949981689453,146.2100067138672,146.22000122070312,146.22000122070312,1243
2024-04-08 14:23:00-04:00,146.21910095214844,146.21910095214844,146.11000061035156,146.11000061035156,146.11000061035156,1956
2024-04-08 14:24:00-04:00,146.0749969482422,146.0749969482422,146.0749969482422,146.0749969482422,146.0749969482422,458
2024-04-08 14:25:00-04:00,146.0500030517578,146.16000366210938,146.0500030517578,146.16000366210938,146.16000366210938,1563
2024-04-08 14:26:00-04:00,146.1999969482422,146.2449951171875,146.17999267578125,146.1999969482422,146.1999969482422,1243
2024-04-08 14:27:00-04:00,146.24000549316406,146.24000549316406,146.24000549316406,146.24000549316406,146.24000549316406,508
2024-04-08 14:28:00-04:00,146.2100067138672,146.2100067138672,146.2100067138672,146.2100067138672,146.2100067138672,817
2024-04-08 14:29:00-04:00,146.19000244140625,146.19000244140625,146.1199951171875,146.1199951171875,146.1199951171875,1819
2024-04-08 14:30:00-04:00,146.1199951171875,146.1199951171875,146.07000732421875,146.07000732421875,146.07000732421875,1736
2024-04-08 14:31:00-04:00,146.0399932861328,146.0399932861328,146.0399932861328,146.0399932861328,146.0399932861328,373
2024-04-08 14:32:00-04:00,146.08999633789062,146.13999938964844,146.08999633789062,146.13999938964844,146.13999938964844,1996
2024-04-08 14:33:00-04:00,146.10000610351562,146.10000610351562,146.04200744628906,146.05999755859375,146.05999755859375,1620
2024-04-08 14:34:00-04:00,146.0500030517578,146.0500030517578,146.0399932861328,146.0399932861328,146.0399932861328,951
2024-04-08 14:35:00-04:00,146.02999877929688,146.0500030517578,145.98680114746094,146.0500030517578,146.0500030517578,1146
2024-04-08 14:36:00-04:00,146.00999450683594,146.2449951171875,146.00999450683594,146.2449951171875,146.2449951171875,4363
2024-04-08 14:37:00-04:00,146.25,146.25,146.22019958496094,146.22999572753906,146.22999572753906,2919
2024-04-08 14:38:00-04:00,146.22999572753906,146.22999572753906,146.14999389648438,146.1699981689453,146.1699981689453,2580
2024-04-08 14:39:00-04:00,146.13009643554688,146.13999938964844,146.0800018310547,146.0800018310547,146.0800018310547,1194
2024-04-08 14:40:00-04:00,146.07000732421875,146.07000732421875,146.0500030517578,146.0500030517578,146.0500030517578,378
2024-04-08 14:41:00-04:00,146.02000427246094,146.02000427246094,146.00999450683594,146.02000427246094,146.02000427246094,808
2024-04-08 14:42:00-04:00,146.01499938964844,146.01499938964844,145.99000549316406,145.99000549316406,145.99000549316406,404
2024-04-08 14:43:00-04:00,145.99000549316406,146.0399932861328,145.99000549316406,146.0399932861328,146.0399932861328,964
2024-04-08 14:44:00-04:00,146.0500030517578,146.0500030517578,145.97000122070312,146.02000427246094,146.02000427246094,3114
2024-04-08 14:45:00-04:00,146.01499938964844,146.02999877929688,146.01499938964844,146.02999877929688,146.02999877929688,684
2024-04-08 14:46:00-04:00,146.02000427246094,146.02000427246094,145.92999267578125,145.94000244140625,145.94000244140625,2586
2024-04-08 14:47:00-04:00,145.92999267578125,145.99000549316406,145.92999267578125,145.99000549316406,145.99000549316406,1498
2024-04-08 14:48:00-04:00,146.00999450683594,146.13999938964844,146.00999450683594,146.08999633789062,146.08999633789062,6484
2024-04-08 14:49:00-04:00,146.081298828125,146.08999633789062,146.07000732421875,146.07000732421875,146.07000732421875,853
2024-04-08 14:50:00-04:00,146.07000732421875,146.2050018310547,146.07000732421875,146.2050018310547,146.2050018310547,2247
2024-04-08 14:51:00-04:00,146.2100067138672,146.2100067138672,146.18499755859375,146.1999969482422,146.1999969482422,881
2024-04-08 14:52:00-04:00,146.2100067138672,146.24000549316406,146.19000244140625,146.22000122070312,146.22000122070312,1583
2024-04-08 14:53:00-04:00,146.1999969482422,146.21499633789062,146.19000244140625,146.21499633789062,146.21499633789062,1006
2024-04-08 14:54:00-04:00,146.1999969482422,146.1999969482422,146.18499755859375,146.18499755859375,146.18499755859375,1458
2024-04-08 14:55:00-04:00,146.17999267578125,146.1999969482422,146.17999267578125,146.1999969482422,146.1999969482422,1712
2024-04-08 14:56:00-04:00,146.185302734375,146.22000122070312,146.1199951171875,146.13999938964844,146.13999938964844,5105
2024-04-08 14:57:00-04:00,146.1199951171875,146.1199951171875,146.0800018310547,146.10000610351562,146.10000610351562,1307
2024-04-08 14:58:00-04:00,146.11000061035156,146.1699981689453,146.09500122070312,146.1699981689453,146.1699981689453,1386
2024-04-08 14:59:00-04:00,146.1699981689453,146.17999267578125,146.1699981689453,146.17999267578125,146.17999267578125,389
2024-04-08 15:00:00-04:00,146.16000366210938,146.16000366210938,146.05999755859375,146.05999755859375,146.05999755859375,2304
2024-04-08 15:01:00-04:00,146.10000610351562,146.14999389648438,146.10000610351562,146.14999389648438,146.14999389648438,1778
2024-04-08 15:02:00-04:00,146.1999969482422,146.1999969482422,146.1999969482422,146.1999969482422,146.1999969482422,208
2024-04-08 15:03:00-04:00,146.1699981689453,146.1699981689453,146.11000061035156,146.16000366210938,146.16000366210938,3733
2024-04-08 15:04:00-04:00,146.1699981689453,146.1750030517578,146.16000366210938,146.1750030517578,146.1750030517578,1518
2024-04-08 15:06:00-04:00,146.1699981689453,146.2449951171875,146.1699981689453,146.2449951171875,146.2449951171875,1214
2024-04-08 15:07:00-04:00,146.22999572753906,146.22999572753906,146.10000610351562,146.10000610351562,146.10000610351562,3271
2024-04-08 15:08:00-04:00,146.1300048828125,146.1300048828125,146.0800018310547,146.0800018310547,146.0800018310547,1702
2024-04-08 15:09:00-04:00,146.05599975585938,146.07229614257812,146.02999877929688,146.0399932861328,146.0399932861328,1310
2024-04-08 15:10:00-04:00,146.02999877929688,146.02999877929688,145.9550018310547,145.97000122070312,145.97000122070312,2914
2024-04-08 15:11:00-04:00,146.02999877929688,146.0399932861328,145.99000549316406,145.99000549316406,145.99000549316406,1757
2024-04-08 15:12:00-04:00,145.97999572753906,145.97999572753906,145.9499969482422,145.9600067138672,145.9600067138672,1781
2024-04-08 15:13:00-04:00,145.97000122070312,146.02000427246094,145.97000122070312,145.9949951171875,145.9949951171875,1829
2024-04-08 15:14:00-04:00,145.97000122070312,146.0,145.91000366210938,145.91000366210938,145.91000366210938,2707
2024-04-08 15:15:00-04:00,145.91000366210938,145.93499755859375,145.88999938964844,145.9149932861328,145.9149932861328,4169
2024-04-08 15:16:00-04:00,145.92999267578125,145.94180297851562,145.91009521484375,145.94180297851562,145.94180297851562,1371
2024-04-08 15:17:00-04:00,145.92999267578125,145.9600067138672,145.89999389648438,145.89999389648438,145.89999389648438,3998
2024-04-08 15:18:00-04:00,145.89999389648438,145.9600067138672,145.89999389648438,145.9600067138672,145.9600067138672,1805
2024-04-08 15:19:00-04:00,145.91000366210938,145.97999572753906,145.89999389648438,145.97999572753906,145.97999572753906,4055
2024-04-08 15:20:00-04:00,145.97000122070312,145.97000122070312,145.91000366210938,145.91799926757812,145.91799926757812,1450
2024-04-08 15:21:00-04:00,145.9199981689453,145.94500732421875,145.89500427246094,145.91000366210938,145.91000366210938,3973
2024-04-08 15:22:00-04:00,145.92999267578125,145.95700073242188,145.91000366210938,145.91000366210938,145.91000366210938,2034
2024-04-08 15:23:00-04:00,145.89999389648438,145.89999389648438,145.7899932861328,145.7899932861328,145.7899932861328,5522
2024-04-08 15:24:00-04:00,145.7899932861328,145.7899932861328,145.75999450683594,145.75999450683594,145.75999450683594,1193
2024-04-08 15:25:00-04:00,145.76499938964844,145.8000030517578,145.75,145.8000030517578,145.8000030517578,2791
2024-04-08 15:26:00-04:00,145.77999877929688,145.7899932861328,145.76499938964844,145.76499938964844,145.76499938964844,1077
2024-04-08 15:27:00-04:00,145.77000427246094,145.82000732421875,145.77000427246094,145.82000732421875,145.82000732421875,2536
2024-04-08 15:28:00-04:00,145.8300018310547,145.84500122070312,145.80999755859375,145.80999755859375,145.80999755859375,3238
2024-04-08 15:29:00-04:00,145.86000061035156,145.89500427246094,145.86000061035156,145.8800048828125,145.8800048828125,1548
2024-04-08 15:30:00-04:00,145.88999938964844,145.88999938964844,145.82000732421875,145.83999633789062,145.83999633789062,3860
2024-04-08 15:31:00-04:00,145.83999633789062,145.86000061035156,145.82000732421875,145.86000061035156,145.86000061035156,3439
2024-04-08 15:32:00-04:00,145.83999633789062,145.86000061035156,145.82000732421875,145.86000061035156,145.86000061035156,2032
2024-04-08 15:33:00-04:00,145.85000610351562,145.94000244140625,145.83999633789062,145.92999267578125,145.92999267578125,5575
2024-04-08 15:34:00-04:00,145.89999389648438,145.89999389648438,145.85000610351562,145.8699951171875,145.8699951171875,3078
2024-04-08 15:35:00-04:00,145.8699951171875,145.8800048828125,145.80999755859375,145.8350067138672,145.8350067138672,7020
2024-04-08 15:36:00-04:00,145.8300018310547,145.92999267578125,145.8300018310547,145.85000610351562,145.85000610351562,3070
2024-04-08 15:37:00-04:00,145.84500122070312,145.84500122070312,145.76499938964844,145.77000427246094,145.77000427246094,3277
2024-04-08 15:38:00-04:00,145.75,145.77000427246094,145.6699981689453,145.69000244140625,145.69000244140625,5681
2024-04-08 15:39:00-04:00,145.67359924316406,145.72000122070312,145.67359924316406,145.72000122070312,145.72000122070312,3437
2024-04-08 15:40:00-04:00,145.69000244140625,145.7050018310547,145.6699981689453,145.67999267578125,145.67999267578125,2137
2024-04-08 15:41:00-04:00,145.6699981689453,145.6699981689453,145.57000732421875,145.57000732421875,145.57000732421875,3779
2024-04-08 15:42:00-04:00,145.52999877929688,145.57699584960938,145.51100158691406,145.57699584960938,145.57699584960938,5314
2024-04-08 15:43:00-04:00,145.55499267578125,145.57000732421875,145.46499633789062,145.4949951171875,145.4949951171875,7216
2024-04-08 15:44:00-04:00,145.52000427246094,145.52999877929688,145.44000244140625,145.44000244140625,145.44000244140625,4036
2024-04-08 15:45:00-04:00,145.42999267578125,145.4600067138672,145.38999938964844,145.4600067138672,145.4600067138672,6811
2024-04-08 15:46:00-04:00,145.47000122070312,145.5,145.46499633789062,145.5,145.5,3010
2024-04-08 15:47:00-04:00,145.5,145.51499938964844,145.49000549316406,145.50799560546875,145.50799560546875,4080
2024-04-08 15:48:00-04:00,145.50999450683594,145.57000732421875,145.50999450683594,145.5399932861328,145.5399932861328,9059
2024-04-08 15:49:00-04:00,145.5449981689453,145.72000122070312,145.5449981689453,145.72000122070312,145.72000122070312,9828
2024-04-08 15:50:00-04:00,145.64999389648438,145.67999267578125,145.49000549316406,145.5399932861328,145.5399932861328,11468
2024-04-08 15:51:00-04:00,145.52000427246094,145.52000427246094,145.4199981689453,145.4199981689453,145.4199981689453,8267
2024-04-08 15:52:00-04:00,145.41000366210938,145.4499969482422,145.33999633789062,145.4199981689453,145.4199981689453,13736
2024-04-08 15:53:00-04:00,145.39999389648438,145.4600067138672,145.3300018310547,145.4600067138672,145.4600067138672,11245
2024-04-08 15:54:00-04:00,145.47500610351562,145.49000549316406,145.41000366210938,145.41000366210938,145.41000366210938,10397
2024-04-08 15:55:00-04:00,145.4499969482422,145.52999877929688,145.44000244140625,145.44000244140625,145.44000244140625,7407
2024-04-08 15:56:00-04:00,145.42999267578125,145.4600067138672,145.41000366210938,145.42999267578125,145.42999267578125,16431
2024-04-08 15:57:00-04:00,145.43800354003906,145.47999572753906,145.39999389648438,145.47999572753906,145.47999572753906,16296
2024-04-08 15:58:00-04:00,145.49000549316406,145.71499633789062,145.47999572753906,145.67999267578125,145.67999267578125,28002
2024-04-08 15:59:00-04:00,145.68299865722656,145.69000244140625,145.42999267578125,145.47000122070312,145.47000122070312,53568
2024-04-09 09:30:00-04:00,146.25999450683594,146.25999450683594,146.13999938964844,146.13999938964844,146.13999938964844,19173
2024-04-09 09:32:00-04:00,145.8800048828125,146.6699981689453,145.8800048828125,146.44500732421875,146.44500732421875,2450
2024-04-09 09:33:00-04:00,146.39500427246094,147.44000244140625,146.39500427246094,147.44000244140625,147.44000244140625,4010
2024-04-09 09:34:00-04:00,147.4199981689453,147.9499969482422,147.4199981689453,147.9499969482422,147.9499969482422,3182
2024-04-09 09:35:00-04:00,147.9499969482422,147.9499969482422,147.47999572753906,147.85000610351562,147.85000610351562,6062
2024-04-09 09:36:00-04:00,147.65499877929688,147.97999572753906,147.65499877929688,147.97999572753906,147.97999572753906,5024
2024-04-09 09:37:00-04:00,147.7949981689453,147.94000244140625,147.5,147.94000244140625,147.94000244140625,948
2024-04-09 09:38:00-04:00,147.91000366210938,147.91000366210938,147.71499633789062,147.82000732421875,147.82000732421875,1451
2024-04-09 09:39:00-04:00,147.82000732421875,148.17999267578125,147.57000732421875,148.1699981689453,148.1699981689453,9834
2024-04-09 09:40:00-04:00,147.9600067138672,148.16000366210938,147.3800048828125,147.3800048828125,147.3800048828125,5910
2024-04-09 09:41:00-04:00,147.27999877929688,147.27999877929688,147.1199951171875,147.1199951171875,147.1199951171875,1113
2024-04-09 09:42:00-04:00,147.1300048828125,147.14999389648438,147.1199951171875,147.14999389648438,147.14999389648438,1067
2024-04-09 09:43:00-04:00,147.28990173339844,147.28990173339844,146.9600067138672,147.03500366210938,147.03500366210938,3136
2024-04-09 09:44:00-04:00,147.08999633789062,147.3300018310547,147.01480102539062,147.3300018310547,147.3300018310547,1595
2024-04-09 09:45:00-04:00,147.42999267578125,147.5,147.27999877929688,147.42999267578125,147.42999267578125,2058
2024-04-09 09:46:00-04:00,147.3000030517578,147.36000061035156,146.89999389648438,146.91000366210938,146.91000366210938,4319
2024-04-09 09:47:00-04:00,147.08999633789062,147.08999633789062,147.0800018310547,147.08999633789062,147.08999633789062,740
2024-04-09 09:48:00-04:00,147.10000610351562,147.10000610351562,147.08999633789062,147.08999633789062,147.08999633789062,911
2024-04-09 09:49:00-04:00,147.1999969482422,147.1999969482422,147.05999755859375,147.1199951171875,147.1199951171875,507
2024-04-09 09:50:00-04:00,147.07000732421875,147.1699981689453,147.0,147.1699981689453,147.1699981689453,10719
2024-04-09 09:51:00-04:00,147.05999755859375,147.07000732421875,146.72999572753906,146.72999572753906,146.72999572753906,6033
2024-04-09 09:52:00-04:00,146.66079711914062,146.72500610351562,146.60000610351562,146.67999267578125,146.67999267578125,1554
2024-04-09 09:53:00-04:00,146.75,146.77000427246094,146.6199951171875,146.6811981201172,146.6811981201172,3153
2024-04-09 09:54:00-04:00,146.72999572753906,146.99000549316406,146.72999572753906,146.99000549316406,146.99000549316406,2497
2024-04-09 09:55:00-04:00,146.91000366210938,146.9600067138672,146.8800048828125,146.88499450683594,146.88499450683594,2206
2024-04-09 09:56:00-04:00,146.8300018310547,146.8300018310547,146.5800018310547,146.5800018310547,146.5800018310547,2161
2024-04-09 09:57:00-04:00,146.61500549316406,146.61500549316406,146.5294952392578,146.5294952392578,146.5294952392578,569
2024-04-09 09:58:00-04:00,146.50999450683594,146.63999938964844,146.5,146.625,146.625,3564
2024-04-09 09:59:00-04:00,146.6699981689453,146.7899932861328,146.52000427246094,146.64999389648438,146.64999389648438,6227
2024-04-09 10:00:00-04:00,146.55999755859375,146.57000732421875,146.41000366210938,146.47500610351562,146.47500610351562,8361
2024-04-09 10:01:00-04:00,146.4600067138672,146.64999389648438,146.4600067138672,146.62060546875,146.62060546875,3028
2024-04-09 10:02:00-04:00,146.64500427246094,146.86000061035156,146.64500427246094,146.7819061279297,146.7819061279297,1425
2024-04-09 10:03:00-04:00,146.70010375976562,147.13999938964844,146.70010375976562,147.13999938964844,147.13999938964844,2516
2024-04-09 10:04:00-04:00,147.25,147.25,147.09500122070312,147.1699981689453,147.1699981689453,676
2024-04-09 10:05:00-04:00,147.09500122070312,147.1300048828125,146.86000061035156,146.92999267578125,146.92999267578125,3909
2024-04-09 10:07:00-04:00,147.0,147.03500366210938,146.9199981689453,146.97779846191406,146.97779846191406,3452
2024-04-09 10:08:00-04:00,147.00999450683594,147.00999450683594,146.8000030517578,146.8800048828125,146.8800048828125,4172
2024-04-09 10:09:00-04:00,146.875,146.94000244140625,146.8000030517578,146.86000061035156,146.86000061035156,1801
2024-04-09 10:10:00-04:00,146.8000030517578,146.92999267578125,146.8000030517578,146.89500427246094,146.89500427246094,4460
2024-04-09 10:11:00-04:00,146.91000366210938,146.93499755859375,146.91000366210938,146.93499755859375,146.93499755859375,1604
2024-04-09 10:12:00-04:00,146.97999572753906,147.25,146.92999267578125,147.24000549316406,147.24000549316406,2822
2024-04-09 10:13:00-04:00,147.35000610351562,147.47000122070312,147.35000610351562,147.47000122070312,147.47000122070312,1402
2024-04-09 10:14:00-04:00,147.47999572753906,147.47999572753906,147.25,147.3350067138672,147.3350067138672,3864
2024-04-09 10:15:00-04:00,147.3350067138672,147.52000427246094,147.3350067138672,147.44500732421875,147.44500732421875,2018
2024-04-09 10:16:00-04:00,147.44500732421875,147.52000427246094,147.3699951171875,147.3699951171875,147.3699951171875,1881
2024-04-09 10:17:00-04:00,147.39999389648438,147.4600067138672,147.39999389648438,147.4600067138672,147.4600067138672,1138
2024-04-09 10:18:00-04:00,147.47999572753906,147.58999633789062,147.47000122070312,147.58999633789062,147.58999633789062,1488
2024-04-09 10:19:00-04:00,147.6699981689453,147.82000732421875,147.6699981689453,147.82000732421875,147.82000732421875,598
2024-04-09 10:20:00-04:00,147.78500366210938,147.8000030517578,147.69000244140625,147.8000030517578,147.8000030517578,1635
2024-04-09 10:21:00-04:00,147.9199981689453,147.9499969482422,147.9199981689453,147.9499969482422,147.9499969482422,406
2024-04-09 10:22:00-04:00,147.97999572753906,147.97999572753906,147.89500427246094,147.89500427246094,147.89500427246094,518
2024-04-09 10:23:00-04:00,147.89500427246094,147.9499969482422,147.77999877929688,147.84500122070312,147.84500122070312,6644
2024-04-09 10:24:00-04:00,147.85000610351562,147.85000610351562,147.74000549316406,147.74000549316406,147.74000549316406,867
2024-04-09 10:25:00-04:00,147.74000549316406,148.0399932861328,147.74000549316406,148.00999450683594,148.00999450683594,4288
2024-04-09 10:26:00-04:00,148.0500030517578,148.10000610351562,147.89999389648438,147.94500732421875,147.94500732421875,5884
2024-04-09 10:27:00-04:00,147.97000122070312,148.14999389648438,147.94500732421875,148.0800018310547,148.0800018310547,3471
2024-04-09 10:28:00-04:00,148.06500244140625,148.06500244140625,147.7899932861328,147.7899932861328,147.7899932861328,3615
2024-04-09 10:29:00-04:00,147.7949981689453,147.8699951171875,147.60000610351562,147.60000610351562,147.60000610351562,2858
2024-04-09 10:30:00-04:00,147.56500244140625,147.56500244140625,147.39999389648438,147.39999389648438,147.39999389648438,3588
2024-04-09 10:31:00-04:00,147.27000427246094,147.3699951171875,147.27000427246094,147.30999755859375,147.30999755859375,1909
2024-04-09 10:32:00-04:00,147.33999633789062,147.33999633789062,147.27999877929688,147.27999877929688,147.27999877929688,1512
2024-04-09 10:33:00-04:00,147.49000549316406,147.49000549316406,147.49000549316406,147.49000549316406,147.49000549316406,420
2024-04-09 10:34:00-04:00,147.41000366210938,147.4600067138672,147.3800048828125,147.4600067138672,147.4600067138672,1720
2024-04-09 10:35:00-04:00,147.5500030517578,147.5500030517578,147.48500061035156,147.48500061035156,147.48500061035156,645
2024-04-09 10:36:00-04:00,147.4600067138672,147.4600067138672,147.39999389648438,147.39999389648438,147.39999389648438,1497
2024-04-09 10:37:00-04:00,147.38499450683594,147.41510009765625,147.19000244140625,147.2100067138672,147.2100067138672,3240
2024-04-09 10:38:00-04:00,147.25,147.25,147.22500610351562,147.22500610351562,147.22500610351562,839
2024-04-09 10:39:00-04:00,147.17999267578125,147.27000427246094,147.1199951171875,147.22000122070312,147.22000122070312,1907
2024-04-09 10:40:00-04:00,147.27000427246094,147.47000122070312,147.2449951171875,147.42999267578125,147.42999267578125,6601
2024-04-09 10:41:00-04:00,147.44000244140625,147.52000427246094,147.39999389648438,147.4600067138672,147.4600067138672,1353
2024-04-09 10:42:00-04:00,147.38999938964844,147.38999938964844,147.25999450683594,147.25999450683594,147.25999450683594,2269
2024-04-09 10:43:00-04:00,147.25999450683594,147.25999450683594,147.07000732421875,147.13999938964844,147.13999938964844,2776
2024-04-09 10:44:00-04:00,147.09219360351562,147.14999389648438,147.00999450683594,147.0500030517578,147.0500030517578,5176
2024-04-09 10:45:00-04:00,147.0399932861328,147.1699981689453,147.02000427246094,147.09500122070312,147.09500122070312,3982
2024-04-09 10:46:00-04:00,147.08999633789062,147.10000610351562,147.02499389648438,147.0800018310547,147.0800018310547,2030
2024-04-09 10:47:00-04:00,147.03500366210938,147.0800018310547,146.99000549316406,147.03500366210938,147.03500366210938,2181
2024-04-09 10:48:00-04:00,147.03500366210938,147.1699981689453,147.03500366210938,147.1699981689453,147.1699981689453,2556
2024-04-09 10:49:00-04:00,147.16000366210938,147.17999267578125,147.01710510253906,147.01710510253906,147.01710510253906,4204
2024-04-09 10:50:00-04:00,147.06500244140625,147.11000061035156,146.9199981689453,147.0500030517578,147.0500030517578,6975
2024-04-09 10:51:00-04:00,147.05999755859375,147.05999755859375,147.05999755859375,147.05999755859375,147.05999755859375,161
2024-04-09 10:52:00-04:00,147.00999450683594,147.05499267578125,146.97999572753906,146.97999572753906,146.97999572753906,836
2024-04-09 10:53:00-04:00,147.00999450683594,147.00999450683594,146.99000549316406,146.99000549316406,146.99000549316406,726
2024-04-09 10:54:00-04:00,147.08999633789062,147.08999633789062,147.03500366210938,147.03500366210938,147.03500366210938,746
2024-04-09 10:55:00-04:00,147.10000610351562,147.10000610351562,147.03500366210938,147.10000610351562,147.10000610351562,1524
2024-04-09 10:56:00-04:00,147.10000610351562,147.11500549316406,147.0399932861328,147.0399932861328,147.0399932861328,2978
2024-04-09 10:57:00-04:00,147.0399932861328,147.0850067138672,146.97999572753906,147.0850067138672,147.0850067138672,985
2024-04-09 10:58:00-04:00,147.11000061035156,147.11000061035156,147.11000061035156,147.11000061035156,147.11000061035156,1539
2024-04-09 10:59:00-04:00,147.1699981689453,147.25,147.1699981689453,147.2100067138672,147.2100067138672,1640
2024-04-09 11:00:00-04:00,147.1699981689453,147.35000610351562,147.1699981689453,147.22000122070312,147.22000122070312,1691
2024-04-09 11:01:00-04:00,147.25,147.25,147.25,147.25,147.25,4685
2024-04-09 11:02:00-04:00,147.30999755859375,147.30999755859375,147.27999877929688,147.27999877929688,147.27999877929688,1699
2024-04-09 11:05:00-04:00,147.19500732421875,147.3800048828125,147.1750030517578,147.3800048828125,147.3800048828125,1496
2024-04-09 11:06:00-04:00,147.4499969482422,147.47999572753906,147.42140197753906,147.42140197753906,147.42140197753906,2243
2024-04-09 11:07:00-04:00,147.41000366210938,147.4499969482422,147.38560485839844,147.4499969482422,147.4499969482422,1638
2024-04-09 11:08:00-04:00,147.4199981689453,147.47999572753906,147.4001007080078,147.41000366210938,147.41000366210938,1236
2024-04-09 11:09:00-04:00,147.47999572753906,147.47999572753906,147.39999389648438,147.39999389648438,147.39999389648438,924
2024-04-09 11:10:00-04:00,147.38999938964844,147.5,147.38999938964844,147.5,147.5,3064
2024-04-09 11:11:00-04:00,147.52000427246094,147.5615997314453,147.47000122070312,147.5,147.5,2970
2024-04-09 11:12:00-04:00,147.52000427246094,147.56500244140625,147.50999450683594,147.50999450683594,147.50999450683594,1930
2024-04-09 11:13:00-04:00,147.60000610351562,147.60000610351562,147.56500244140625,147.56500244140625,147.56500244140625,943
2024-04-09 11:14:00-04:00,147.55499267578125,147.64500427246094,147.55499267578125,147.64500427246094,147.64500427246094,1763
2024-04-09 11:15:00-04:00,147.6699981689453,147.88999938964844,147.65499877929688,147.875,147.875,1591
2024-04-09 11:16:00-04:00,147.875,147.875,147.7100067138672,147.80999755859375,147.80999755859375,3498
2024-04-09 11:17:00-04:00,147.82000732421875,147.91000366210938,147.82000732421875,147.91000366210938,147.91000366210938,614
2024-04-09 11:18:00-04:00,147.86500549316406,147.9250030517578,147.86500549316406,147.9250030517578,147.9250030517578,1336
2024-04-09 11:19:00-04:00,147.92999267578125,147.92999267578125,147.80999755859375,147.82000732421875,147.82000732421875,1898
2024-04-09 11:20:00-04:00,147.7899932861328,147.9600067138672,147.75999450683594,147.89999389648438,147.89999389648438,3026
2024-04-09 11:21:00-04:00,147.89999389648438,147.89999389648438,147.72999572753906,147.72999572753906,147.72999572753906,3633
2024-04-09 11:22:00-04:00,147.7449951171875,147.7449951171875,147.7449951171875,147.7449951171875,147.7449951171875,512
2024-04-09 11:23:00-04:00,147.6699981689453,147.7100067138672,147.6699981689453,147.7100067138672,147.7100067138672,986
2024-04-09 11:24:00-04:00,147.6199951171875,147.7050018310547,147.6199951171875,147.66000366210938,147.66000366210938,1016
2024-04-09 11:25:00-04:00,147.66000366210938,147.6999969482422,147.66000366210938,147.6999969482422,147.6999969482422,995
2024-04-09 11:26:00-04:00,147.75999450683594,147.82000732421875,147.7100067138672,147.82000732421875,147.82000732421875,912
2024-04-09 11:27:00-04:00,147.75999450683594,147.78500366210938,147.7100067138672,147.7100067138672,147.7100067138672,1186
2024-04-09 11:28:00-04:00,147.77000427246094,147.77000427246094,147.5800018310547,147.64999389648438,147.64999389648438,4648
2024-04-09 11:29:00-04:00,147.5500030517578,147.67999267578125,147.52000427246094,147.63999938964844,147.63999938964844,2312
2024-04-09 11:30:00-04:00,147.69000244140625,147.69000244140625,147.5800018310547,147.5800018310547,147.5800018310547,1125
2024-04-09 11:31:00-04:00,147.59500122070312,147.75999450683594,147.59500122070312,147.75999450683594,147.75999450683594,13560
2024-04-09 11:32:00-04:00,147.77999877929688,147.8300018310547,147.69000244140625,147.77999877929688,147.77999877929688,2879
2024-04-09 11:34:00-04:00,147.80499267578125,147.80999755859375,147.80499267578125,147.80999755859375,147.80999755859375,1462
2024-04-09 11:35:00-04:00,147.868896484375,147.868896484375,147.868896484375,147.868896484375,147.868896484375,624
2024-04-09 11:36:00-04:00,147.81500244140625,147.88499450683594,147.80999755859375,147.80999755859375,147.80999755859375,2135
2024-04-09 11:37:00-04:00,147.85000610351562,147.86000061035156,147.82000732421875,147.86000061035156,147.86000061035156,1163
2024-04-09 11:38:00-04:00,147.80999755859375,147.80999755859375,147.6199951171875,147.6199951171875,147.6199951171875,7819
2024-04-09 11:39:00-04:00,147.7100067138672,147.8300018310547,147.6999969482422,147.77999877929688,147.77999877929688,2849
2024-04-09 11:40:00-04:00,147.85000610351562,147.85000610351562,147.7949981689453,147.7949981689453,147.7949981689453,730
2024-04-09 11:41:00-04:00,147.8000030517578,147.85499572753906,147.8000030517578,147.85499572753906,147.85499572753906,1534
2024-04-09 11:42:00-04:00,147.85499572753906,147.85499572753906,147.8000030517578,147.82000732421875,147.82000732421875,1797
2024-04-09 11:43:00-04:00,147.8303985595703,147.89500427246094,147.82000732421875,147.8300018310547,147.8300018310547,1158
2024-04-09 11:44:00-04:00,147.8699951171875,147.97000122070312,147.8699951171875,147.91000366210938,147.91000366210938,3491
2024-04-09 11:45:00-04:00,147.82000732421875,147.92999267578125,147.82000732421875,147.9149932861328,147.9149932861328,1863
2024-04-09 11:46:00-04:00,147.82000732421875,147.86500549316406,147.82000732421875,147.86500549316406,147.86500549316406,1203
2024-04-09 11:47:00-04:00,147.8300018310547,147.9499969482422,147.8300018310547,147.9199981689453,147.9199981689453,1749
2024-04-09 11:48:00-04:00,147.97999572753906,147.97999572753906,147.97999572753906,147.97999572753906,147.97999572753906,1015
2024-04-09 11:49:00-04:00,147.99000549316406,148.1199951171875,147.99000549316406,148.03500366210938,148.03500366210938,2298
2024-04-09 11:50:00-04:00,148.03500366210938,148.03500366210938,147.9600067138672,147.9600067138672,147.9600067138672,971
2024-04-09 11:51:00-04:00,148.0500030517578,148.0500030517578,148.0500030517578,148.0500030517578,148.0500030517578,296
2024-04-09 11:52:00-04:00,148.02000427246094,148.04249572753906,147.94000244140625,147.94000244140625,147.94000244140625,3962
2024-04-09 11:54:00-04:00,148.0500030517578,148.07000732421875,148.0500030517578,148.05999755859375,148.05999755859375,1962
2024-04-09 11:55:00-04:00,148.1009979248047,148.1009979248047,148.1009979248047,148.1009979248047,148.1009979248047,181
2024-04-09 11:56:00-04:00,148.06500244140625,148.07000732421875,148.0,148.07000732421875,148.07000732421875,2874
2024-04-09 11:57:00-04:00,148.00999450683594,148.03199768066406,148.0,148.0,148.0,1963
2024-04-09 11:58:00-04:00,148.0399932861328,148.05999755859375,148.02999877929688,148.05999755859375,148.05999755859375,409
2024-04-09 11:59:00-04:00,148.0800018310547,148.0800018310547,148.02499389648438,148.02499389648438,148.02499389648438,1343
2024-04-09 12:00:00-04:00,148.02499389648438,148.02499389648438,147.82229614257812,147.9949951171875,147.9949951171875,3129
2024-04-09 12:01:00-04:00,147.89999389648438,147.89999389648438,147.89999389648438,147.89999389648438,147.89999389648438,364
2024-04-09 12:02:00-04:00,147.8795928955078,147.8795928955078,147.8795928955078,147.8795928955078,147.8795928955078,839
2024-04-09 12:03:00-04:00,147.86000061035156,147.86500549316406,147.86000061035156,147.86500549316406,147.86500549316406,1170
2024-04-09 12:04:00-04:00,147.91299438476562,147.9499969482422,147.91299438476562,147.9499969482422,147.9499969482422,698
2024-04-09 12:05:00-04:00,147.89999389648438,147.94000244140625,147.89999389648438,147.94000244140625,147.94000244140625,1193
2024-04-09 12:06:00-04:00,147.89999389648438,147.89999389648438,147.8300018310547,147.8524932861328,147.8524932861328,2729
2024-04-09 12:07:00-04:00,147.80999755859375,147.80999755859375,147.8000030517578,147.8000030517578,147.8000030517578,1174
2024-04-09 12:08:00-04:00,147.8249969482422,147.86000061035156,147.8249969482422,147.86000061035156,147.86000061035156,597
2024-04-09 12:09:00-04:00,147.86500549316406,147.88999938964844,147.86000061035156,147.86000061035156,147.86000061035156,877
2024-04-09 12:10:00-04:00,147.8300018310547,147.8300018310547,147.8300018310547,147.8300018310547,147.8300018310547,301
2024-04-09 12:11:00-04:00,147.82000732421875,147.8300018310547,147.7899932861328,147.7899932861328,147.7899932861328,1133
2024-04-09 12:12:00-04:00,147.7899932861328,147.80999755859375,147.75999450683594,147.80999755859375,147.80999755859375,2253
2024-04-09 12:13:00-04:00,147.76499938964844,147.76499938964844,147.76499938964844,147.76499938964844,147.76499938964844,729
2024-04-09 12:14:00-04:00,147.74000549316406,147.75,147.7050018310547,147.7050018310547,147.7050018310547,7554
2024-04-09 12:15:00-04:00,147.74000549316406,147.75,147.52999877929688,147.64999389648438,147.64999389648438,4277
2024-04-09 12:16:00-04:00,147.5800018310547,147.5800018310547,147.5749969482422,147.5749969482422,147.5749969482422,1135
2024-04-09 12:17:00-04:00,147.57000732421875,147.59779357910156,147.57000732421875,147.59779357910156,147.59779357910156,440
2024-04-09 12:18:00-04:00,147.57000732421875,147.6060028076172,147.57000732421875,147.57000732421875,147.57000732421875,1066
2024-04-09 12:19:00-04:00,147.57000732421875,147.57000732421875,147.55999755859375,147.55999755859375,147.55999755859375,1210
2024-04-09 12:21:00-04:00,147.5500030517578,147.55999755859375,147.50999450683594,147.53500366210938,147.53500366210938,2356
2024-04-09 12:22:00-04:00,147.52999877929688,147.52999877929688,147.47999572753906,147.47999572753906,147.47999572753906,1052
2024-04-09 12:23:00-04:00,147.4600067138672,147.4600067138672,147.41000366210938,147.41000366210938,147.41000366210938,1787
2024-04-09 12:24:00-04:00,147.3800048828125,147.44000244140625,147.3699951171875,147.44000244140625,147.44000244140625,2015
2024-04-09 12:25:00-04:00,147.44000244140625,147.44000244140625,147.42999267578125,147.42999267578125,147.42999267578125,2832
2024-04-09 12:26:00-04:00,147.5050048828125,147.5050048828125,147.47000122070312,147.47000122070312,147.47000122070312,545
2024-04-09 12:27:00-04:00,147.5,147.5,147.43499755859375,147.43499755859375,147.43499755859375,1267
2024-04-09 12:28:00-04:00,147.47000122070312,147.47000122070312,147.47000122070312,147.47000122070312,147.47000122070312,699
2024-04-09 12:29:00-04:00,147.5,147.5,147.5,147.5,147.5,798
2024-04-09 12:30:00-04:00,147.44500732421875,147.51499938964844,147.44500732421875,147.51499938964844,147.51499938964844,2015
2024-04-09 12:31:00-04:00,147.5,147.56500244140625,147.5,147.56500244140625,147.56500244140625,1252
2024-04-09 12:32:00-04:00,147.60000610351562,147.64999389648438,147.60000610351562,147.63999938964844,147.63999938964844,1043
2024-04-09 12:33:00-04:00,147.5449981689453,147.5749969482422,147.5449981689453,147.5749969482422,147.5749969482422,1013
2024-04-09 12:34:00-04:00,147.63999938964844,147.67999267578125,147.61000061035156,147.625,147.625,1979
2024-04-09 12:35:00-04:00,147.63499450683594,147.66000366210938,147.63499450683594,147.63999938964844,147.63999938964844,803
2024-04-09 12:36:00-04:00,147.63499450683594,147.63499450683594,147.6199951171875,147.6199951171875,147.6199951171875,1088
2024-04-09 12:37:00-04:00,147.63499450683594,147.66000366210938,147.61500549316406,147.6199951171875,147.6199951171875,1118
2024-04-09 12:38:00-04:00,147.625,147.69000244140625,147.625,147.67999267578125,147.67999267578125,1157
2024-04-09 12:39:00-04:00,147.6649932861328,147.6649932861328,147.6649932861328,147.6649932861328,147.6649932861328,471
2024-04-09 12:40:00-04:00,147.6300048828125,147.66000366210938,147.57000732421875,147.57000732421875,147.57000732421875,2755
2024-04-09 12:41:00-04:00,147.6300048828125,147.6300048828125,147.6300048828125,147.6300048828125,147.6300048828125,1558
2024-04-09 12:43:00-04:00,147.5500030517578,147.57400512695312,147.5500030517578,147.5570068359375,147.5570068359375,757
2024-04-09 12:44:00-04:00,147.5500030517578,147.58999633789062,147.52000427246094,147.52999877929688,147.52999877929688,2409
2024-04-09 12:45:00-04:00,147.52000427246094,147.52499389648438,147.49000549316406,147.49000549316406,147.49000549316406,1203
2024-04-09 12:46:00-04:00,147.47999572753906,147.47999572753906,147.4499969482422,147.4499969482422,147.4499969482422,1305
2024-04-09 12:47:00-04:00,147.49000549316406,147.49000549316406,147.49000549316406,147.49000549316406,147.49000549316406,487
2024-04-09 12:48:00-04:00,147.49000549316406,147.49000549316406,147.49000549316406,147.49000549316406,147.49000549316406,794
2024-04-09 12:49:00-04:00,147.44500732421875,147.44500732421875,147.43800354003906,147.43800354003906,147.43800354003906,633
2024-04-09 12:50:00-04:00,147.4499969482422,147.52000427246094,147.4499969482422,147.52000427246094,147.52000427246094,1371
2024-04-09 12:51:00-04:00,147.47000122070312,147.47000122070312,147.47000122070312,147.47000122070312,147.47000122070312,183
2024-04-09 12:52:00-04:00,147.47500610351562,147.47999572753906,147.3800048828125,147.38499450683594,147.38499450683594,3979
2024-04-09 12:53:00-04:00,147.27000427246094,147.28500366210938,147.27000427246094,147.28500366210938,147.28500366210938,515
2024-04-09 12:54:00-04:00,147.24000549316406,147.24000549316406,147.08999633789062,147.13450622558594,147.13450622558594,2107
2024-04-09 12:55:00-04:00,147.11500549316406,147.1699981689453,147.05999755859375,147.08999633789062,147.08999633789062,2890
2024-04-09 12:56:00-04:00,147.0500030517578,147.0500030517578,147.0500030517578,147.0500030517578,147.0500030517578,765
2024-04-09 12:57:00-04:00,147.0500030517578,147.1999969482422,147.0500030517578,147.11500549316406,147.11500549316406,3623
2024-04-09 12:58:00-04:00,147.1199951171875,147.17999267578125,147.09500122070312,147.11000061035156,147.11000061035156,1566
2024-04-09 12:59:00-04:00,147.13999938964844,147.14999389648438,147.1199951171875,147.1199951171875,147.1199951171875,1556
2024-04-09 13:01:00-04:00,147.07000732421875,147.1199951171875,147.07000732421875,147.10000610351562,147.10000610351562,1857
2024-04-09 13:02:00-04:00,147.0500030517578,147.11000061035156,146.94000244140625,147.0800018310547,147.0800018310547,4688
2024-04-09 13:04:00-04:00,147.1300048828125,147.35000610351562,147.1300048828125,147.30499267578125,147.30499267578125,4144
2024-04-09 13:06:00-04:00,147.30499267578125,147.30499267578125,147.30499267578125,147.30499267578125,147.30499267578125,734
2024-04-09 13:07:00-04:00,147.3885955810547,147.39999389648438,147.32000732421875,147.39999389648438,147.39999389648438,1907
2024-04-09 13:08:00-04:00,147.35000610351562,147.39999389648438,147.35000610351562,147.3699951171875,147.3699951171875,1493
2024-04-09 13:09:00-04:00,147.36500549316406,147.43499755859375,147.36500549316406,147.38999938964844,147.38999938964844,2957
2024-04-09 13:10:00-04:00,147.5500030517578,147.5500030517578,147.39999389648438,147.39999389648438,147.39999389648438,1750
2024-04-09 13:11:00-04:00,147.3800048828125,147.3800048828125,147.3699951171875,147.3699951171875,147.3699951171875,812
2024-04-09 13:13:00-04:00,147.38499450683594,147.42999267578125,147.38499450683594,147.42999267578125,147.42999267578125,2546
2024-04-09 13:15:00-04:00,147.50999450683594,147.5399932861328,147.47000122070312,147.5399932861328,147.5399932861328,960
2024-04-09 13:16:00-04:00,147.4499969482422,147.47999572753906,147.4499969482422,147.47999572753906,147.47999572753906,646
2024-04-09 13:17:00-04:00,147.47000122070312,147.5399932861328,147.47000122070312,147.5399932861328,147.5399932861328,1852
2024-04-09 13:18:00-04:00,147.65499877929688,147.66000366210938,147.65499877929688,147.66000366210938,147.66000366210938,788
2024-04-09 13:19:00-04:00,147.6649932861328,147.6649932861328,147.65499877929688,147.65499877929688,147.65499877929688,559
2024-04-09 13:20:00-04:00,147.65359497070312,147.6699981689453,147.65359497070312,147.6699981689453,147.6699981689453,1172
2024-04-09 13:21:00-04:00,147.71499633789062,147.8000030517578,147.71499633789062,147.8000030517578,147.8000030517578,830
2024-04-09 13:22:00-04:00,147.86000061035156,147.8800048828125,147.7949981689453,147.7949981689453,147.7949981689453,2033
2024-04-09 13:23:00-04:00,147.81500244140625,147.91000366210938,147.81500244140625,147.88999938964844,147.88999938964844,2644
2024-04-09 13:24:00-04:00,147.9149932861328,147.92999267578125,147.89999389648438,147.89999389648438,147.89999389648438,1538
2024-04-09 13:25:00-04:00,147.88999938964844,147.92999267578125,147.88999938964844,147.89500427246094,147.89500427246094,1210
2024-04-09 13:26:00-04:00,147.89999389648438,147.89999389648438,147.89500427246094,147.89500427246094,147.89500427246094,467
2024-04-09 13:27:00-04:00,147.88999938964844,147.9550018310547,147.8699951171875,147.9550018310547,147.9550018310547,5616
2024-04-09 13:28:00-04:00,148.01499938964844,148.01499938964844,148.01499938964844,148.01499938964844,148.01499938964844,623
2024-04-09 13:29:00-04:00,148.0800018310547,148.0800018310547,148.0800018310547,148.0800018310547,148.0800018310547,619
2024-04-09 13:30:00-04:00,148.13999938964844,148.1699981689453,148.02000427246094,148.0500030517578,148.0500030517578,5569
2024-04-09 13:31:00-04:00,148.00999450683594,148.04910278320312,148.0,148.01089477539062,148.01089477539062,1970
2024-04-09 13:32:00-04:00,148.0500030517578,148.0500030517578,148.0,148.02000427246094,148.02000427246094,1055
2024-04-09 13:33:00-04:00,148.02000427246094,148.02000427246094,147.92999267578125,147.92999267578125,147.92999267578125,1429
2024-04-09 13:35:00-04:00,147.9199981689453,147.97000122070312,147.9199981689453,147.96499633789062,147.96499633789062,1846
2024-04-09 13:36:00-04:00,148.0399932861328,148.0399932861328,147.83999633789062,147.8699951171875,147.8699951171875,5676
2024-04-09 13:37:00-04:00,147.89999389648438,147.89999389648438,147.8800048828125,147.89999389648438,147.89999389648438,954
2024-04-09 13:38:00-04:00,147.89999389648438,147.91000366210938,147.8699951171875,147.8699951171875,147.8699951171875,557
2024-04-09 13:39:00-04:00,147.89999389648438,147.9199981689453,147.8699951171875,147.89999389648438,147.89999389648438,3843
2024-04-09 13:41:00-04:00,147.8699951171875,147.89999389648438,147.82000732421875,147.8699951171875,147.8699951171875,2260
2024-04-09 13:42:00-04:00,147.86000061035156,147.86000061035156,147.86000061035156,147.86000061035156,147.86000061035156,705
2024-04-09 13:43:00-04:00,147.7913055419922,147.8350067138672,147.7913055419922,147.8350067138672,147.8350067138672,952
2024-04-09 13:44:00-04:00,147.8699951171875,147.8699951171875,147.83999633789062,147.8699951171875,147.8699951171875,1273
2024-04-09 13:45:00-04:00,147.8800048828125,147.89999389648438,147.875,147.89999389648438,147.89999389648438,3012
2024-04-09 13:46:00-04:00,147.86500549316406,147.89999389648438,147.86500549316406,147.89999389648438,147.89999389648438,1048
2024-04-09 13:47:00-04:00,147.89999389648438,147.89999389648438,147.85499572753906,147.8800048828125,147.8800048828125,1871
2024-04-09 13:48:00-04:00,147.875,147.875,147.875,147.875,147.875,422
2024-04-09 13:49:00-04:00,147.83999633789062,147.83999633789062,147.83999633789062,147.83999633789062,147.83999633789062,1220
2024-04-09 13:50:00-04:00,147.83999633789062,147.83999633789062,147.6999969482422,147.74000549316406,147.74000549316406,5972
2024-04-09 13:51:00-04:00,147.6999969482422,147.6999969482422,147.6999969482422,147.6999969482422,147.6999969482422,354
2024-04-09 13:52:00-04:00,147.66000366210938,147.66000366210938,147.61000061035156,147.625,147.625,867
2024-04-09 13:53:00-04:00,147.6199951171875,147.6300048828125,147.6199951171875,147.6300048828125,147.6300048828125,756
2024-04-09 13:54:00-04:00,147.5500030517578,147.5749969482422,147.5500030517578,147.5749969482422,147.5749969482422,1371
2024-04-09 13:55:00-04:00,147.5399932861328,147.69500732421875,147.5399932861328,147.69500732421875,147.69500732421875,2567
2024-04-09 13:56:00-04:00,147.72999572753906,147.72999572753906,147.66000366210938,147.66000366210938,147.66000366210938,1206
2024-04-09 13:57:00-04:00,147.71499633789062,147.71499633789062,147.71499633789062,147.71499633789062,147.71499633789062,226
2024-04-09 13:58:00-04:00,147.71499633789062,147.71499633789062,147.71499633789062,147.71499633789062,147.71499633789062,564
2024-04-09 13:59:00-04:00,147.6999969482422,147.75,147.64500427246094,147.65499877929688,147.65499877929688,2137
2024-04-09 14:00:00-04:00,147.5399932861328,147.5399932861328,147.4600067138672,147.47500610351562,147.47500610351562,3165
2024-04-09 14:01:00-04:00,147.4199981689453,147.4199981689453,147.4199981689453,147.4199981689453,147.4199981689453,245
2024-04-09 14:02:00-04:00,147.5,147.5,147.4040069580078,147.5,147.5,3331
2024-04-09 14:03:00-04:00,147.4949951171875,147.4949951171875,147.4949951171875,147.4949951171875,147.4949951171875,346
2024-04-09 14:04:00-04:00,147.5500030517578,147.60000610351562,147.52000427246094,147.60000610351562,147.60000610351562,1548
2024-04-09 14:05:00-04:00,147.533203125,147.533203125,147.47000122070312,147.47000122070312,147.47000122070312,798
2024-04-09 14:06:00-04:00,147.58999633789062,147.58999633789062,147.58999633789062,147.58999633789062,147.58999633789062,193
2024-04-09 14:07:00-04:00,147.58999633789062,147.58999633789062,147.58999633789062,147.58999633789062,147.58999633789062,706
2024-04-09 14:08:00-04:00,147.55499267578125,147.6300048828125,147.55499267578125,147.6300048828125,147.6300048828125,846
2024-04-09 14:09:00-04:00,147.6300048828125,147.6699981689453,147.6199951171875,147.64500427246094,147.64500427246094,1549
2024-04-09 14:10:00-04:00,147.66000366210938,147.75,147.66000366210938,147.72000122070312,147.72000122070312,1245
2024-04-09 14:11:00-04:00,147.75,147.75,147.58999633789062,147.6300048828125,147.6300048828125,3449
2024-04-09 14:12:00-04:00,147.66000366210938,147.68499755859375,147.63999938964844,147.6699981689453,147.6699981689453,1133
2024-04-09 14:13:00-04:00,147.63999938964844,147.6999969482422,147.6204071044922,147.66000366210938,147.66000366210938,1653
2024-04-09 14:14:00-04:00,147.63999938964844,147.6649932861328,147.6300048828125,147.63270568847656,147.63270568847656,1510
2024-04-09 14:15:00-04:00,147.6999969482422,147.72999572753906,147.6699981689453,147.72500610351562,147.72500610351562,1495
2024-04-09 14:16:00-04:00,147.72500610351562,147.75999450683594,147.6199951171875,147.6696014404297,147.6696014404297,15708
2024-04-09 14:17:00-04:00,147.66920471191406,147.69000244140625,147.66920471191406,147.67999267578125,147.67999267578125,690
2024-04-09 14:18:00-04:00,147.69000244140625,147.77999877929688,147.69000244140625,147.77999877929688,147.77999877929688,2850
2024-04-09 14:19:00-04:00,147.7899932861328,147.86000061035156,147.7899932861328,147.86000061035156,147.86000061035156,1373
2024-04-09 14:20:00-04:00,147.88999938964844,147.88999938964844,147.8000030517578,147.8699951171875,147.8699951171875,3003
2024-04-09 14:21:00-04:00,147.84500122070312,147.8699951171875,147.8000030517578,147.8699951171875,147.8699951171875,3217
2024-04-09 14:22:00-04:00,147.88999938964844,147.9499969482422,147.8800048828125,147.8800048828125,147.8800048828125,2374
2024-04-09 14:23:00-04:00,147.88999938964844,147.88999938964844,147.80999755859375,147.80999755859375,147.80999755859375,969
2024-04-09 14:24:00-04:00,147.8249969482422,147.8249969482422,147.77000427246094,147.7899932861328,147.7899932861328,2017
2024-04-09 14:25:00-04:00,147.80999755859375,147.82000732421875,147.72000122070312,147.72000122070312,147.72000122070312,3531
2024-04-09 14:26:00-04:00,147.72000122070312,147.72000122070312,147.72000122070312,147.72000122070312,147.72000122070312,454
2024-04-09 14:27:00-04:00,147.74000549316406,147.77000427246094,147.72000122070312,147.77000427246094,147.77000427246094,1495
2024-04-09 14:28:00-04:00,147.7675018310547,147.7675018310547,147.6699981689453,147.6999969482422,147.6999969482422,2215
2024-04-09 14:30:00-04:00,147.63499450683594,147.63499450683594,147.60000610351562,147.6199951171875,147.6199951171875,1331
2024-04-09 14:31:00-04:00,147.57000732421875,147.63999938964844,147.57000732421875,147.6199951171875,147.6199951171875,1143
2024-04-09 14:32:00-04:00,147.63999938964844,147.64999389648438,147.60499572753906,147.63999938964844,147.63999938964844,2726
2024-04-09 14:33:00-04:00,147.66000366210938,147.66000366210938,147.63499450683594,147.63499450683594,147.63499450683594,1178
2024-04-09 14:34:00-04:00,147.66000366210938,147.6999969482422,147.66000366210938,147.6999969482422,147.6999969482422,1551
2024-04-09 14:35:00-04:00,147.6999969482422,147.6999969482422,147.66000366210938,147.69000244140625,147.69000244140625,2856
2024-04-09 14:36:00-04:00,147.6699981689453,147.6699981689453,147.5800018310547,147.5800018310547,147.5800018310547,3118
2024-04-09 14:37:00-04:00,147.5500030517578,147.5500030517578,147.52999877929688,147.5399932861328,147.5399932861328,787
2024-04-09 14:38:00-04:00,147.52000427246094,147.52000427246094,147.47000122070312,147.47000122070312,147.47000122070312,1313
2024-04-09 14:39:00-04:00,147.49000549316406,147.49000549316406,147.39999389648438,147.39999389648438,147.39999389648438,1749
2024-04-09 14:40:00-04:00,147.38999938964844,147.38999938964844,147.32000732421875,147.32000732421875,147.32000732421875,894
2024-04-09 14:41:00-04:00,147.3000030517578,147.36000061035156,147.3000030517578,147.35499572753906,147.35499572753906,1428
2024-04-09 14:42:00-04:00,147.35499572753906,147.41000366210938,147.35499572753906,147.38070678710938,147.38070678710938,1690
2024-04-09 14:43:00-04:00,147.39500427246094,147.39999389648438,147.39500427246094,147.39999389648438,147.39999389648438,813
2024-04-09 14:44:00-04:00,147.41000366210938,147.41000366210938,147.36000061035156,147.38999938964844,147.38999938964844,1292
2024-04-09 14:45:00-04:00,147.3800048828125,147.44000244140625,147.3800048828125,147.4199981689453,147.4199981689453,1808
2024-04-09 14:46:00-04:00,147.4250030517578,147.49000549316406,147.4250030517578,147.47000122070312,147.47000122070312,2536
2024-04-09 14:47:00-04:00,147.47000122070312,147.47000122070312,147.36000061035156,147.3800048828125,147.3800048828125,2188
2024-04-09 14:48:00-04:00,147.38499450683594,147.41000366210938,147.27000427246094,147.30999755859375,147.30999755859375,3217
2024-04-09 14:49:00-04:00,147.30999755859375,147.30999755859375,147.30999755859375,147.30999755859375,147.30999755859375,357
2024-04-09 14:50:00-04:00,147.36000061035156,147.4199981689453,147.33999633789062,147.4199981689453,147.4199981689453,2577
2024-04-09 14:51:00-04:00,147.4499969482422,147.4600067138672,147.40499877929688,147.4499969482422,147.4499969482422,1571
2024-04-09 14:52:00-04:00,147.45150756835938,147.50999450683594,147.45150756835938,147.4600067138672,147.4600067138672,1520
2024-04-09 14:53:00-04:00,147.46499633789062,147.5,147.44000244140625,147.47000122070312,147.47000122070312,2393
2024-04-09 14:54:00-04:00,147.4149932861328,147.4149932861328,147.3699951171875,147.41000366210938,147.41000366210938,1425
2024-04-09 14:55:00-04:00,147.39999389648438,147.39999389648438,147.36000061035156,147.3800048828125,147.3800048828125,2171
2024-04-09 14:56:00-04:00,147.375,147.4600067138672,147.375,147.45779418945312,147.45779418945312,2044
2024-04-09 14:57:00-04:00,147.43499755859375,147.43499755859375,147.41000366210938,147.4237060546875,147.4237060546875,2136
2024-04-09 14:58:00-04:00,147.47000122070312,147.47000122070312,147.47000122070312,147.47000122070312,147.47000122070312,403
2024-04-09 14:59:00-04:00,147.47500610351562,147.47500610351562,147.4199981689453,147.44000244140625,147.44000244140625,3474
2024-04-09 15:00:00-04:00,147.44000244140625,147.4499969482422,147.35499572753906,147.35499572753906,147.35499572753906,1688
2024-04-09 15:01:00-04:00,147.35000610351562,147.35000610351562,147.35000610351562,147.35000610351562,147.35000610351562,863
2024-04-09 15:02:00-04:00,147.35000610351562,147.35000610351562,147.3000030517578,147.3000030517578,147.3000030517578,2713
2024-04-09 15:04:00-04:00,147.27000427246094,147.31500244140625,147.27000427246094,147.31500244140625,147.31500244140625,1627
2024-04-09 15:05:00-04:00,147.3052978515625,147.30999755859375,147.25999450683594,147.27999877929688,147.27999877929688,1562
2024-04-09 15:06:00-04:00,147.25999450683594,147.25999450683594,147.11000061035156,147.11000061035156,147.11000061035156,2642
2024-04-09 15:07:00-04:00,147.1300048828125,147.1300048828125,147.07000732421875,147.07000732421875,147.07000732421875,1382
2024-04-09 15:08:00-04:00,147.07000732421875,147.11000061035156,147.07000732421875,147.09559631347656,147.09559631347656,3910
2024-04-09 15:09:00-04:00,147.08999633789062,147.10000610351562,146.9499969482422,147.02499389648438,147.02499389648438,5383
2024-04-09 15:10:00-04:00,147.0,147.02000427246094,146.97000122070312,146.97999572753906,146.97999572753906,2282
2024-04-09 15:11:00-04:00,146.97000122070312,147.1199951171875,146.97000122070312,147.10000610351562,147.10000610351562,9504
2024-04-09 15:12:00-04:00,147.11000061035156,147.13999938964844,147.07000732421875,147.13999938964844,147.13999938964844,2740
2024-04-09 15:13:00-04:00,147.14999389648438,147.22000122070312,147.14999389648438,147.22000122070312,147.22000122070312,2416
2024-04-09 15:14:00-04:00,147.22000122070312,147.23399353027344,147.19000244140625,147.19000244140625,147.19000244140625,2462
2024-04-09 15:15:00-04:00,147.20469665527344,147.3000030517578,147.20469665527344,147.3000030517578,147.3000030517578,2586
2024-04-09 15:16:00-04:00,147.3000030517578,147.3699951171875,147.27999877929688,147.3699951171875,147.3699951171875,2084
2024-04-09 15:17:00-04:00,147.35000610351562,147.42999267578125,147.35000610351562,147.39500427246094,147.39500427246094,1634
2024-04-09 15:18:00-04:00,147.42999267578125,147.4499969482422,147.41000366210938,147.43499755859375,147.43499755859375,3748
2024-04-09 15:19:00-04:00,147.4600067138672,147.47000122070312,147.4499969482422,147.47000122070312,147.47000122070312,2374
2024-04-09 15:20:00-04:00,147.5,147.52999877929688,147.47000122070312,147.47000122070312,147.47000122070312,2678
2024-04-09 15:21:00-04:00,147.48500061035156,147.58999633789062,147.48500061035156,147.58999633789062,147.58999633789062,4072
2024-04-09 15:22:00-04:00,147.5749969482422,147.68499755859375,147.55499267578125,147.60000610351562,147.60000610351562,4504
2024-04-09 15:23:00-04:00,147.58999633789062,147.625,147.57000732421875,147.6199951171875,147.6199951171875,2143
2024-04-09 15:24:00-04:00,147.6300048828125,147.63999938964844,147.6199951171875,147.63499450683594,147.63499450683594,1384
2024-04-09 15:25:00-04:00,147.656494140625,147.77000427246094,147.6300048828125,147.72999572753906,147.72999572753906,5182
2024-04-09 15:26:00-04:00,147.7100067138672,147.7949981689453,147.7100067138672,147.74000549316406,147.74000549316406,3736
2024-04-09 15:27:00-04:00,147.74000549316406,147.80999755859375,147.74000549316406,147.80999755859375,147.80999755859375,3011
2024-04-09 15:28:00-04:00,147.8000030517578,147.8300018310547,147.7899932861328,147.80999755859375,147.80999755859375,2082
2024-04-09 15:29:00-04:00,147.80999755859375,147.94500732421875,147.80999755859375,147.9199981689453,147.9199981689453,3524
2024-04-09 15:30:00-04:00,147.89999389648438,147.89999389648438,147.8800048828125,147.89999389648438,147.89999389648438,2175
2024-04-09 15:31:00-04:00,147.92999267578125,148.02999877929688,147.9199981689453,147.94000244140625,147.94000244140625,5695
2024-04-09 15:32:00-04:00,147.92999267578125,147.92999267578125,147.875,147.875,147.875,2569
2024-04-09 15:33:00-04:00,147.91000366210938,147.91000366210938,147.8699951171875,147.88499450683594,147.88499450683594,2935
2024-04-09 15:34:00-04:00,147.9199981689453,147.9199981689453,147.85499572753906,147.89500427246094,147.89500427246094,4582
2024-04-09 15:35:00-04:00,147.86000061035156,147.89999389648438,147.86000061035156,147.89999389648438,147.89999389648438,868
2024-04-09 15:36:00-04:00,147.8800048828125,147.8800048828125,147.74000549316406,147.74000549316406,147.74000549316406,4726
2024-04-09 15:37:00-04:00,147.72000122070312,147.75,147.69500732421875,147.69500732421875,147.69500732421875,3021
2024-04-09 15:38:00-04:00,147.69000244140625,147.72000122070312,147.6750030517578,147.7100067138672,147.7100067138672,2934
2024-04-09 15:39:00-04:00,147.72999572753906,147.73500061035156,147.6378936767578,147.6699981689453,147.6699981689453,5701
2024-04-09 15:40:00-04:00,147.66000366210938,147.73500061035156,147.66000366210938,147.72000122070312,147.72000122070312,3569
2024-04-09 15:41:00-04:00,147.74560546875,147.74560546875,147.64999389648438,147.64999389648438,147.64999389648438,3306
2024-04-09 15:42:00-04:00,147.6300048828125,147.7050018310547,147.6300048828125,147.7050018310547,147.7050018310547,3685
2024-04-09 15:43:00-04:00,147.72999572753906,147.74000549316406,147.65499877929688,147.68499755859375,147.68499755859375,5099
2024-04-09 15:44:00-04:00,147.7100067138672,147.77999877929688,147.7100067138672,147.75,147.75,3708
2024-04-09 15:45:00-04:00,147.75,147.8350067138672,147.7449951171875,147.7449951171875,147.7449951171875,6875
2024-04-09 15:46:00-04:00,147.74000549316406,147.77000427246094,147.74000549316406,147.76499938964844,147.76499938964844,7360
2024-04-09 15:47:00-04:00,147.75,147.7550048828125,147.7100067138672,147.73500061035156,147.73500061035156,5020
2024-04-09 15:48:00-04:00,147.7100067138672,147.8000030517578,147.7100067138672,147.76499938964844,147.76499938964844,11051
2024-04-09 15:49:00-04:00,147.7050018310547,147.80999755859375,147.6699981689453,147.7899932861328,147.7899932861328,6491
2024-04-09 15:50:00-04:00,147.77999877929688,147.80499267578125,147.7100067138672,147.80499267578125,147.80499267578125,6551
2024-04-09 15:51:00-04:00,147.7899932861328,147.82000732421875,147.75,147.77999877929688,147.77999877929688,9567
2024-04-09 15:52:00-04:00,147.77999877929688,147.9149932861328,147.77999877929688,147.89999389648438,147.89999389648438,13601
2024-04-09 15:53:00-04:00,147.86000061035156,147.9600067138672,147.75999450683594,147.92999267578125,147.92999267578125,14962
2024-04-09 15:54:00-04:00,147.9499969482422,148.0850067138672,147.9499969482422,148.0850067138672,148.0850067138672,14530
2024-04-09 15:55:00-04:00,148.08999633789062,148.33999633789062,148.08999633789062,148.33999633789062,148.33999633789062,28996
2024-04-09 15:56:00-04:00,148.3699951171875,148.38999938964844,148.25999450683594,148.3800048828125,148.3800048828125,29818
2024-04-09 15:57:00-04:00,148.3699951171875,148.4199981689453,148.30999755859375,148.35000610351562,148.35000610351562,29132
2024-04-09 15:58:00-04:00,148.35000610351562,148.4600067138672,148.30999755859375,148.4199981689453,148.4199981689453,30942
2024-04-09 15:59:00-04:00,148.41000366210938,148.63999938964844,148.35000610351562,148.5500030517578,148.5500030517578,60937
2024-04-10 09:30:00-04:00,143.77999877929688,144.90109252929688,143.77999877929688,144.2949981689453,144.2949981689453,30907
2024-04-10 09:32:00-04:00,144.47000122070312,144.7050018310547,144.47000122070312,144.7050018310547,144.7050018310547,13152
2024-04-10 09:33:00-04:00,144.77999877929688,144.9199981689453,144.4499969482422,144.4792022705078,144.4792022705078,16308
2024-04-10 09:34:00-04:00,144.61839294433594,144.61839294433594,144.4199981689453,144.42999267578125,144.42999267578125,1532
2024-04-10 09:35:00-04:00,144.41000366210938,144.5500030517578,144.16000366210938,144.5500030517578,144.5500030517578,12311
2024-04-10 09:36:00-04:00,144.44000244140625,144.44000244140625,143.80999755859375,144.07269287109375,144.07269287109375,4104
2024-04-10 09:37:00-04:00,143.80999755859375,144.3300018310547,143.80999755859375,144.13499450683594,144.13499450683594,11587
2024-04-10 09:38:00-04:00,144.05999755859375,144.3699951171875,144.02200317382812,144.08999633789062,144.08999633789062,4169
2024-04-10 09:39:00-04:00,144.1999969482422,144.24000549316406,143.72000122070312,143.72000122070312,143.72000122070312,12169
2024-04-10 09:40:00-04:00,143.7100067138672,143.7100067138672,143.26950073242188,143.3800048828125,143.3800048828125,3882
2024-04-10 09:41:00-04:00,143.33999633789062,143.75,143.33999633789062,143.4499969482422,143.4499969482422,7967
2024-04-10 09:42:00-04:00,143.3249969482422,143.47999572753906,143.24000549316406,143.39999389648438,143.39999389648438,3568
2024-04-10 09:43:00-04:00,143.25999450683594,143.89999389648438,143.25999450683594,143.89999389648438,143.89999389648438,7484
2024-04-10 09:44:00-04:00,143.99000549316406,143.99000549316406,143.8000030517578,143.92999267578125,143.92999267578125,3776
2024-04-10 09:45:00-04:00,143.86000061035156,143.86000061035156,143.6999969482422,143.7899932861328,143.7899932861328,3347
2024-04-10 09:46:00-04:00,143.83999633789062,144.11000061035156,143.63999938964844,143.82000732421875,143.82000732421875,9734
2024-04-10 09:47:00-04:00,143.72000122070312,144.0,143.5399932861328,144.0,144.0,4074
2024-04-10 09:48:00-04:00,144.0,144.0,143.7899932861328,143.80499267578125,143.80499267578125,2117
2024-04-10 09:49:00-04:00,143.92999267578125,143.94000244140625,143.6750030517578,143.9199981689453,143.9199981689453,1440
2024-04-10 09:50:00-04:00,143.9199981689453,144.0,143.89999389648438,143.90499877929688,143.90499877929688,3134
2024-04-10 09:51:00-04:00,143.91000366210938,144.0800018310547,143.80999755859375,143.9669952392578,143.9669952392578,9159
2024-04-10 09:52:00-04:00,144.0050048828125,144.3000030517578,143.99000549316406,144.3000030517578,144.3000030517578,7360
2024-04-10 09:53:00-04:00,144.3000030517578,144.3699951171875,144.1999969482422,144.2899932861328,144.2899932861328,4967
2024-04-10 09:54:00-04:00,144.29750061035156,144.34339904785156,144.02999877929688,144.0749969482422,144.0749969482422,7011
2024-04-10 09:55:00-04:00,144.0749969482422,144.1699981689453,143.86000061035156,143.9499969482422,143.9499969482422,5473
2024-04-10 09:56:00-04:00,143.83999633789062,143.94000244140625,143.7899932861328,143.90499877929688,143.90499877929688,7526
2024-04-10 09:57:00-04:00,144.05999755859375,144.19000244140625,143.9499969482422,144.13999938964844,144.13999938964844,5424
2024-04-10 09:58:00-04:00,144.13999938964844,144.5500030517578,144.13999938964844,144.5500030517578,144.5500030517578,3741
2024-04-10 09:59:00-04:00,144.44000244140625,144.44000244140625,144.27000427246094,144.27000427246094,144.27000427246094,3749
2024-04-10 10:00:00-04:00,144.30999755859375,144.30999755859375,143.8000030517578,143.83999633789062,143.83999633789062,14893
2024-04-10 10:01:00-04:00,143.86000061035156,143.97000122070312,143.77000427246094,143.89999389648438,143.89999389648438,4512
2024-04-10 10:02:00-04:00,143.89999389648438,144.04750061035156,143.89999389648438,144.04750061035156,144.04750061035156,2715
2024-04-10 10:03:00-04:00,144.125,144.125,144.0,144.11000061035156,144.11000061035156,3792
2024-04-10 10:04:00-04:00,144.11000061035156,144.11000061035156,144.01499938964844,144.10000610351562,144.10000610351562,4689
2024-04-10 10:05:00-04:00,144.03500366210938,144.125,143.9499969482422,144.01499938964844,144.01499938964844,3425
2024-04-10 10:06:00-04:00,144.05589294433594,144.1699981689453,144.05589294433594,144.13999938964844,144.13999938964844,4358
2024-04-10 10:07:00-04:00,144.19000244140625,144.32000732421875,144.19000244140625,144.19000244140625,144.19000244140625,5234
2024-04-10 10:08:00-04:00,144.27000427246094,144.3000030517578,144.16000366210938,144.28500366210938,144.28500366210938,4133
2024-04-10 10:09:00-04:00,144.1999969482422,144.49000549316406,144.1999969482422,144.38499450683594,144.38499450683594,5496
2024-04-10 10:10:00-04:00,144.38499450683594,144.50999450683594,144.25999450683594,144.38999938964844,144.38999938964844,10114
2024-04-10 10:11:00-04:00,144.4499969482422,144.56500244140625,144.42999267578125,144.52000427246094,144.52000427246094,2101
2024-04-10 10:12:00-04:00,144.6024932861328,144.74000549316406,144.60000610351562,144.61500549316406,144.61500549316406,2348
2024-04-10 10:13:00-04:00,144.6300048828125,144.7899932861328,144.6300048828125,144.7899932861328,144.7899932861328,3092
2024-04-10 10:14:00-04:00,144.75999450683594,144.77499389648438,144.50999450683594,144.56500244140625,144.56500244140625,4515
2024-04-10 10:15:00-04:00,144.7100067138672,144.7100067138672,144.42999267578125,144.5050048828125,144.5050048828125,4868
2024-04-10 10:16:00-04:00,144.48500061035156,144.55999755859375,144.48500061035156,144.48500061035156,144.48500061035156,1512
2024-04-10 10:17:00-04:00,144.64999389648438,144.64999389648438,144.5449981689453,144.61000061035156,144.61000061035156,3639
2024-04-10 10:18:00-04:00,144.5800018310547,144.69000244140625,144.5800018310547,144.69000244140625,144.69000244140625,1747
2024-04-10 10:19:00-04:00,144.80999755859375,145.14999389648438,144.80999755859375,145.06500244140625,145.06500244140625,3436
2024-04-10 10:20:00-04:00,144.99000549316406,145.08999633789062,144.97000122070312,145.08999633789062,145.08999633789062,4275
2024-04-10 10:21:00-04:00,145.03500366210938,145.1999969482422,145.03500366210938,145.1999969482422,145.1999969482422,2228
2024-04-10 10:22:00-04:00,145.28500366210938,145.3350067138672,145.28500366210938,145.3300018310547,145.3300018310547,1893
2024-04-10 10:23:00-04:00,145.375,145.375,145.27000427246094,145.36000061035156,145.36000061035156,2201
2024-04-10 10:24:00-04:00,145.36000061035156,145.4499969482422,145.33999633789062,145.39120483398438,145.39120483398438,3798
2024-04-10 10:25:00-04:00,145.4499969482422,145.72000122070312,145.4499969482422,145.54200744628906,145.54200744628906,3883
2024-04-10 10:26:00-04:00,145.64500427246094,145.64500427246094,145.5399932861328,145.58999633789062,145.58999633789062,1195
2024-04-10 10:27:00-04:00,145.58999633789062,145.66000366210938,145.49000549316406,145.63999938964844,145.63999938964844,1391
2024-04-10 10:28:00-04:00,145.47999572753906,145.52999877929688,145.4499969482422,145.52999877929688,145.52999877929688,2844
2024-04-10 10:29:00-04:00,145.5,145.5050048828125,145.39999389648438,145.5,145.5,2108
2024-04-10 10:30:00-04:00,145.49000549316406,145.5399932861328,145.45269775390625,145.49000549316406,145.49000549316406,607
2024-04-10 10:31:00-04:00,145.4949951171875,145.4949951171875,145.17999267578125,145.26499938964844,145.26499938964844,4712
2024-04-10 10:32:00-04:00,145.2799072265625,145.3000030517578,145.11500549316406,145.1999969482422,145.1999969482422,2215
2024-04-10 10:33:00-04:00,145.13499450683594,145.1699981689453,145.13499450683594,145.1699981689453,145.1699981689453,664
2024-04-10 10:34:00-04:00,145.23500061035156,145.35000610351562,145.2100067138672,145.2100067138672,145.2100067138672,1573
2024-04-10 10:35:00-04:00,145.32000732421875,145.41000366210938,145.2899932861328,145.41000366210938,145.41000366210938,2543
2024-04-10 10:36:00-04:00,145.33999633789062,145.52000427246094,145.33999633789062,145.52000427246094,145.52000427246094,1735
2024-04-10 10:37:00-04:00,145.52999877929688,145.5500030517578,145.39999389648438,145.39999389648438,145.39999389648438,1653
2024-04-10 10:38:00-04:00,145.55999755859375,145.63999938964844,145.5449981689453,145.5449981689453,145.5449981689453,1256
2024-04-10 10:39:00-04:00,145.5449981689453,145.5449981689453,145.44000244140625,145.4600067138672,145.4600067138672,2151
2024-04-10 10:40:00-04:00,145.43499755859375,145.43499755859375,145.30999755859375,145.30999755859375,145.30999755859375,1124
2024-04-10 10:41:00-04:00,145.40499877929688,145.40499877929688,145.25999450683594,145.26499938964844,145.26499938964844,1291
2024-04-10 10:42:00-04:00,145.26499938964844,145.26499938964844,145.125,145.125,145.125,2680
2024-04-10 10:43:00-04:00,145.1199951171875,145.39999389648438,145.1199951171875,145.39999389648438,145.39999389648438,3130
2024-04-10 10:44:00-04:00,145.2949981689453,145.2949981689453,145.2949981689453,145.2949981689453,145.2949981689453,384
2024-04-10 10:45:00-04:00,145.3800048828125,145.38999938964844,145.25489807128906,145.25489807128906,145.25489807128906,1186
2024-04-10 10:46:00-04:00,145.3000030517578,145.3000030517578,145.3000030517578,145.3000030517578,145.3000030517578,422
2024-04-10 10:47:00-04:00,145.26499938964844,145.26499938964844,145.1699981689453,145.1699981689453,145.1699981689453,1893
2024-04-10 10:48:00-04:00,145.1999969482422,145.25999450683594,145.1999969482422,145.25999450683594,145.25999450683594,646
2024-04-10 10:49:00-04:00,145.27999877929688,145.27999877929688,145.27999877929688,145.27999877929688,145.27999877929688,940
2024-04-10 10:50:00-04:00,145.3000030517578,145.3000030517578,145.3000030517578,145.3000030517578,145.3000030517578,122
2024-04-10 10:51:00-04:00,145.125,145.3000030517578,145.125,145.25,145.25,1103
2024-04-10 10:52:00-04:00,145.24000549316406,145.24000549316406,145.11500549316406,145.22000122070312,145.22000122070312,4369
2024-04-10 10:53:00-04:00,145.22000122070312,145.22999572753906,145.22000122070312,145.22500610351562,145.22500610351562,2558
2024-04-10 10:54:00-04:00,145.16000366210938,145.16000366210938,145.0,145.05499267578125,145.05499267578125,5198
2024-04-10 10:55:00-04:00,145.11000061035156,145.1199951171875,144.8800048828125,144.97000122070312,144.97000122070312,6633
2024-04-10 10:56:00-04:00,144.8699951171875,144.9600067138672,144.85000610351562,144.88499450683594,144.88499450683594,1770
2024-04-10 10:57:00-04:00,144.88499450683594,144.99000549316406,144.7449951171875,144.75999450683594,144.75999450683594,2648
2024-04-10 10:58:00-04:00,144.77000427246094,144.94000244140625,144.75,144.80999755859375,144.80999755859375,2890
2024-04-10 10:59:00-04:00,144.9459991455078,144.9459991455078,144.82000732421875,144.82000732421875,144.82000732421875,1333
2024-04-10 11:00:00-04:00,144.7949981689453,144.7949981689453,144.7100067138672,144.73500061035156,144.73500061035156,2263
2024-04-10 11:01:00-04:00,144.72999572753906,144.72999572753906,144.7100067138672,144.7100067138672,144.7100067138672,407
2024-04-10 11:02:00-04:00,144.77000427246094,144.88999938964844,144.77000427246094,144.85499572753906,144.85499572753906,2682
2024-04-10 11:03:00-04:00,144.85499572753906,144.8800048828125,144.72999572753906,144.8800048828125,144.8800048828125,1801
2024-04-10 11:04:00-04:00,144.72999572753906,144.92999267578125,144.72500610351562,144.8699951171875,144.8699951171875,4778
2024-04-10 11:05:00-04:00,144.8000030517578,144.8699951171875,144.8000030517578,144.82000732421875,144.82000732421875,1995
2024-04-10 11:06:00-04:00,144.77000427246094,144.77000427246094,144.75999450683594,144.77000427246094,144.77000427246094,671
2024-04-10 11:07:00-04:00,144.85000610351562,144.9199981689453,144.85000610351562,144.9199981689453,144.9199981689453,1980
2024-04-10 11:08:00-04:00,144.94949340820312,144.97000122070312,144.89999389648438,144.9600067138672,144.9600067138672,1349
2024-04-10 11:09:00-04:00,144.89999389648438,144.89999389648438,144.89999389648438,144.89999389648438,144.89999389648438,160
2024-04-10 11:10:00-04:00,144.89999389648438,145.0050048828125,144.89999389648438,144.97000122070312,144.97000122070312,2726
2024-04-10 11:11:00-04:00,145.0,145.02000427246094,144.9949951171875,145.0,145.0,1489
2024-04-10 11:12:00-04:00,145.10000610351562,145.10000610351562,145.0800018310547,145.0800018310547,145.0800018310547,2648
2024-04-10 11:13:00-04:00,145.10000610351562,145.10000610351562,145.0,145.05999755859375,145.05999755859375,3016
2024-04-10 11:14:00-04:00,145.1300048828125,145.1300048828125,145.0800018310547,145.0800018310547,145.0800018310547,1387
2024-04-10 11:15:00-04:00,145.02999877929688,145.02999877929688,144.83999633789062,144.8800048828125,144.8800048828125,5764
2024-04-10 11:16:00-04:00,144.89999389648438,145.0050048828125,144.82000732421875,144.86000061035156,144.86000061035156,14801
2024-04-10 11:17:00-04:00,144.88999938964844,144.88999938964844,144.8000030517578,144.8699951171875,144.8699951171875,3440
2024-04-10 11:18:00-04:00,144.88999938964844,145.10000610351562,144.88999938964844,145.10000610351562,145.10000610351562,6174
2024-04-10 11:19:00-04:00,145.02999877929688,145.0800018310547,144.97000122070312,145.0500030517578,145.0500030517578,3269
2024-04-10 11:20:00-04:00,145.02000427246094,145.0800018310547,145.02000427246094,145.0500030517578,145.0500030517578,1282
2024-04-10 11:21:00-04:00,145.11000061035156,145.11000061035156,144.8300018310547,144.8350067138672,144.8350067138672,11342
2024-04-10 11:22:00-04:00,144.88999938964844,145.02000427246094,144.8699951171875,144.98500061035156,144.98500061035156,4032
2024-04-10 11:23:00-04:00,144.98500061035156,144.98500061035156,144.98500061035156,144.98500061035156,144.98500061035156,875
2024-04-10 11:24:00-04:00,144.96499633789062,145.0500030517578,144.96499633789062,144.98500061035156,144.98500061035156,1843
2024-04-10 11:25:00-04:00,144.98500061035156,145.0500030517578,144.97999572753906,145.0500030517578,145.0500030517578,2617
2024-04-10 11:26:00-04:00,145.07000732421875,145.16000366210938,145.0399932861328,145.125,145.125,2672
2024-04-10 11:27:00-04:00,145.16000366210938,145.3800048828125,145.16000366210938,145.3800048828125,145.3800048828125,3732
2024-04-10 11:28:00-04:00,145.49000549316406,145.66000366210938,145.41000366210938,145.66000366210938,145.66000366210938,1835
2024-04-10 11:29:00-04:00,145.5800018310547,145.64999389648438,145.5399932861328,145.64999389648438,145.64999389648438,2787
2024-04-10 11:30:00-04:00,145.60499572753906,145.67999267578125,145.55999755859375,145.67999267578125,145.67999267578125,3090
2024-04-10 11:31:00-04:00,145.63259887695312,145.69000244140625,145.22000122070312,145.22999572753906,145.22999572753906,5668
2024-04-10 11:32:00-04:00,145.14999389648438,145.14999389648438,145.08999633789062,145.14999389648438,145.14999389648438,1417
2024-04-10 11:33:00-04:00,145.0,145.08999633789062,144.9949951171875,145.05999755859375,145.05999755859375,1580
2024-04-10 11:34:00-04:00,145.07000732421875,145.07000732421875,145.0500030517578,145.0500030517578,145.0500030517578,988
2024-04-10 11:35:00-04:00,145.02499389648438,145.0800018310547,144.9949951171875,145.00999450683594,145.00999450683594,2857
2024-04-10 11:36:00-04:00,145.02000427246094,145.08999633789062,144.9149932861328,144.97999572753906,144.97999572753906,2843
2024-04-10 11:37:00-04:00,144.94000244140625,144.94000244140625,144.92999267578125,144.92999267578125,144.92999267578125,700
2024-04-10 11:38:00-04:00,144.85000610351562,144.85000610351562,144.6999969482422,144.80999755859375,144.80999755859375,2649
2024-04-10 11:39:00-04:00,144.8300018310547,144.89500427246094,144.8300018310547,144.89500427246094,144.89500427246094,634
2024-04-10 11:40:00-04:00,144.89999389648438,144.92999267578125,144.7550048828125,144.8000030517578,144.8000030517578,2010
2024-04-10 11:41:00-04:00,144.75999450683594,144.83999633789062,144.75,144.82000732421875,144.82000732421875,3036
2024-04-10 11:42:00-04:00,144.75999450683594,144.9199981689453,144.75999450683594,144.88999938964844,144.88999938964844,1352
2024-04-10 11:43:00-04:00,144.88499450683594,144.88499450683594,144.74000549316406,144.74000549316406,144.74000549316406,2293
2024-04-10 11:44:00-04:00,144.72999572753906,144.85000610351562,144.72999572753906,144.85000610351562,144.85000610351562,1623
2024-04-10 11:45:00-04:00,144.8800048828125,144.94000244140625,144.82000732421875,144.94000244140625,144.94000244140625,1634
2024-04-10 11:46:00-04:00,144.90499877929688,144.90499877929688,144.75,144.75999450683594,144.75999450683594,2220
2024-04-10 11:47:00-04:00,144.72500610351562,144.8699951171875,144.72500610351562,144.77999877929688,144.77999877929688,1534
2024-04-10 11:48:00-04:00,144.7949981689453,144.7949981689453,144.7949981689453,144.7949981689453,144.7949981689453,353
2024-04-10 11:49:00-04:00,144.86000061035156,144.9499969482422,144.86000061035156,144.94000244140625,144.94000244140625,3600
2024-04-10 11:50:00-04:00,144.91000366210938,145.00999450683594,144.89320373535156,144.92999267578125,144.92999267578125,4148
2024-04-10 11:51:00-04:00,144.8800048828125,144.8800048828125,144.8699951171875,144.8800048828125,144.8800048828125,1567
2024-04-10 11:52:00-04:00,144.875,144.9499969482422,144.82000732421875,144.9199981689453,144.9199981689453,2170
2024-04-10 11:53:00-04:00,144.9600067138672,145.07000732421875,144.9600067138672,145.0124969482422,145.0124969482422,4627
2024-04-10 11:54:00-04:00,144.92999267578125,144.92999267578125,144.82000732421875,144.9250030517578,144.9250030517578,5043
2024-04-10 11:55:00-04:00,144.8699951171875,144.9600067138672,144.85000610351562,144.9600067138672,144.9600067138672,1739
2024-04-10 11:56:00-04:00,144.97000122070312,144.99000549316406,144.91000366210938,144.99000549316406,144.99000549316406,2876
2024-04-10 11:57:00-04:00,145.02000427246094,145.08990478515625,144.99000549316406,145.08990478515625,145.08990478515625,3045
2024-04-10 11:58:00-04:00,145.00999450683594,145.00999450683594,144.8000030517578,144.92999267578125,144.92999267578125,4711
2024-04-10 11:59:00-04:00,144.85000610351562,144.91000366210938,144.85000610351562,144.91000366210938,144.91000366210938,695
2024-04-10 12:00:00-04:00,144.82000732421875,144.92999267578125,144.82000732421875,144.86500549316406,144.86500549316406,3094
2024-04-10 12:01:00-04:00,144.9149932861328,144.93699645996094,144.8699951171875,144.90499877929688,144.90499877929688,3232
2024-04-10 12:02:00-04:00,144.88999938964844,144.88999938964844,144.5,144.5,144.5,3553
2024-04-10 12:03:00-04:00,144.7100067138672,144.7100067138672,144.5500030517578,144.5500030517578,144.5500030517578,18684
2024-04-10 12:04:00-04:00,144.52999877929688,144.52999877929688,144.52000427246094,144.52000427246094,144.52000427246094,918
2024-04-10 12:05:00-04:00,144.48500061035156,144.48500061035156,144.4199981689453,144.4199981689453,144.4199981689453,1303
2024-04-10 12:06:00-04:00,144.44000244140625,144.50999450683594,144.39999389648438,144.4499969482422,144.4499969482422,3729
2024-04-10 12:07:00-04:00,144.44000244140625,144.47000122070312,144.39999389648438,144.43499755859375,144.43499755859375,21322
2024-04-10 12:08:00-04:00,144.41000366210938,144.5,144.41000366210938,144.45620727539062,144.45620727539062,2327
2024-04-10 12:09:00-04:00,144.38999938964844,144.38999938964844,144.3699951171875,144.3699951171875,144.3699951171875,1214
2024-04-10 12:10:00-04:00,144.4149932861328,144.4149932861328,144.27999877929688,144.27999877929688,144.27999877929688,1750
2024-04-10 12:11:00-04:00,144.27499389648438,144.27499389648438,144.13999938964844,144.13999938964844,144.13999938964844,1447
2024-04-10 12:12:00-04:00,144.1300048828125,144.14500427246094,144.1199951171875,144.13999938964844,144.13999938964844,1118
2024-04-10 12:13:00-04:00,144.0800018310547,144.22999572753906,144.0800018310547,144.22999572753906,144.22999572753906,4317
2024-04-10 12:14:00-04:00,144.13999938964844,144.17539978027344,144.1300048828125,144.1300048828125,144.1300048828125,621
2024-04-10 12:15:00-04:00,144.1300048828125,144.1300048828125,144.1300048828125,144.1300048828125,144.1300048828125,438
2024-04-10 12:16:00-04:00,144.13999938964844,144.3000030517578,144.13999938964844,144.27499389648438,144.27499389648438,3351
2024-04-10 12:17:00-04:00,144.27000427246094,144.4199981689453,144.27000427246094,144.38999938964844,144.38999938964844,2599
2024-04-10 12:18:00-04:00,144.3699951171875,144.3699951171875,144.3699951171875,144.3699951171875,144.3699951171875,387
2024-04-10 12:19:00-04:00,144.3800048828125,144.4199981689453,144.3800048828125,144.39999389648438,144.39999389648438,2283
2024-04-10 12:20:00-04:00,144.3800048828125,144.49000549316406,144.3000030517578,144.3300018310547,144.3300018310547,5313
2024-04-10 12:21:00-04:00,144.27000427246094,144.27000427246094,144.17999267578125,144.17999267578125,144.17999267578125,984
2024-04-10 12:22:00-04:00,144.24000549316406,144.25,144.16000366210938,144.16000366210938,144.16000366210938,3172
2024-04-10 12:23:00-04:00,144.14999389648438,144.16000366210938,144.10000610351562,144.16000366210938,144.16000366210938,1812
2024-04-10 12:24:00-04:00,144.14500427246094,144.24000549316406,144.14500427246094,144.19000244140625,144.19000244140625,2571
2024-04-10 12:25:00-04:00,144.25,144.30999755859375,144.24000549316406,144.26499938964844,144.26499938964844,2720
2024-04-10 12:26:00-04:00,144.42999267578125,144.42999267578125,144.42999267578125,144.42999267578125,144.42999267578125,462
2024-04-10 12:27:00-04:00,144.41000366210938,144.4499969482422,144.41000366210938,144.41000366210938,144.41000366210938,1402
2024-04-10 12:28:00-04:00,144.47999572753906,144.6199951171875,144.4600067138672,144.61000061035156,144.61000061035156,3646
2024-04-10 12:29:00-04:00,144.5500030517578,144.69000244140625,144.5500030517578,144.69000244140625,144.69000244140625,1609
2024-04-10 12:30:00-04:00,144.6699981689453,144.6699981689453,144.5500030517578,144.5500030517578,144.5500030517578,1946
2024-04-10 12:31:00-04:00,144.5800018310547,144.61000061035156,144.5800018310547,144.61000061035156,144.61000061035156,486
2024-04-10 12:32:00-04:00,144.5800018310547,144.6699981689453,144.5800018310547,144.6699981689453,144.6699981689453,511
2024-04-10 12:33:00-04:00,144.6300048828125,144.77999877929688,144.60000610351562,144.77999877929688,144.77999877929688,4428
2024-04-10 12:34:00-04:00,144.71499633789062,144.85000610351562,144.7100067138672,144.85000610351562,144.85000610351562,1747
2024-04-10 12:35:00-04:00,144.80499267578125,144.8699951171875,144.77999877929688,144.86000061035156,144.86000061035156,3924
2024-04-10 12:36:00-04:00,144.9600067138672,145.08999633789062,144.9199981689453,145.08999633789062,145.08999633789062,9057
2024-04-10 12:37:00-04:00,145.0576934814453,145.19000244140625,145.00999450683594,145.17999267578125,145.17999267578125,7856
2024-04-10 12:38:00-04:00,145.17999267578125,145.2899932861328,145.10000610351562,145.2899932861328,145.2899932861328,13737
2024-04-10 12:39:00-04:00,145.2899932861328,145.32000732421875,145.19000244140625,145.27499389648438,145.27499389648438,15236
2024-04-10 12:40:00-04:00,145.25,145.36500549316406,144.9499969482422,145.0500030517578,145.0500030517578,21731
2024-04-10 12:41:00-04:00,145.01449584960938,145.1553955078125,145.01449584960938,145.1553955078125,145.1553955078125,771
2024-04-10 12:42:00-04:00,145.09500122070312,145.09500122070312,145.00999450683594,145.00999450683594,145.00999450683594,2099
2024-04-10 12:43:00-04:00,145.0399932861328,145.19000244140625,145.0399932861328,145.11500549316406,145.11500549316406,3270
2024-04-10 12:44:00-04:00,145.11500549316406,145.14999389648438,145.07000732421875,145.1199951171875,145.1199951171875,2680
2024-04-10 12:45:00-04:00,145.1199951171875,145.2100067138672,145.02000427246094,145.13499450683594,145.13499450683594,5430
2024-04-10 12:46:00-04:00,145.11000061035156,145.22000122070312,145.11000061035156,145.22000122070312,145.22000122070312,4459
2024-04-10 12:47:00-04:00,145.1562042236328,145.25,145.1562042236328,145.22999572753906,145.22999572753906,4163
2024-04-10 12:48:00-04:00,145.22000122070312,145.2899932861328,145.19000244140625,145.27000427246094,145.27000427246094,3681
2024-04-10 12:49:00-04:00,145.27000427246094,145.35000610351562,145.27000427246094,145.35000610351562,145.35000610351562,2636
2024-04-10 12:50:00-04:00,145.3000030517578,145.3800048828125,145.27000427246094,145.3800048828125,145.3800048828125,5379
2024-04-10 12:51:00-04:00,145.35000610351562,145.41000366210938,145.3300018310547,145.41000366210938,145.41000366210938,4304
2024-04-10 12:52:00-04:00,145.3699951171875,145.44000244140625,145.3437957763672,145.4250030517578,145.4250030517578,5645
2024-04-10 12:53:00-04:00,145.42999267578125,145.55999755859375,145.42999267578125,145.55999755859375,145.55999755859375,4939
2024-04-10 12:54:00-04:00,145.5500030517578,145.61000061035156,145.5399932861328,145.60000610351562,145.60000610351562,2812
2024-04-10 12:55:00-04:00,145.61000061035156,145.72000122070312,145.61000061035156,145.72000122070312,145.72000122070312,4191
2024-04-10 12:56:00-04:00,145.66000366210938,145.67999267578125,145.58999633789062,145.58999633789062,145.58999633789062,2077
2024-04-10 12:57:00-04:00,145.58999633789062,145.6199951171875,145.58999633789062,145.6199951171875,145.6199951171875,2265
2024-04-10 12:58:00-04:00,145.625,145.77000427246094,145.5800018310547,145.77000427246094,145.77000427246094,4349
2024-04-10 12:59:00-04:00,145.72999572753906,145.77499389648438,145.6699981689453,145.67999267578125,145.67999267578125,2911
2024-04-10 13:00:00-04:00,145.6699981689453,145.6699981689453,145.6699981689453,145.6699981689453,145.6699981689453,751
2024-04-10 13:01:00-04:00,145.61000061035156,145.61810302734375,145.3000030517578,145.33999633789062,145.33999633789062,11090
2024-04-10 13:02:00-04:00,145.3000030517578,145.3249969482422,145.13619995117188,145.13619995117188,145.13619995117188,9472
2024-04-10 13:03:00-04:00,145.0800018310547,145.2545928955078,145.0800018310547,145.14999389648438,145.14999389648438,2555
2024-04-10 13:04:00-04:00,145.1199951171875,145.1300048828125,145.00999450683594,145.0500030517578,145.0500030517578,1948
2024-04-10 13:05:00-04:00,145.00999450683594,145.00999450683594,145.00999450683594,145.00999450683594,145.00999450683594,794
2024-04-10 13:06:00-04:00,144.97500610351562,145.02999877929688,144.89999389648438,144.89999389648438,144.89999389648438,2563
2024-04-10 13:07:00-04:00,144.85499572753906,144.91250610351562,144.85000610351562,144.85000610351562,144.85000610351562,1625
2024-04-10 13:08:00-04:00,144.77999877929688,144.875,144.77999877929688,144.83999633789062,144.83999633789062,2074
2024-04-10 13:09:00-04:00,144.9199981689453,144.94000244140625,144.83999633789062,144.83999633789062,144.83999633789062,3434
2024-04-10 13:11:00-04:00,144.75999450683594,144.83999633789062,144.75999450683594,144.83999633789062,144.83999633789062,1127
2024-04-10 13:12:00-04:00,144.7050018310547,144.72999572753906,144.7050018310547,144.72999572753906,144.72999572753906,536
2024-04-10 13:13:00-04:00,144.7100067138672,144.7899932861328,144.6999969482422,144.6999969482422,144.6999969482422,3516
2024-04-10 13:14:00-04:00,144.6649932861328,144.6649932861328,144.6649932861328,144.6649932861328,144.6649932861328,619
2024-04-10 13:15:00-04:00,144.6699981689453,144.6699981689453,144.5802001953125,144.5802001953125,144.5802001953125,1215
2024-04-10 13:16:00-04:00,144.5800018310547,144.64999389648438,144.5800018310547,144.64999389648438,144.64999389648438,1167
2024-04-10 13:17:00-04:00,144.67999267578125,144.75,144.64999389648438,144.67999267578125,144.67999267578125,2922
2024-04-10 13:18:00-04:00,144.80999755859375,144.8300018310547,144.6199951171875,144.77999877929688,144.77999877929688,4388
2024-04-10 13:19:00-04:00,144.85000610351562,144.91000366210938,144.8000030517578,144.86000061035156,144.86000061035156,2434
2024-04-10 13:20:00-04:00,144.8300018310547,144.85499572753906,144.8300018310547,144.85499572753906,144.85499572753906,434
2024-04-10 13:21:00-04:00,144.85499572753906,145.02000427246094,144.85499572753906,145.02000427246094,145.02000427246094,2747
2024-04-10 13:22:00-04:00,144.97000122070312,145.38999938964844,144.97000122070312,145.3800048828125,145.3800048828125,5129
2024-04-10 13:23:00-04:00,145.38999938964844,145.47999572753906,145.33999633789062,145.33999633789062,145.33999633789062,6015
2024-04-10 13:25:00-04:00,145.36000061035156,145.44000244140625,145.2899932861328,145.40499877929688,145.40499877929688,2268
2024-04-10 13:26:00-04:00,145.41000366210938,145.42999267578125,145.39999389648438,145.4199981689453,145.4199981689453,1747
2024-04-10 13:27:00-04:00,145.4600067138672,145.5,145.3000030517578,145.3000030517578,145.3000030517578,4080
2024-04-10 13:28:00-04:00,145.3000030517578,145.3800048828125,145.27000427246094,145.27000427246094,145.27000427246094,1646
2024-04-10 13:29:00-04:00,145.09500122070312,145.09500122070312,145.09500122070312,145.09500122070312,145.09500122070312,262
2024-04-10 13:30:00-04:00,145.00999450683594,145.14999389648438,145.0,145.14999389648438,145.14999389648438,1986
2024-04-10 13:31:00-04:00,145.0,145.01499938964844,144.8699951171875,144.8699951171875,144.8699951171875,2026
2024-04-10 13:32:00-04:00,144.81500244140625,144.81500244140625,144.64500427246094,144.64500427246094,144.64500427246094,974
2024-04-10 13:33:00-04:00,144.55999755859375,144.63499450683594,144.49000549316406,144.5800018310547,144.5800018310547,1702
2024-04-10 13:35:00-04:00,144.64999389648438,144.69000244140625,144.4600067138672,144.4600067138672,144.4600067138672,2152
2024-04-10 13:36:00-04:00,144.4499969482422,144.4499969482422,144.32000732421875,144.32000732421875,144.32000732421875,977
2024-04-10 13:37:00-04:00,144.3800048828125,144.42999267578125,144.3800048828125,144.4199981689453,144.4199981689453,1682
2024-04-10 13:38:00-04:00,144.35499572753906,144.4499969482422,144.35499572753906,144.44500732421875,144.44500732421875,1951
2024-04-10 13:39:00-04:00,144.47999572753906,144.49000549316406,144.36000061035156,144.36000061035156,144.36000061035156,2149
2024-04-10 13:40:00-04:00,144.4199981689453,144.57400512695312,144.4199981689453,144.47000122070312,144.47000122070312,4566
2024-04-10 13:41:00-04:00,144.44500732421875,144.5,144.404296875,144.5,144.5,1722
2024-04-10 13:42:00-04:00,144.56500244140625,144.60000610351562,144.56500244140625,144.5800018310547,144.5800018310547,1539
2024-04-10 13:43:00-04:00,144.6300048828125,144.63499450683594,144.58999633789062,144.58999633789062,144.58999633789062,1355
2024-04-10 13:44:00-04:00,144.61900329589844,144.61900329589844,144.5399932861328,144.5500030517578,144.5500030517578,775
2024-04-10 13:45:00-04:00,144.57000732421875,144.57000732421875,144.5,144.5,144.5,1674
2024-04-10 13:46:00-04:00,144.53500366210938,144.53500366210938,144.5,144.5,144.5,1196
2024-04-10 13:47:00-04:00,144.5500030517578,144.5800018310547,144.52999877929688,144.55499267578125,144.55499267578125,3792
2024-04-10 13:48:00-04:00,144.6199951171875,144.63999938964844,144.52000427246094,144.55999755859375,144.55999755859375,3365
2024-04-10 13:49:00-04:00,144.60000610351562,144.75999450683594,144.58999633789062,144.75,144.75,2644
2024-04-10 13:50:00-04:00,144.72000122070312,144.72000122070312,144.72000122070312,144.72000122070312,144.72000122070312,433
2024-04-10 13:51:00-04:00,144.6699981689453,144.7100067138672,144.6199951171875,144.6750030517578,144.6750030517578,1331
2024-04-10 13:52:00-04:00,144.6875,144.6999969482422,144.6875,144.6999969482422,144.6999969482422,571
2024-04-10 13:53:00-04:00,144.6999969482422,144.75,144.69000244140625,144.73500061035156,144.73500061035156,2074
2024-04-10 13:54:00-04:00,144.77999877929688,144.77999877929688,144.77999877929688,144.77999877929688,144.77999877929688,251
2024-04-10 13:55:00-04:00,144.75999450683594,144.77000427246094,144.63999938964844,144.64999389648438,144.64999389648438,1871
2024-04-10 13:56:00-04:00,144.72000122070312,145.10000610351562,144.72000122070312,145.10000610351562,145.10000610351562,5503
2024-04-10 13:57:00-04:00,145.08999633789062,145.32000732421875,145.07000732421875,145.30999755859375,145.30999755859375,5051
2024-04-10 13:58:00-04:00,145.32000732421875,145.32000732421875,145.08999633789062,145.08999633789062,145.08999633789062,2867
2024-04-10 13:59:00-04:00,145.02000427246094,145.0800018310547,145.02000427246094,145.05499267578125,145.05499267578125,1142
2024-04-10 14:00:00-04:00,145.1199951171875,145.13999938964844,144.8000030517578,145.02999877929688,145.02999877929688,3580
2024-04-10 14:01:00-04:00,145.00750732421875,145.10000610351562,145.00750732421875,145.08999633789062,145.08999633789062,472
2024-04-10 14:02:00-04:00,145.13999938964844,145.17999267578125,145.02999877929688,145.1199951171875,145.1199951171875,3651
2024-04-10 14:03:00-04:00,145.08999633789062,145.13999938964844,145.0500030517578,145.0500030517578,145.0500030517578,1459
2024-04-10 14:04:00-04:00,145.0500030517578,145.1699981689453,145.0500030517578,145.11000061035156,145.11000061035156,2850
2024-04-10 14:05:00-04:00,145.0500030517578,145.13999938964844,144.99000549316406,145.0850067138672,145.0850067138672,5174
2024-04-10 14:06:00-04:00,145.0800018310547,145.0800018310547,145.0,145.02000427246094,145.02000427246094,1503
2024-04-10 14:07:00-04:00,144.94000244140625,144.94000244140625,144.91000366210938,144.91000366210938,144.91000366210938,863
2024-04-10 14:08:00-04:00,144.9550018310547,145.02499389648438,144.9550018310547,145.02499389648438,145.02499389648438,1794
2024-04-10 14:10:00-04:00,145.03500366210938,145.03500366210938,144.97999572753906,144.97999572753906,144.97999572753906,2255
2024-04-10 14:11:00-04:00,144.85000610351562,144.85000610351562,144.85000610351562,144.85000610351562,144.85000610351562,252
2024-04-10 14:12:00-04:00,144.86000061035156,144.92999267578125,144.86000061035156,144.8800048828125,144.8800048828125,1829
2024-04-10 14:13:00-04:00,144.94000244140625,144.9550018310547,144.89999389648438,144.89999389648438,144.89999389648438,1273
2024-04-10 14:14:00-04:00,144.8699951171875,144.8699951171875,144.85000610351562,144.85000610351562,144.85000610351562,834
2024-04-10 14:15:00-04:00,144.88499450683594,145.02000427246094,144.85000610351562,144.9199981689453,144.9199981689453,5427
2024-04-10 14:16:00-04:00,144.9199981689453,144.9600067138672,144.8800048828125,144.8800048828125,144.8800048828125,2084
2024-04-10 14:17:00-04:00,144.86500549316406,144.86500549316406,144.75,144.75,144.75,1633
2024-04-10 14:18:00-04:00,144.6300048828125,144.63999938964844,144.6300048828125,144.63999938964844,144.63999938964844,379
2024-04-10 14:19:00-04:00,144.625,144.625,144.52000427246094,144.52000427246094,144.52000427246094,699
2024-04-10 14:20:00-04:00,144.55999755859375,144.72000122070312,144.55999755859375,144.72000122070312,144.72000122070312,1921
2024-04-10 14:21:00-04:00,144.72000122070312,144.75,144.63999938964844,144.74000549316406,144.74000549316406,2943
2024-04-10 14:22:00-04:00,144.67999267578125,144.67999267578125,144.67999267578125,144.67999267578125,144.67999267578125,301
2024-04-10 14:23:00-04:00,144.57000732421875,144.57000732421875,144.49000549316406,144.50999450683594,144.50999450683594,1129
2024-04-10 14:24:00-04:00,144.5749969482422,144.5749969482422,144.57000732421875,144.57000732421875,144.57000732421875,1139
2024-04-10 14:25:00-04:00,144.5,144.64999389648438,144.5,144.6199951171875,144.6199951171875,2434
2024-04-10 14:26:00-04:00,144.60000610351562,144.60000610351562,144.60000610351562,144.60000610351562,144.60000610351562,777
2024-04-10 14:27:00-04:00,144.64999389648438,144.74000549316406,144.64999389648438,144.72999572753906,144.72999572753906,2053
2024-04-10 14:28:00-04:00,144.6999969482422,144.6999969482422,144.5601043701172,144.64999389648438,144.64999389648438,2652
2024-04-10 14:29:00-04:00,144.61000061035156,144.61000061035156,144.61000061035156,144.61000061035156,144.61000061035156,356
2024-04-10 14:30:00-04:00,144.5500030517578,144.55499267578125,144.4600067138672,144.4600067138672,144.4600067138672,1231
2024-04-10 14:31:00-04:00,144.61000061035156,144.63499450683594,144.57000732421875,144.57000732421875,144.57000732421875,2404
2024-04-10 14:32:00-04:00,144.57000732421875,144.57000732421875,144.50999450683594,144.50999450683594,144.50999450683594,1009
2024-04-10 14:33:00-04:00,144.5500030517578,144.5500030517578,144.5500030517578,144.5500030517578,144.5500030517578,329
2024-04-10 14:34:00-04:00,144.5500030517578,144.60000610351562,144.54580688476562,144.57000732421875,144.57000732421875,1599
2024-04-10 14:35:00-04:00,144.60000610351562,144.60000610351562,144.52749633789062,144.57000732421875,144.57000732421875,2092
2024-04-10 14:36:00-04:00,144.5500030517578,144.63499450683594,144.5500030517578,144.6300048828125,144.6300048828125,2593
2024-04-10 14:37:00-04:00,144.6199951171875,144.66000366210938,144.59500122070312,144.63999938964844,144.63999938964844,2629
2024-04-10 14:38:00-04:00,144.64999389648438,144.74000549316406,144.63999938964844,144.73500061035156,144.73500061035156,1690
2024-04-10 14:39:00-04:00,144.73500061035156,144.7899932861328,144.6719970703125,144.75,144.75,2276
2024-04-10 14:40:00-04:00,144.8000030517578,144.80999755859375,144.75999450683594,144.80999755859375,144.80999755859375,1332
2024-04-10 14:41:00-04:00,144.7928924560547,144.7928924560547,144.72999572753906,144.75,144.75,1944
2024-04-10 14:42:00-04:00,144.78500366210938,144.8699951171875,144.74000549316406,144.86000061035156,144.86000061035156,1807
2024-04-10 14:43:00-04:00,144.83999633789062,144.83999633789062,144.80999755859375,144.80999755859375,144.80999755859375,1191
2024-04-10 14:44:00-04:00,144.83999633789062,144.89999389648438,144.83999633789062,144.86000061035156,144.86000061035156,868
2024-04-10 14:45:00-04:00,144.85000610351562,144.85000610351562,144.8300018310547,144.8300018310547,144.8300018310547,1206
2024-04-10 14:46:00-04:00,144.82000732421875,144.86000061035156,144.81500244140625,144.81500244140625,144.81500244140625,1803
2024-04-10 14:47:00-04:00,144.8249969482422,144.85000610351562,144.80999755859375,144.8300018310547,144.8300018310547,1364
2024-04-10 14:48:00-04:00,144.8300018310547,144.83999633789062,144.8300018310547,144.83999633789062,144.83999633789062,656
2024-04-10 14:49:00-04:00,144.83999633789062,144.83999633789062,144.8000030517578,144.8300018310547,144.8300018310547,2495
2024-04-10 14:50:00-04:00,144.8000030517578,144.8300018310547,144.77000427246094,144.80499267578125,144.80499267578125,1952
2024-04-10 14:51:00-04:00,144.74000549316406,144.74000549316406,144.72000122070312,144.72000122070312,144.72000122070312,985
2024-04-10 14:52:00-04:00,144.63999938964844,144.66000366210938,144.61000061035156,144.61000061035156,144.61000061035156,2477
2024-04-10 14:54:00-04:00,144.6300048828125,144.6699981689453,144.6300048828125,144.6699981689453,144.6699981689453,1053
2024-04-10 14:55:00-04:00,144.63999938964844,144.63999938964844,144.5500030517578,144.5500030517578,144.5500030517578,1784
2024-04-10 14:56:00-04:00,144.52999877929688,144.53500366210938,144.52999877929688,144.53500366210938,144.53500366210938,1103
2024-04-10 14:57:00-04:00,144.47000122070312,144.47000122070312,144.44000244140625,144.44000244140625,144.44000244140625,695
2024-04-10 14:58:00-04:00,144.42010498046875,144.47000122070312,144.3000030517578,144.47000122070312,144.47000122070312,4659
2024-04-10 14:59:00-04:00,144.42999267578125,144.46409606933594,144.38999938964844,144.38999938964844,144.38999938964844,1406
2024-04-10 15:00:00-04:00,144.3350067138672,144.38999938964844,144.3350067138672,144.38999938964844,144.38999938964844,1444
2024-04-10 15:01:00-04:00,144.3800048828125,144.39999389648438,144.32000732421875,144.32000732421875,144.32000732421875,1979
2024-04-10 15:02:00-04:00,144.3300018310547,144.33999633789062,144.25999450683594,144.26499938964844,144.26499938964844,1485
2024-04-10 15:03:00-04:00,144.27000427246094,144.32000732421875,144.24000549316406,144.24000549316406,144.24000549316406,2081
2024-04-10 15:04:00-04:00,144.25999450683594,144.25999450683594,144.22999572753906,144.22999572753906,144.22999572753906,5444
2024-04-10 15:06:00-04:00,144.22999572753906,144.33999633789062,144.22000122070312,144.31500244140625,144.31500244140625,3524
2024-04-10 15:07:00-04:00,144.34500122070312,144.52999877929688,144.32000732421875,144.52999877929688,144.52999877929688,3188
2024-04-10 15:08:00-04:00,144.5399932861328,144.63499450683594,144.52999877929688,144.58999633789062,144.58999633789062,4151
2024-04-10 15:09:00-04:00,144.58999633789062,144.7050018310547,144.58999633789062,144.7050018310547,144.7050018310547,1016
2024-04-10 15:10:00-04:00,144.74000549316406,144.82000732421875,144.7100067138672,144.75999450683594,144.75999450683594,3626
2024-04-10 15:11:00-04:00,144.7899932861328,144.85000610351562,144.7899932861328,144.83999633789062,144.83999633789062,1805
2024-04-10 15:12:00-04:00,144.8105926513672,144.83999633789062,144.8105926513672,144.83999633789062,144.83999633789062,787
2024-04-10 15:13:00-04:00,144.85000610351562,144.89999389648438,144.83200073242188,144.89999389648438,144.89999389648438,1950
2024-04-10 15:14:00-04:00,144.8800048828125,144.9499969482422,144.8800048828125,144.9499969482422,144.9499969482422,2731
2024-04-10 15:15:00-04:00,144.92999267578125,145.00999450683594,144.92999267578125,144.9949951171875,144.9949951171875,3347
2024-04-10 15:16:00-04:00,144.97000122070312,145.0,144.97000122070312,144.97000122070312,144.97000122070312,2488
2024-04-10 15:17:00-04:00,145.02999877929688,145.0500030517578,144.8699951171875,144.88999938964844,144.88999938964844,4331
2024-04-10 15:18:00-04:00,144.88999938964844,144.90469360351562,144.8699951171875,144.875,144.875,1284
2024-04-10 15:19:00-04:00,144.875,144.97999572753906,144.7899932861328,144.97000122070312,144.97000122070312,5915
2024-04-10 15:20:00-04:00,145.0399932861328,145.17999267578125,145.02999877929688,145.02999877929688,145.02999877929688,4784
2024-04-10 15:21:00-04:00,145.06500244140625,145.06500244140625,144.92999267578125,144.92999267578125,144.92999267578125,1604
2024-04-10 15:22:00-04:00,144.9499969482422,144.9600067138672,144.9499969482422,144.9600067138672,144.9600067138672,1418
2024-04-10 15:23:00-04:00,144.97000122070312,145.00999450683594,144.97000122070312,145.0,145.0,1499
2024-04-10 15:24:00-04:00,145.00999450683594,145.19000244140625,145.00999450683594,145.14999389648438,145.14999389648438,5135
2024-04-10 15:25:00-04:00,145.21299743652344,145.24000549316406,145.1699981689453,145.22000122070312,145.22000122070312,4128
2024-04-10 15:26:00-04:00,145.24000549316406,145.25,145.17999267578125,145.22999572753906,145.22999572753906,5336
2024-04-10 15:27:00-04:00,145.22000122070312,145.22000122070312,145.1199951171875,145.1199951171875,145.1199951171875,2078
2024-04-10 15:28:00-04:00,145.14999389648438,145.19000244140625,145.14999389648438,145.1750030517578,145.1750030517578,2197
2024-04-10 15:29:00-04:00,145.15499877929688,145.16000366210938,145.1300048828125,145.1300048828125,145.1300048828125,1114
2024-04-10 15:30:00-04:00,145.14999389648438,145.16000366210938,144.99000549316406,144.99000549316406,144.99000549316406,3259
2024-04-10 15:31:00-04:00,145.0,145.0399932861328,144.97999572753906,144.97999572753906,144.97999572753906,1271
2024-04-10 15:32:00-04:00,144.98500061035156,145.00999450683594,144.91000366210938,144.92999267578125,144.92999267578125,2297
2024-04-10 15:33:00-04:00,144.9199981689453,144.9199981689453,144.8300018310547,144.8300018310547,144.8300018310547,1909
2024-04-10 15:34:00-04:00,144.83999633789062,144.91000366210938,144.83999633789062,144.91000366210938,144.91000366210938,4120
2024-04-10 15:35:00-04:00,144.9499969482422,144.9499969482422,144.8800048828125,144.89999389648438,144.89999389648438,4043
2024-04-10 15:36:00-04:00,144.92999267578125,144.92999267578125,144.8699951171875,144.8699951171875,144.8699951171875,2494
2024-04-10 15:37:00-04:00,144.88999938964844,144.97000122070312,144.8800048828125,144.97000122070312,144.97000122070312,2769
2024-04-10 15:38:00-04:00,144.94500732421875,144.94500732421875,144.85000610351562,144.85000610351562,144.85000610351562,2843
2024-04-10 15:39:00-04:00,144.8300018310547,144.85000610351562,144.82000732421875,144.8300018310547,144.8300018310547,1372
2024-04-10 15:40:00-04:00,144.8300018310547,144.9149932861328,144.80999755859375,144.8800048828125,144.8800048828125,4560
2024-04-10 15:41:00-04:00,144.8699951171875,144.97000122070312,144.85000610351562,144.97000122070312,144.97000122070312,4593
2024-04-10 15:42:00-04:00,144.9600067138672,144.9600067138672,144.91000366210938,144.9499969482422,144.9499969482422,3985
2024-04-10 15:43:00-04:00,144.9199981689453,145.0399932861328,144.9199981689453,145.0,145.0,5165
2024-04-10 15:44:00-04:00,145.01199340820312,145.07000732421875,145.01199340820312,145.05999755859375,145.05999755859375,5108
2024-04-10 15:45:00-04:00,145.0399932861328,145.0399932861328,144.97000122070312,144.99000549316406,144.99000549316406,5498
2024-04-10 15:46:00-04:00,144.9499969482422,145.07000732421875,144.9499969482422,145.07000732421875,145.07000732421875,5953
2024-04-10 15:47:00-04:00,145.0399932861328,145.11000061035156,145.02000427246094,145.06500244140625,145.06500244140625,9356
2024-04-10 15:48:00-04:00,145.06500244140625,145.06500244140625,144.99000549316406,145.02000427246094,145.02000427246094,4913
2024-04-10 15:49:00-04:00,145.02999877929688,145.08999633789062,144.9600067138672,144.9600067138672,144.9600067138672,7353
2024-04-10 15:50:00-04:00,144.9499969482422,145.0500030517578,144.94000244140625,144.97999572753906,144.97999572753906,9764
2024-04-10 15:51:00-04:00,145.05999755859375,145.22999572753906,145.0449981689453,145.1199951171875,145.1199951171875,11098
2024-04-10 15:52:00-04:00,145.11000061035156,145.2899932861328,145.11000061035156,145.19000244140625,145.19000244140625,11254
2024-04-10 15:53:00-04:00,145.16000366210938,145.2899932861328,145.1199951171875,145.27999877929688,145.27999877929688,9465
2024-04-10 15:54:00-04:00,145.3000030517578,145.3300018310547,145.1699981689453,145.22000122070312,145.22000122070312,11567
2024-04-10 15:55:00-04:00,145.19000244140625,145.38999938964844,145.14999389648438,145.22000122070312,145.22000122070312,11886
2024-04-10 15:56:00-04:00,145.1999969482422,145.30499267578125,145.1999969482422,145.27999877929688,145.27999877929688,14714
2024-04-10 15:57:00-04:00,145.25999450683594,145.3300018310547,145.24000549316406,145.30999755859375,145.30999755859375,19287
2024-04-10 15:58:00-04:00,145.30499267578125,145.30499267578125,145.1999969482422,145.24000549316406,145.24000549316406,25043
2024-04-10 15:59:00-04:00,145.22999572753906,145.25999450683594,144.7899932861328,144.7899932861328,144.7899932861328,70755
2024-04-11 09:30:00-04:00,145.99000549316406,146.0399932861328,145.1199951171875,145.1199951171875,145.1199951171875,19174
2024-04-11 09:31:00-04:00,145.4550018310547,145.47000122070312,145.4550018310547,145.47000122070312,145.47000122070312,1331
2024-04-11 09:32:00-04:00,145.1199951171875,145.1199951171875,145.1199951171875,145.1199951171875,145.1199951171875,207
2024-04-11 09:33:00-04:00,145.4499969482422,145.4499969482422,145.05630493164062,145.15499877929688,145.15499877929688,769
2024-04-11 09:34:00-04:00,145.14999389648438,145.14999389648438,145.14999389648438,145.14999389648438,145.14999389648438,197
2024-04-11 09:35:00-04:00,144.9199981689453,145.44000244140625,144.9199981689453,145.44000244140625,145.44000244140625,1091
2024-04-11 09:36:00-04:00,144.85000610351562,144.85000610351562,144.85000610351562,144.85000610351562,144.85000610351562,338
2024-04-11 09:38:00-04:00,144.7100067138672,144.77499389648438,144.67999267578125,144.75,144.75,5026
2024-04-11 09:39:00-04:00,144.69500732421875,144.69500732421875,144.55999755859375,144.55999755859375,144.55999755859375,1269
2024-04-11 09:40:00-04:00,144.39999389648438,144.44000244140625,144.39999389648438,144.44000244140625,144.44000244140625,765
2024-04-11 09:41:00-04:00,144.3699951171875,144.5399932861328,144.30999755859375,144.40499877929688,144.40499877929688,1967
2024-04-11 09:42:00-04:00,144.40499877929688,144.4600067138672,144.2899932861328,144.44500732421875,144.44500732421875,2371
2024-04-11 09:43:00-04:00,144.5399932861328,144.5399932861328,144.4613037109375,144.4613037109375,144.4613037109375,600
2024-04-11 09:44:00-04:00,144.5500030517578,144.5500030517578,144.3657989501953,144.47000122070312,144.47000122070312,2143
2024-04-11 09:45:00-04:00,144.52999877929688,144.55999755859375,144.3699951171875,144.4550018310547,144.4550018310547,3254
2024-04-11 09:46:00-04:00,144.46499633789062,144.77169799804688,144.4600067138672,144.77169799804688,144.77169799804688,5865
2024-04-11 09:47:00-04:00,144.72999572753906,144.77000427246094,144.6649932861328,144.75999450683594,144.75999450683594,1575
2024-04-11 09:48:00-04:00,144.77499389648438,144.77499389648438,144.6699981689453,144.6999969482422,144.6999969482422,2505
2024-04-11 09:49:00-04:00,144.6999969482422,144.72999572753906,144.625,144.67999267578125,144.67999267578125,2527
2024-04-11 09:50:00-04:00,144.64999389648438,144.8350067138672,144.5850067138672,144.77999877929688,144.77999877929688,2558
2024-04-11 09:51:00-04:00,144.77000427246094,144.77000427246094,144.6649932861328,144.6649932861328,144.6649932861328,415
2024-04-11 09:52:00-04:00,144.7100067138672,144.72000122070312,144.61000061035156,144.66000366210938,144.66000366210938,1327
2024-04-11 09:53:00-04:00,144.68499755859375,144.69000244140625,144.60000610351562,144.6699981689453,144.6699981689453,1346
2024-04-11 09:54:00-04:00,144.6699981689453,144.92999267578125,144.625,144.92999267578125,144.92999267578125,3488
2024-04-11 09:55:00-04:00,144.90499877929688,145.00999450683594,144.81500244140625,144.81500244140625,144.81500244140625,2634
2024-04-11 09:56:00-04:00,144.80499267578125,144.80499267578125,144.63499450683594,144.63499450683594,144.63499450683594,1305
2024-04-11 09:57:00-04:00,144.66000366210938,144.67669677734375,144.5800018310547,144.5800018310547,144.5800018310547,1544
2024-04-11 09:58:00-04:00,144.56500244140625,144.7100067138672,144.56500244140625,144.60000610351562,144.60000610351562,3249
2024-04-11 09:59:00-04:00,144.6699981689453,144.7449951171875,144.61000061035156,144.7050018310547,144.7050018310547,4388
2024-04-11 10:00:00-04:00,144.64500427246094,144.64500427246094,144.39500427246094,144.39500427246094,144.39500427246094,2011
2024-04-11 10:01:00-04:00,144.39500427246094,144.43800354003906,144.3300018310547,144.39999389648438,144.39999389648438,1634
2024-04-11 10:02:00-04:00,144.41000366210938,144.5,144.3000030517578,144.3800048828125,144.3800048828125,8910
2024-04-11 10:03:00-04:00,144.27000427246094,144.3699951171875,144.22999572753906,144.24000549316406,144.24000549316406,4022
2024-04-11 10:04:00-04:00,144.33999633789062,144.33999633789062,143.82000732421875,143.83999633789062,143.83999633789062,8556
2024-04-11 10:05:00-04:00,143.97000122070312,144.2281036376953,143.97000122070312,144.22000122070312,144.22000122070312,4886
2024-04-11 10:06:00-04:00,144.11500549316406,144.22000122070312,144.11500549316406,144.14500427246094,144.14500427246094,1991
2024-04-11 10:07:00-04:00,144.10000610351562,144.10000610351562,144.0399932861328,144.0399932861328,144.0399932861328,2104
2024-04-11 10:08:00-04:00,143.99000549316406,143.99000549316406,143.7899932861328,143.8300018310547,143.8300018310547,2667
2024-04-11 10:09:00-04:00,143.80499267578125,143.83999633789062,143.6999969482422,143.8000030517578,143.8000030517578,2159
2024-04-11 10:10:00-04:00,143.75799560546875,143.9149932861328,143.75799560546875,143.86000061035156,143.86000061035156,2250
2024-04-11 10:11:00-04:00,143.80999755859375,143.82000732421875,143.77000427246094,143.82000732421875,143.82000732421875,1712
2024-04-11 10:12:00-04:00,143.89999389648438,143.91000366210938,143.8300018310547,143.8300018310547,143.8300018310547,1022
2024-04-11 10:13:00-04:00,143.80999755859375,143.88999938964844,143.7899932861328,143.88999938964844,143.88999938964844,1553
2024-04-11 10:14:00-04:00,143.9199981689453,144.0500030517578,143.80999755859375,143.80999755859375,143.80999755859375,2718
2024-04-11 10:15:00-04:00,143.85000610351562,143.8800048828125,143.74000549316406,143.75999450683594,143.75999450683594,2652
2024-04-11 10:16:00-04:00,143.6699981689453,143.75999450683594,143.6699981689453,143.75999450683594,143.75999450683594,821
2024-04-11 10:17:00-04:00,143.639404296875,143.639404296875,143.639404296875,143.639404296875,143.639404296875,337
2024-04-11 10:18:00-04:00,143.6300048828125,143.8000030517578,143.60000610351562,143.72999572753906,143.72999572753906,2933
2024-04-11 10:19:00-04:00,143.69000244140625,143.6999969482422,143.60000610351562,143.65499877929688,143.65499877929688,3502
2024-04-11 10:20:00-04:00,143.6999969482422,143.8800048828125,143.69000244140625,143.7449951171875,143.7449951171875,7401
2024-04-11 10:21:00-04:00,143.75999450683594,143.8699951171875,143.67999267578125,143.8000030517578,143.8000030517578,2585
2024-04-11 10:22:00-04:00,143.8800048828125,143.8800048828125,143.82000732421875,143.82000732421875,143.82000732421875,495
2024-04-11 10:23:00-04:00,143.78799438476562,143.86000061035156,143.71499633789062,143.71499633789062,143.71499633789062,4049
2024-04-11 10:24:00-04:00,143.77999877929688,143.89999389648438,143.77999877929688,143.85000610351562,143.85000610351562,3856
2024-04-11 10:25:00-04:00,143.88499450683594,143.97999572753906,143.75,143.8000030517578,143.8000030517578,4110
2024-04-11 10:26:00-04:00,143.80670166015625,143.85000610351562,143.78500366210938,143.85000610351562,143.85000610351562,1682
2024-04-11 10:27:00-04:00,143.7949981689453,143.7949981689453,143.7949981689453,143.7949981689453,143.7949981689453,486
2024-04-11 10:28:00-04:00,143.8699951171875,143.8699951171875,143.61000061035156,143.64500427246094,143.64500427246094,3428
2024-04-11 10:29:00-04:00,143.7100067138672,143.7100067138672,143.7100067138672,143.7100067138672,143.7100067138672,697
2024-04-11 10:30:00-04:00,143.64500427246094,143.64500427246094,143.3699951171875,143.4499969482422,143.4499969482422,5726
2024-04-11 10:31:00-04:00,143.4550018310547,143.64999389648438,143.4550018310547,143.57000732421875,143.57000732421875,3237
2024-04-11 10:32:00-04:00,143.5800018310547,143.60000610351562,143.52999877929688,143.60000610351562,143.60000610351562,2061
2024-04-11 10:33:00-04:00,143.53500366210938,143.53500366210938,143.4499969482422,143.47999572753906,143.47999572753906,1063
2024-04-11 10:34:00-04:00,143.54299926757812,143.54299926757812,143.39999389648438,143.4499969482422,143.4499969482422,740
2024-04-11 10:35:00-04:00,143.4199981689453,143.4199981689453,143.25,143.32000732421875,143.32000732421875,2124
2024-04-11 10:36:00-04:00,143.27000427246094,143.33999633789062,143.14999389648438,143.14999389648438,143.14999389648438,1179
2024-04-11 10:37:00-04:00,143.18499755859375,143.22000122070312,143.18499755859375,143.2050018310547,143.2050018310547,851
2024-04-11 10:38:00-04:00,143.27000427246094,143.27000427246094,143.1999969482422,143.1999969482422,143.1999969482422,1308
2024-04-11 10:39:00-04:00,143.22000122070312,143.44000244140625,143.17999267578125,143.41000366210938,143.41000366210938,5544
2024-04-11 10:40:00-04:00,143.39999389648438,143.41000366210938,143.3800048828125,143.39500427246094,143.39500427246094,1498
2024-04-11 10:41:00-04:00,143.41000366210938,143.44850158691406,143.35000610351562,143.35000610351562,143.35000610351562,2068
2024-04-11 10:42:00-04:00,143.35000610351562,143.35000610351562,143.27000427246094,143.27000427246094,143.27000427246094,1307
2024-04-11 10:43:00-04:00,143.25050354003906,143.3800048828125,143.25050354003906,143.35499572753906,143.35499572753906,2877
2024-04-11 10:44:00-04:00,143.35000610351562,143.35000610351562,143.3300018310547,143.3300018310547,143.3300018310547,1373
2024-04-11 10:45:00-04:00,143.33999633789062,143.41000366210938,143.24000549316406,143.3300018310547,143.3300018310547,7838
2024-04-11 10:46:00-04:00,143.2899932861328,143.2899932861328,143.13999938964844,143.19500732421875,143.19500732421875,3332
2024-04-11 10:47:00-04:00,143.11000061035156,143.21499633789062,143.06500244140625,143.17999267578125,143.17999267578125,3256
2024-04-11 10:48:00-04:00,143.18499755859375,143.26499938964844,143.1699981689453,143.26499938964844,143.26499938964844,1819
2024-04-11 10:49:00-04:00,143.1999969482422,143.24000549316406,143.1199951171875,143.13499450683594,143.13499450683594,1340
2024-04-11 10:50:00-04:00,143.2100067138672,143.22999572753906,143.14999389648438,143.22999572753906,143.22999572753906,492
2024-04-11 10:51:00-04:00,143.24000549316406,143.25999450683594,143.22999572753906,143.2449951171875,143.2449951171875,2304
2024-04-11 10:52:00-04:00,143.2899932861328,143.2899932861328,143.1750030517578,143.1750030517578,143.1750030517578,2092
2024-04-11 10:53:00-04:00,143.14999389648438,143.14999389648438,143.11000061035156,143.11000061035156,143.11000061035156,1023
2024-04-11 10:54:00-04:00,143.10499572753906,143.10499572753906,143.06500244140625,143.06500244140625,143.06500244140625,541
2024-04-11 10:55:00-04:00,143.1300048828125,143.1300048828125,143.0500030517578,143.05499267578125,143.05499267578125,2352
2024-04-11 10:56:00-04:00,143.08999633789062,143.08999633789062,142.97000122070312,142.97000122070312,142.97000122070312,2379
2024-04-11 10:57:00-04:00,143.01499938964844,143.03500366210938,143.01499938964844,143.03500366210938,143.03500366210938,542
2024-04-11 10:58:00-04:00,143.0500030517578,143.0500030517578,143.0500030517578,143.0500030517578,143.0500030517578,2789
2024-04-11 10:59:00-04:00,143.0500030517578,143.08999633789062,142.9499969482422,142.9499969482422,142.9499969482422,1773
2024-04-11 11:00:00-04:00,142.99850463867188,142.99850463867188,142.8800048828125,142.8800048828125,142.8800048828125,2505
2024-04-11 11:01:00-04:00,142.9149932861328,142.94000244140625,142.8800048828125,142.8800048828125,142.8800048828125,2940
2024-04-11 11:02:00-04:00,142.8699951171875,143.05499267578125,142.85000610351562,143.05499267578125,143.05499267578125,6025
2024-04-11 11:03:00-04:00,143.01499938964844,143.01499938964844,142.97000122070312,143.00999450683594,143.00999450683594,912
2024-04-11 11:04:00-04:00,142.97000122070312,143.10000610351562,142.9199981689453,143.10000610351562,143.10000610351562,4534
2024-04-11 11:05:00-04:00,143.05999755859375,143.05999755859375,143.0,143.0,143.0,891
2024-04-11 11:06:00-04:00,143.01499938964844,143.07000732421875,142.97999572753906,142.97999572753906,142.97999572753906,844
2024-04-11 11:07:00-04:00,142.9600067138672,142.9600067138672,142.8300018310547,142.9499969482422,142.9499969482422,2881
2024-04-11 11:08:00-04:00,142.90499877929688,142.90499877929688,142.8000030517578,142.8000030517578,142.8000030517578,1827
2024-04-11 11:10:00-04:00,142.7949981689453,142.91000366210938,142.7738037109375,142.88999938964844,142.88999938964844,2235
2024-04-11 11:11:00-04:00,143.00999450683594,143.14999389648438,142.97999572753906,143.14999389648438,143.14999389648438,2457
2024-04-11 11:12:00-04:00,143.0449981689453,143.09860229492188,143.00010681152344,143.00010681152344,143.00010681152344,1943
2024-04-11 11:13:00-04:00,143.00999450683594,143.0675048828125,143.00999450683594,143.02999877929688,143.02999877929688,1472
2024-04-11 11:14:00-04:00,142.97000122070312,143.0,142.97000122070312,143.0,143.0,1061
2024-04-11 11:15:00-04:00,143.10000610351562,143.16000366210938,143.0500030517578,143.16000366210938,143.16000366210938,2804
2024-04-11 11:16:00-04:00,143.0989990234375,143.22999572753906,143.0989990234375,143.16000366210938,143.16000366210938,2547
2024-04-11 11:17:00-04:00,143.16000366210938,143.24000549316406,143.14999389648438,143.1699981689453,143.1699981689453,2337
2024-04-11 11:18:00-04:00,143.16000366210938,143.16000366210938,143.11500549316406,143.11500549316406,143.11500549316406,946
2024-04-11 11:19:00-04:00,143.1300048828125,143.19000244140625,143.1300048828125,143.19000244140625,143.19000244140625,559
2024-04-11 11:20:00-04:00,143.19500732421875,143.3300018310547,143.18499755859375,143.3300018310547,143.3300018310547,5700
2024-04-11 11:21:00-04:00,143.3699951171875,143.3699951171875,143.22999572753906,143.22999572753906,143.22999572753906,6742
2024-04-11 11:22:00-04:00,143.22000122070312,143.22000122070312,143.1699981689453,143.17999267578125,143.17999267578125,2216
2024-04-11 11:23:00-04:00,143.25,143.25,143.17999267578125,143.24000549316406,143.24000549316406,2610
2024-04-11 11:24:00-04:00,143.22000122070312,143.22000122070312,143.1300048828125,143.16000366210938,143.16000366210938,2883
2024-04-11 11:25:00-04:00,143.11000061035156,143.15499877929688,143.10000610351562,143.13999938964844,143.13999938964844,1917
2024-04-11 11:26:00-04:00,143.13999938964844,143.27499389648438,143.10000610351562,143.27499389648438,143.27499389648438,4226
2024-04-11 11:27:00-04:00,143.27499389648438,143.30999755859375,143.10000610351562,143.10000610351562,143.10000610351562,9399
2024-04-11 11:28:00-04:00,143.05499267578125,143.05999755859375,143.0146026611328,143.05999755859375,143.05999755859375,671
2024-04-11 11:29:00-04:00,143.0,143.05999755859375,142.9499969482422,143.05999755859375,143.05999755859375,16466
2024-04-11 11:30:00-04:00,142.96499633789062,143.0399932861328,142.8699951171875,142.92999267578125,142.92999267578125,3933
2024-04-11 11:31:00-04:00,142.9199981689453,142.9499969482422,142.8800048828125,142.9199981689453,142.9199981689453,4377
2024-04-11 11:32:00-04:00,142.91000366210938,143.0,142.86500549316406,142.98500061035156,142.98500061035156,6093
2024-04-11 11:33:00-04:00,142.92999267578125,142.9499969482422,142.77000427246094,142.77000427246094,142.77000427246094,2635
2024-04-11 11:34:00-04:00,142.82000732421875,142.8300018310547,142.77999877929688,142.8000030517578,142.8000030517578,1329
2024-04-11 11:35:00-04:00,142.77999877929688,142.82000732421875,142.74000549316406,142.75,142.75,1689
2024-04-11 11:36:00-04:00,142.78500366210938,142.82000732421875,142.75,142.77999877929688,142.77999877929688,2765
2024-04-11 11:37:00-04:00,142.77499389648438,142.8000030517578,142.71499633789062,142.78500366210938,142.78500366210938,1698
2024-04-11 11:38:00-04:00,142.72000122070312,142.77999877929688,142.7100067138672,142.7449951171875,142.7449951171875,2401
2024-04-11 11:39:00-04:00,142.7899932861328,142.8350067138672,142.72999572753906,142.8300018310547,142.8300018310547,2321
2024-04-11 11:40:00-04:00,142.75999450683594,142.8800048828125,142.75999450683594,142.86000061035156,142.86000061035156,2311
2024-04-11 11:41:00-04:00,142.91000366210938,143.0399932861328,142.88999938964844,142.9550018310547,142.9550018310547,2569
2024-04-11 11:42:00-04:00,142.9600067138672,142.96499633789062,142.92999267578125,142.92999267578125,142.92999267578125,852
2024-04-11 11:43:00-04:00,142.9199981689453,142.9241943359375,142.85000610351562,142.85499572753906,142.85499572753906,1881
2024-04-11 11:44:00-04:00,142.90499877929688,142.91000366210938,142.8300018310547,142.8350067138672,142.8350067138672,1826
2024-04-11 11:45:00-04:00,142.88999938964844,143.10000610351562,142.88999938964844,143.0399932861328,143.0399932861328,3610
2024-04-11 11:46:00-04:00,143.10000610351562,143.25999450683594,143.05499267578125,143.24000549316406,143.24000549316406,5202
2024-04-11 11:47:00-04:00,143.30999755859375,143.38999938964844,143.2550048828125,143.38999938964844,143.38999938964844,8095
2024-04-11 11:48:00-04:00,143.41000366210938,143.52999877929688,143.39999389648438,143.52999877929688,143.52999877929688,2197
2024-04-11 11:49:00-04:00,143.52999877929688,143.52999877929688,143.46499633789062,143.46499633789062,143.46499633789062,1291
2024-04-11 11:50:00-04:00,143.46499633789062,143.55999755859375,143.46499633789062,143.55999755859375,143.55999755859375,1280
2024-04-11 11:51:00-04:00,143.6199951171875,143.6300048828125,143.58999633789062,143.61500549316406,143.61500549316406,900
2024-04-11 11:52:00-04:00,143.66000366210938,143.74000549316406,143.66000366210938,143.7191925048828,143.7191925048828,2488
2024-04-11 11:53:00-04:00,143.7095947265625,143.75999450683594,143.66000366210938,143.75999450683594,143.75999450683594,1601
2024-04-11 11:54:00-04:00,143.7100067138672,143.7100067138672,143.7100067138672,143.7100067138672,143.7100067138672,385
2024-04-11 11:55:00-04:00,143.75999450683594,143.8800048828125,143.75999450683594,143.8800048828125,143.8800048828125,2443
2024-04-11 11:56:00-04:00,143.8800048828125,143.97000122070312,143.8000030517578,143.9499969482422,143.9499969482422,3666
2024-04-11 11:57:00-04:00,143.9199981689453,143.99000549316406,143.8800048828125,143.90499877929688,143.90499877929688,5623
2024-04-11 11:58:00-04:00,143.97000122070312,143.97000122070312,143.8699951171875,143.8800048828125,143.8800048828125,2818
2024-04-11 11:59:00-04:00,143.98500061035156,143.98500061035156,143.92999267578125,143.94000244140625,143.94000244140625,2716
2024-04-11 12:00:00-04:00,143.86000061035156,143.86000061035156,143.86000061035156,143.86000061035156,143.86000061035156,1882
2024-04-11 12:02:00-04:00,143.86000061035156,143.8699951171875,143.82000732421875,143.8699951171875,143.8699951171875,3587
2024-04-11 12:03:00-04:00,143.86000061035156,143.92999267578125,143.86000061035156,143.86000061035156,143.86000061035156,1408
2024-04-11 12:04:00-04:00,143.8699951171875,143.97500610351562,143.86000061035156,143.92999267578125,143.92999267578125,2481
2024-04-11 12:06:00-04:00,143.97000122070312,143.97000122070312,143.8800048828125,143.92999267578125,143.92999267578125,2782
2024-04-11 12:07:00-04:00,143.97999572753906,144.0,143.9600067138672,143.9600067138672,143.9600067138672,1413
2024-04-11 12:08:00-04:00,143.90499877929688,143.9149932861328,143.90499877929688,143.9149932861328,143.9149932861328,672
2024-04-11 12:09:00-04:00,143.875,143.89999389648438,143.875,143.8800048828125,143.8800048828125,1100
2024-04-11 12:10:00-04:00,143.82000732421875,143.89999389648438,143.82000732421875,143.89999389648438,143.89999389648438,944
2024-04-11 12:11:00-04:00,143.82000732421875,143.90499877929688,143.82000732421875,143.83999633789062,143.83999633789062,1700
2024-04-11 12:12:00-04:00,143.84500122070312,143.84500122070312,143.82000732421875,143.82000732421875,143.82000732421875,405
2024-04-11 12:14:00-04:00,143.8249969482422,143.8249969482422,143.8249969482422,143.8249969482422,143.8249969482422,342
2024-04-11 12:15:00-04:00,143.8148956298828,143.84500122070312,143.8000030517578,143.8000030517578,143.8000030517578,1997
2024-04-11 12:16:00-04:00,143.77000427246094,143.91000366210938,143.77000427246094,143.91000366210938,143.91000366210938,3619
2024-04-11 12:17:00-04:00,143.9199981689453,143.9600067138672,143.9199981689453,143.9550018310547,143.9550018310547,1408
2024-04-11 12:18:00-04:00,143.97000122070312,143.97000122070312,143.97000122070312,143.97000122070312,143.97000122070312,619
2024-04-11 12:19:00-04:00,144.02999877929688,144.10000610351562,144.02999877929688,144.06500244140625,144.06500244140625,1456
2024-04-11 12:20:00-04:00,144.06500244140625,144.06500244140625,143.90499877929688,143.90499877929688,143.90499877929688,3439
2024-04-11 12:21:00-04:00,143.94000244140625,143.9600067138672,143.8699951171875,143.94500732421875,143.94500732421875,4438
2024-04-11 12:22:00-04:00,143.94500732421875,143.94500732421875,143.875,143.9149932861328,143.9149932861328,1752
2024-04-11 12:23:00-04:00,143.9149932861328,143.9199981689453,143.89999389648438,143.9199981689453,143.9199981689453,803
2024-04-11 12:24:00-04:00,143.8699951171875,144.0,143.85499572753906,143.97999572753906,143.97999572753906,3942
2024-04-11 12:25:00-04:00,143.9600067138672,144.0500030517578,143.9600067138672,143.98500061035156,143.98500061035156,1857
2024-04-11 12:26:00-04:00,144.02000427246094,144.02999877929688,143.9499969482422,143.99000549316406,143.99000549316406,1954
2024-04-11 12:27:00-04:00,144.02000427246094,144.02000427246094,143.9250030517578,143.9250030517578,143.9250030517578,1335
2024-04-11 12:28:00-04:00,143.8800048828125,143.88999938964844,143.8800048828125,143.88999938964844,143.88999938964844,523
2024-04-11 12:29:00-04:00,143.90499877929688,143.9149932861328,143.8699951171875,143.875,143.875,2578
2024-04-11 12:30:00-04:00,143.85000610351562,143.90499877929688,143.85000610351562,143.90499877929688,143.90499877929688,1346
2024-04-11 12:31:00-04:00,143.87010192871094,143.92999267578125,143.87010192871094,143.91200256347656,143.91200256347656,730
2024-04-11 12:32:00-04:00,143.90499877929688,143.9340057373047,143.90499877929688,143.9340057373047,143.9340057373047,892
2024-04-11 12:33:00-04:00,143.90499877929688,144.05999755859375,143.8800048828125,144.05999755859375,144.05999755859375,3196
2024-04-11 12:34:00-04:00,143.97999572753906,144.0,143.97999572753906,143.98500061035156,143.98500061035156,1164
2024-04-11 12:35:00-04:00,143.9600067138672,143.99000549316406,143.9499969482422,143.97999572753906,143.97999572753906,1318
2024-04-11 12:36:00-04:00,143.99000549316406,144.16000366210938,143.99000549316406,144.11000061035156,144.11000061035156,8923
2024-04-11 12:37:00-04:00,144.0500030517578,144.08999633789062,143.9949951171875,143.9949951171875,143.9949951171875,1157
2024-04-11 12:38:00-04:00,143.9600067138672,143.97999572753906,143.92999267578125,143.97999572753906,143.97999572753906,854
2024-04-11 12:39:00-04:00,143.9199981689453,143.9550018310547,143.81500244140625,143.81500244140625,143.81500244140625,1128
2024-04-11 12:40:00-04:00,143.92999267578125,143.97000122070312,143.9250030517578,143.97000122070312,143.97000122070312,793
2024-04-11 12:41:00-04:00,144.02000427246094,144.02000427246094,143.97999572753906,144.02000427246094,144.02000427246094,1472
2024-04-11 12:42:00-04:00,144.0500030517578,144.09500122070312,144.0500030517578,144.0500030517578,144.0500030517578,2971
2024-04-11 12:43:00-04:00,144.0399932861328,144.10000610351562,143.97500610351562,143.97500610351562,143.97500610351562,2633
2024-04-11 12:44:00-04:00,143.9499969482422,143.9499969482422,143.94000244140625,143.94000244140625,143.94000244140625,699
2024-04-11 12:45:00-04:00,143.9199981689453,143.9199981689453,143.88499450683594,143.88499450683594,143.88499450683594,732
2024-04-11 12:46:00-04:00,143.9499969482422,143.9550018310547,143.89999389648438,143.9550018310547,143.9550018310547,1402
2024-04-11 12:48:00-04:00,144.0,144.02999877929688,143.97999572753906,144.00999450683594,144.00999450683594,4810
2024-04-11 12:49:00-04:00,143.9499969482422,143.9499969482422,143.92999267578125,143.92999267578125,143.92999267578125,611
2024-04-11 12:50:00-04:00,144.0,144.05499267578125,143.9936981201172,144.00999450683594,144.00999450683594,3668
2024-04-11 12:51:00-04:00,144.0500030517578,144.05499267578125,144.0,144.01499938964844,144.01499938964844,3075
2024-04-11 12:52:00-04:00,143.98500061035156,143.98500061035156,143.98500061035156,143.98500061035156,143.98500061035156,647
2024-04-11 12:53:00-04:00,144.00999450683594,144.00999450683594,143.9499969482422,143.9499969482422,143.9499969482422,977
2024-04-11 12:54:00-04:00,143.97500610351562,143.97500610351562,143.94500732421875,143.94500732421875,143.94500732421875,816
2024-04-11 12:55:00-04:00,143.97999572753906,144.0,143.9550018310547,143.9550018310547,143.9550018310547,658
2024-04-11 12:56:00-04:00,143.97000122070312,143.97000122070312,143.97000122070312,143.97000122070312,143.97000122070312,487
2024-04-11 12:57:00-04:00,143.91000366210938,143.92999267578125,143.84500122070312,143.89500427246094,143.89500427246094,1436
2024-04-11 12:58:00-04:00,143.91000366210938,144.0,143.8800048828125,143.97999572753906,143.97999572753906,2172
2024-04-11 12:59:00-04:00,143.97999572753906,144.0,143.94000244140625,143.97000122070312,143.97000122070312,1322
2024-04-11 13:00:00-04:00,143.97000122070312,143.97000122070312,143.92999267578125,143.9499969482422,143.9499969482422,2386
2024-04-11 13:01:00-04:00,143.9499969482422,144.0500030517578,143.8800048828125,144.02999877929688,144.02999877929688,4475
2024-04-11 13:02:00-04:00,143.97999572753906,144.02999877929688,143.97999572753906,144.02499389648438,144.02499389648438,4121
2024-04-11 13:03:00-04:00,144.0,144.08999633789062,143.9600067138672,144.08999633789062,144.08999633789062,3157
2024-04-11 13:04:00-04:00,144.18899536132812,144.41000366210938,144.18899536132812,144.41000366210938,144.41000366210938,2633
2024-04-11 13:05:00-04:00,144.36500549316406,144.36500549316406,144.30999755859375,144.30999755859375,144.30999755859375,1345
2024-04-11 13:06:00-04:00,144.35000610351562,144.44000244140625,144.32000732421875,144.4199981689453,144.4199981689453,2138
2024-04-11 13:07:00-04:00,144.47999572753906,144.55999755859375,144.47999572753906,144.55999755859375,144.55999755859375,1153
2024-04-11 13:08:00-04:00,144.57000732421875,144.59500122070312,144.5399932861328,144.5399932861328,144.5399932861328,1567
2024-04-11 13:09:00-04:00,144.57000732421875,144.57000732421875,144.51499938964844,144.51499938964844,144.51499938964844,913
2024-04-11 13:10:00-04:00,144.54100036621094,144.6699981689453,144.54100036621094,144.6699981689453,144.6699981689453,2396
2024-04-11 13:11:00-04:00,144.59010314941406,144.6999969482422,144.59010314941406,144.6999969482422,144.6999969482422,1497
2024-04-11 13:12:00-04:00,144.72000122070312,144.8800048828125,144.72000122070312,144.8800048828125,144.8800048828125,2108
2024-04-11 13:13:00-04:00,144.94000244140625,144.99000549316406,144.8000030517578,144.8249969482422,144.8249969482422,7736
2024-04-11 13:14:00-04:00,144.8800048828125,144.8800048828125,144.8800048828125,144.8800048828125,144.8800048828125,396
2024-04-11 13:15:00-04:00,144.85000610351562,144.88999938964844,144.80999755859375,144.8300018310547,144.8300018310547,845
2024-04-11 13:16:00-04:00,144.8300018310547,144.8300018310547,144.7899932861328,144.82000732421875,144.82000732421875,804
2024-04-11 13:17:00-04:00,144.8000030517578,144.8000030517578,144.77000427246094,144.77000427246094,144.77000427246094,999
2024-04-11 13:18:00-04:00,144.8000030517578,144.92999267578125,144.8000030517578,144.9199981689453,144.9199981689453,1990
2024-04-11 13:19:00-04:00,144.89999389648438,145.07000732421875,144.89999389648438,145.07000732421875,145.07000732421875,2271
2024-04-11 13:20:00-04:00,145.1300048828125,145.17999267578125,145.08999633789062,145.09500122070312,145.09500122070312,2007
2024-04-11 13:22:00-04:00,145.0500030517578,145.0500030517578,145.0500030517578,145.0500030517578,145.0500030517578,534
2024-04-11 13:23:00-04:00,145.00999450683594,145.07000732421875,145.0,145.06069946289062,145.06069946289062,2756
2024-04-11 13:24:00-04:00,145.0749969482422,145.0749969482422,145.0749969482422,145.0749969482422,145.0749969482422,275
2024-04-11 13:25:00-04:00,145.10000610351562,145.25,145.10000610351562,145.2100067138672,145.2100067138672,2134
2024-04-11 13:26:00-04:00,145.1999969482422,145.1999969482422,145.1999969482422,145.1999969482422,145.1999969482422,947
2024-04-11 13:27:00-04:00,145.1699981689453,145.2050018310547,145.1699981689453,145.2050018310547,145.2050018310547,644
2024-04-11 13:28:00-04:00,145.25,145.25,145.1999969482422,145.1999969482422,145.1999969482422,2092
2024-04-11 13:29:00-04:00,145.19000244140625,145.19000244140625,145.0800018310547,145.0800018310547,145.0800018310547,1934
2024-04-11 13:31:00-04:00,145.1300048828125,145.1649932861328,145.1300048828125,145.1300048828125,145.1300048828125,1485
2024-04-11 13:32:00-04:00,145.08999633789062,145.1699981689453,145.08999633789062,145.1300048828125,145.1300048828125,1764
2024-04-11 13:33:00-04:00,145.17999267578125,145.17999267578125,145.17999267578125,145.17999267578125,145.17999267578125,597
2024-04-11 13:34:00-04:00,145.1750030517578,145.25,145.1699981689453,145.17999267578125,145.17999267578125,3420
2024-04-11 13:35:00-04:00,145.13499450683594,145.13499450683594,145.10499572753906,145.11000061035156,145.11000061035156,1773
2024-04-11 13:36:00-04:00,145.0800018310547,145.25,145.07000732421875,145.25,145.25,3763
2024-04-11 13:37:00-04:00,145.22000122070312,145.3300018310547,145.22000122070312,145.27499389648438,145.27499389648438,2330
2024-04-11 13:38:00-04:00,145.1999969482422,145.1999969482422,145.08999633789062,145.08999633789062,145.08999633789062,2122
2024-04-11 13:39:00-04:00,145.11000061035156,145.11000061035156,145.11000061035156,145.11000061035156,145.11000061035156,719
2024-04-11 13:40:00-04:00,145.05499267578125,145.05499267578125,145.02999877929688,145.0500030517578,145.0500030517578,1242
2024-04-11 13:41:00-04:00,145.05499267578125,145.05499267578125,144.99000549316406,144.99000549316406,144.99000549316406,2818
2024-04-11 13:42:00-04:00,145.13499450683594,145.1750030517578,145.0800018310547,145.0800018310547,145.0800018310547,1668
2024-04-11 13:43:00-04:00,145.1699981689453,145.17999267578125,145.14999389648438,145.1649932861328,145.1649932861328,875
2024-04-11 13:44:00-04:00,145.2100067138672,145.2100067138672,145.14999389648438,145.14999389648438,145.14999389648438,863
2024-04-11 13:45:00-04:00,145.14999389648438,145.25999450683594,145.14999389648438,145.25999450683594,145.25999450683594,3273
2024-04-11 13:46:00-04:00,145.22500610351562,145.22500610351562,145.1999969482422,145.1999969482422,145.1999969482422,653
2024-04-11 13:47:00-04:00,145.21499633789062,145.21499633789062,145.17999267578125,145.2050018310547,145.2050018310547,1541
2024-04-11 13:48:00-04:00,145.25,145.25,145.22000122070312,145.22000122070312,145.22000122070312,605
2024-04-11 13:49:00-04:00,145.22000122070312,145.25,145.1699981689453,145.1999969482422,145.1999969482422,1750
2024-04-11 13:50:00-04:00,145.13999938964844,145.13999938964844,145.0749969482422,145.1199951171875,145.1199951171875,2041
2024-04-11 13:51:00-04:00,145.07000732421875,145.07000732421875,144.99000549316406,144.99000549316406,144.99000549316406,954
2024-04-11 13:52:00-04:00,145.0800018310547,145.0800018310547,145.02000427246094,145.02000427246094,145.02000427246094,220
2024-04-11 13:53:00-04:00,144.99000549316406,145.22000122070312,144.99000549316406,145.22000122070312,145.22000122070312,3287
2024-04-11 13:54:00-04:00,145.2100067138672,145.32000732421875,145.2100067138672,145.32000732421875,145.32000732421875,3361
2024-04-11 13:55:00-04:00,145.32000732421875,145.33999633789062,145.30499267578125,145.33999633789062,145.33999633789062,823
2024-04-11 13:56:00-04:00,145.3300018310547,145.44000244140625,145.3300018310547,145.41000366210938,145.41000366210938,1601
2024-04-11 13:57:00-04:00,145.3699951171875,145.38999938964844,145.33999633789062,145.38999938964844,145.38999938964844,1774
2024-04-11 13:58:00-04:00,145.39999389648438,145.39999389648438,145.32000732421875,145.32000732421875,145.32000732421875,1472
2024-04-11 13:59:00-04:00,145.30999755859375,145.3800048828125,145.27999877929688,145.3800048828125,145.3800048828125,2535
2024-04-11 14:00:00-04:00,145.3800048828125,145.5800018310547,145.3800048828125,145.5800018310547,145.5800018310547,4993
2024-04-11 14:01:00-04:00,145.52000427246094,145.52000427246094,145.52000427246094,145.52000427246094,145.52000427246094,129
2024-04-11 14:02:00-04:00,145.5399932861328,145.5800018310547,145.5399932861328,145.55999755859375,145.55999755859375,1599
2024-04-11 14:03:00-04:00,145.58999633789062,145.58999633789062,145.3699951171875,145.3699951171875,145.3699951171875,1984
2024-04-11 14:04:00-04:00,145.36000061035156,145.36000061035156,145.2550048828125,145.30999755859375,145.30999755859375,1639
2024-04-11 14:05:00-04:00,145.35000610351562,145.6999969482422,145.3300018310547,145.6999969482422,145.6999969482422,7000
2024-04-11 14:06:00-04:00,145.63499450683594,145.6999969482422,145.63499450683594,145.6999969482422,145.6999969482422,1120
2024-04-11 14:07:00-04:00,145.74000549316406,145.74000549316406,145.72999572753906,145.72999572753906,145.72999572753906,746
2024-04-11 14:08:00-04:00,145.77000427246094,145.82000732421875,145.75,145.82000732421875,145.82000732421875,2184
2024-04-11 14:09:00-04:00,145.83999633789062,145.83999633789062,145.77999877929688,145.7899932861328,145.7899932861328,1311
2024-04-11 14:10:00-04:00,145.7899932861328,145.7899932861328,145.68099975585938,145.75,145.75,3047
2024-04-11 14:11:00-04:00,145.6300048828125,145.6300048828125,145.6300048828125,145.6300048828125,145.6300048828125,139
2024-04-11 14:12:00-04:00,145.625,145.625,145.47000122070312,145.47500610351562,145.47500610351562,1646
2024-04-11 14:13:00-04:00,145.4499969482422,145.47500610351562,145.40499877929688,145.40499877929688,145.40499877929688,818
2024-04-11 14:14:00-04:00,145.30999755859375,145.30999755859375,145.25,145.25,145.25,683
2024-04-11 14:15:00-04:00,145.33999633789062,145.36000061035156,145.30999755859375,145.36000061035156,145.36000061035156,1785
2024-04-11 14:16:00-04:00,145.39999389648438,145.39999389648438,145.39999389648438,145.39999389648438,145.39999389648438,407
2024-04-11 14:17:00-04:00,145.39999389648438,145.5,145.39999389648438,145.41000366210938,145.41000366210938,2269
2024-04-11 14:18:00-04:00,145.4600067138672,145.47000122070312,145.43499755859375,145.43499755859375,145.43499755859375,873
2024-04-11 14:20:00-04:00,145.43499755859375,145.44000244140625,145.36000061035156,145.36000061035156,145.36000061035156,1950
2024-04-11 14:21:00-04:00,145.35499572753906,145.35499572753906,145.2899932861328,145.35000610351562,145.35000610351562,1274
2024-04-11 14:22:00-04:00,145.33999633789062,145.33999633789062,145.25999450683594,145.25999450683594,145.25999450683594,1524
2024-04-11 14:23:00-04:00,145.22000122070312,145.22000122070312,145.22000122070312,145.22000122070312,145.22000122070312,125
2024-04-11 14:24:00-04:00,145.25999450683594,145.2949981689453,145.25999450683594,145.2949981689453,145.2949981689453,1479
2024-04-11 14:26:00-04:00,145.35589599609375,145.3699951171875,145.30999755859375,145.3249969482422,145.3249969482422,4555
2024-04-11 14:27:00-04:00,145.27499389648438,145.27499389648438,145.2100067138672,145.2375030517578,145.2375030517578,1014
2024-04-11 14:28:00-04:00,145.1999969482422,145.22000122070312,145.19000244140625,145.19000244140625,145.19000244140625,906
2024-04-11 14:29:00-04:00,145.1999969482422,145.27000427246094,145.1699981689453,145.25999450683594,145.25999450683594,1697
2024-04-11 14:30:00-04:00,145.27000427246094,145.30999755859375,145.25,145.2550048828125,145.2550048828125,2312
2024-04-11 14:31:00-04:00,145.24000549316406,145.2550048828125,145.24000549316406,145.2550048828125,145.2550048828125,1212
2024-04-11 14:32:00-04:00,145.27999877929688,145.32000732421875,145.27999877929688,145.2899932861328,145.2899932861328,1669
2024-04-11 14:33:00-04:00,145.30499267578125,145.35499572753906,145.25,145.3498992919922,145.3498992919922,3161
2024-04-11 14:34:00-04:00,145.35000610351562,145.39999389648438,145.35000610351562,145.39999389648438,145.39999389648438,1472
2024-04-11 14:35:00-04:00,145.39999389648438,145.44000244140625,145.39999389648438,145.43499755859375,145.43499755859375,1930
2024-04-11 14:36:00-04:00,145.42999267578125,145.5,145.42999267578125,145.5,145.5,1392
2024-04-11 14:37:00-04:00,145.4499969482422,145.49000549316406,145.44000244140625,145.49000549316406,145.49000549316406,1484
2024-04-11 14:38:00-04:00,145.5,145.5,145.5,145.5,145.5,948
2024-04-11 14:39:00-04:00,145.4600067138672,145.5,145.4600067138672,145.5,145.5,462
2024-04-11 14:40:00-04:00,145.5,145.53500366210938,145.5,145.5,145.5,2104
2024-04-11 14:41:00-04:00,145.52999877929688,145.63999938964844,145.52999877929688,145.6300048828125,145.6300048828125,3866
2024-04-11 14:42:00-04:00,145.6300048828125,145.66000366210938,145.6300048828125,145.63999938964844,145.63999938964844,1658
2024-04-11 14:43:00-04:00,145.6199951171875,145.6199951171875,145.60000610351562,145.60000610351562,145.60000610351562,1458
2024-04-11 14:44:00-04:00,145.63499450683594,145.6649932861328,145.57000732421875,145.57000732421875,145.57000732421875,2581
2024-04-11 14:45:00-04:00,145.58999633789062,145.58999633789062,145.49000549316406,145.49000549316406,145.49000549316406,2965
2024-04-11 14:46:00-04:00,145.5399932861328,145.60000610351562,145.5399932861328,145.59500122070312,145.59500122070312,2357
2024-04-11 14:47:00-04:00,145.59500122070312,145.63499450683594,145.59500122070312,145.63499450683594,145.63499450683594,1304
2024-04-11 14:48:00-04:00,145.6300048828125,145.63999938964844,145.55999755859375,145.55999755859375,145.55999755859375,2029
2024-04-11 14:49:00-04:00,145.47999572753906,145.52999877929688,145.47999572753906,145.52999877929688,145.52999877929688,1265
2024-04-11 14:50:00-04:00,145.5,145.51499938964844,145.47999572753906,145.47999572753906,145.47999572753906,1443
2024-04-11 14:51:00-04:00,145.4600067138672,145.52000427246094,145.4499969482422,145.52000427246094,145.52000427246094,2620
2024-04-11 14:52:00-04:00,145.4949951171875,145.4949951171875,145.47000122070312,145.47000122070312,145.47000122070312,1954
2024-04-11 14:53:00-04:00,145.42999267578125,145.42999267578125,145.3699951171875,145.3699951171875,145.3699951171875,808
2024-04-11 14:54:00-04:00,145.35499572753906,145.44000244140625,145.22999572753906,145.22999572753906,145.22999572753906,4482
2024-04-11 14:55:00-04:00,145.220703125,145.220703125,145.220703125,145.220703125,145.220703125,203
2024-04-11 14:56:00-04:00,145.2449951171875,145.3699951171875,145.22000122070312,145.3699951171875,145.3699951171875,3113
2024-04-11 14:57:00-04:00,145.3800048828125,145.39999389648438,145.3437957763672,145.39999389648438,145.39999389648438,1314
2024-04-11 14:58:00-04:00,145.39999389648438,145.42999267578125,145.36000061035156,145.3699951171875,145.3699951171875,4555
2024-04-11 14:59:00-04:00,145.375,145.40499877929688,145.36000061035156,145.36000061035156,145.36000061035156,1506
2024-04-11 15:00:00-04:00,145.36000061035156,145.42999267578125,145.36000061035156,145.42999267578125,145.42999267578125,3105
2024-04-11 15:01:00-04:00,145.38999938964844,145.38999938964844,145.3000030517578,145.3000030517578,145.3000030517578,3979
2024-04-11 15:02:00-04:00,145.2899932861328,145.3300018310547,145.25999450683594,145.30499267578125,145.30499267578125,2104
2024-04-11 15:03:00-04:00,145.33999633789062,145.35499572753906,145.33999633789062,145.35499572753906,145.35499572753906,934
2024-04-11 15:04:00-04:00,145.3800048828125,145.39999389648438,145.36000061035156,145.375,145.375,2728
2024-04-11 15:05:00-04:00,145.39500427246094,145.39500427246094,145.35589599609375,145.3699951171875,145.3699951171875,2476
2024-04-11 15:06:00-04:00,145.39999389648438,145.39999389648438,145.35000610351562,145.3809051513672,145.3809051513672,886
2024-04-11 15:07:00-04:00,145.39999389648438,145.42999267578125,145.3699951171875,145.4199981689453,145.4199981689453,1931
2024-04-11 15:08:00-04:00,145.38999938964844,145.38999938964844,145.32000732421875,145.3238067626953,145.3238067626953,2552
2024-04-11 15:09:00-04:00,145.30999755859375,145.35000610351562,145.3000030517578,145.3000030517578,145.3000030517578,910
2024-04-11 15:10:00-04:00,145.3000030517578,145.30479431152344,145.27999877929688,145.27999877929688,145.27999877929688,2065
2024-04-11 15:11:00-04:00,145.27499389648438,145.32000732421875,145.24000549316406,145.27000427246094,145.27000427246094,2989
2024-04-11 15:12:00-04:00,145.1699981689453,145.1699981689453,145.11000061035156,145.11000061035156,145.11000061035156,1986
2024-04-11 15:13:00-04:00,145.08999633789062,145.14999389648438,144.9600067138672,144.9600067138672,144.9600067138672,5263
2024-04-11 15:14:00-04:00,144.9550018310547,144.9550018310547,144.91000366210938,144.91000366210938,144.91000366210938,654
2024-04-11 15:15:00-04:00,144.8800048828125,144.8800048828125,144.80999755859375,144.80999755859375,144.80999755859375,1399
2024-04-11 15:16:00-04:00,144.8592071533203,144.92999267578125,144.8000030517578,144.92999267578125,144.92999267578125,3377
2024-04-11 15:17:00-04:00,144.89999389648438,144.97000122070312,144.8800048828125,144.97000122070312,144.97000122070312,2435
2024-04-11 15:18:00-04:00,145.0,145.05999755859375,144.99000549316406,145.05499267578125,145.05499267578125,4185
2024-04-11 15:20:00-04:00,144.99000549316406,144.99000549316406,144.97000122070312,144.99000549316406,144.99000549316406,751
2024-04-11 15:21:00-04:00,144.99000549316406,145.2100067138672,144.99000549316406,145.1699981689453,145.1699981689453,8143
2024-04-11 15:22:00-04:00,145.17999267578125,145.2899932861328,145.17999267578125,145.25999450683594,145.25999450683594,7018
2024-04-11 15:23:00-04:00,145.28500366210938,145.31500244140625,145.28500366210938,145.3000030517578,145.3000030517578,659
2024-04-11 15:24:00-04:00,145.3000030517578,145.3000030517578,145.22000122070312,145.25,145.25,4678
2024-04-11 15:25:00-04:00,145.22500610351562,145.30999755859375,145.22500610351562,145.30999755859375,145.30999755859375,3352
2024-04-11 15:26:00-04:00,145.30999755859375,145.33999633789062,145.27999877929688,145.27999877929688,145.27999877929688,4843
2024-04-11 15:27:00-04:00,145.2899932861328,145.3300018310547,145.22000122070312,145.22000122070312,145.22000122070312,4151
2024-04-11 15:28:00-04:00,145.21119689941406,145.25999450683594,145.17999267578125,145.25999450683594,145.25999450683594,2968
2024-04-11 15:29:00-04:00,145.3000030517578,145.3300018310547,145.24000549316406,145.24000549316406,145.24000549316406,2999
2024-04-11 15:30:00-04:00,145.24000549316406,145.25,145.2100067138672,145.22500610351562,145.22500610351562,1983
2024-04-11 15:31:00-04:00,145.2050018310547,145.2050018310547,145.16000366210938,145.19000244140625,145.19000244140625,2279
2024-04-11 15:32:00-04:00,145.17999267578125,145.2100067138672,145.11500549316406,145.1699981689453,145.1699981689453,4543
2024-04-11 15:33:00-04:00,145.22000122070312,145.22000122070312,145.13999938964844,145.17999267578125,145.17999267578125,4020
2024-04-11 15:34:00-04:00,145.19000244140625,145.25999450683594,145.17999267578125,145.17999267578125,145.17999267578125,6902
2024-04-11 15:35:00-04:00,145.17999267578125,145.2100067138672,145.14500427246094,145.1699981689453,145.1699981689453,2049
2024-04-11 15:36:00-04:00,145.14999389648438,145.17999267578125,145.11000061035156,145.11000061035156,145.11000061035156,4901
2024-04-11 15:37:00-04:00,145.14999389648438,145.1699981689453,145.10000610351562,145.10000610351562,145.10000610351562,5310
2024-04-11 15:38:00-04:00,145.11000061035156,145.17999267578125,145.11000061035156,145.16000366210938,145.16000366210938,2800
2024-04-11 15:39:00-04:00,145.17599487304688,145.1999969482422,145.1300048828125,145.1300048828125,145.1300048828125,4461
2024-04-11 15:40:00-04:00,145.14999389648438,145.1999969482422,145.14999389648438,145.1959991455078,145.1959991455078,2639
2024-04-11 15:41:00-04:00,145.18069458007812,145.1999969482422,145.1750030517578,145.1999969482422,145.1999969482422,2107
2024-04-11 15:42:00-04:00,145.1999969482422,145.1999969482422,145.08999633789062,145.14999389648438,145.14999389648438,6799
2024-04-11 15:43:00-04:00,145.16000366210938,145.16000366210938,145.11000061035156,145.1549072265625,145.1549072265625,3659
2024-04-11 15:44:00-04:00,145.16000366210938,145.2760009765625,145.16000366210938,145.17999267578125,145.17999267578125,10772
2024-04-11 15:45:00-04:00,145.16000366210938,145.27000427246094,145.11500549316406,145.25,145.25,6495
2024-04-11 15:46:00-04:00,145.2449951171875,145.2449951171875,145.08999633789062,145.08999633789062,145.08999633789062,4521
2024-04-11 15:47:00-04:00,145.11000061035156,145.11000061035156,144.99000549316406,145.11000061035156,145.11000061035156,10704
2024-04-11 15:48:00-04:00,145.10000610351562,145.1999969482422,145.0800018310547,145.1999969482422,145.1999969482422,9042
2024-04-11 15:49:00-04:00,145.1999969482422,145.21499633789062,145.08999633789062,145.14500427246094,145.14500427246094,8475
2024-04-11 15:50:00-04:00,145.14999389648438,145.14999389648438,144.88999938964844,144.9250030517578,144.9250030517578,16292
2024-04-11 15:51:00-04:00,144.89999389648438,145.1750030517578,144.8699951171875,145.1750030517578,145.1750030517578,23124
2024-04-11 15:52:00-04:00,145.1699981689453,145.36000061035156,145.16000366210938,145.33999633789062,145.33999633789062,22153
2024-04-11 15:53:00-04:00,145.3300018310547,145.5,145.32000732421875,145.47000122070312,145.47000122070312,15174
2024-04-11 15:54:00-04:00,145.47000122070312,145.57000732421875,145.39999389648438,145.5399932861328,145.5399932861328,21261
2024-04-11 15:55:00-04:00,145.5500030517578,145.6790008544922,145.5500030517578,145.61000061035156,145.61000061035156,22558
2024-04-11 15:56:00-04:00,145.6300048828125,145.6300048828125,145.5399932861328,145.6300048828125,145.6300048828125,23985
2024-04-11 15:57:00-04:00,145.625,145.6300048828125,145.55999755859375,145.6300048828125,145.6300048828125,29668
2024-04-11 15:58:00-04:00,145.58999633789062,145.6300048828125,145.57000732421875,145.6199951171875,145.6199951171875,28362
2024-04-11 15:59:00-04:00,145.61000061035156,145.6300048828125,145.36000061035156,145.39999389648438,145.39999389648438,48242
2024-04-12 09:30:00-04:00,143.27000427246094,144.1199951171875,143.27000427246094,143.72439575195312,143.72439575195312,41605
2024-04-12 09:31:00-04:00,143.9936981201172,143.9936981201172,143.60000610351562,143.63690185546875,143.63690185546875,476
2024-04-12 09:32:00-04:00,143.47999572753906,143.5,142.9499969482422,142.9499969482422,142.9499969482422,768
2024-04-12 09:33:00-04:00,142.8300018310547,143.2010040283203,142.8300018310547,143.2010040283203,143.2010040283203,1341
2024-04-12 09:35:00-04:00,143.22999572753906,143.22999572753906,142.4199981689453,142.77999877929688,142.77999877929688,3937
2024-04-12 09:36:00-04:00,142.91000366210938,142.91000366210938,142.58999633789062,142.68499755859375,142.68499755859375,2586
2024-04-12 09:37:00-04:00,142.69500732421875,142.76040649414062,142.47999572753906,142.76040649414062,142.76040649414062,2408
2024-04-12 09:38:00-04:00,142.52000427246094,142.9250030517578,142.50999450683594,142.9199981689453,142.9199981689453,3213
2024-04-12 09:39:00-04:00,142.85499572753906,142.85499572753906,142.8350067138672,142.8350067138672,142.8350067138672,437
2024-04-12 09:40:00-04:00,142.8300018310547,142.8300018310547,142.6699981689453,142.72000122070312,142.72000122070312,2273
2024-04-12 09:41:00-04:00,142.82000732421875,142.82000732421875,142.49000549316406,142.49000549316406,142.49000549316406,1991
2024-04-12 09:42:00-04:00,142.47999572753906,142.47999572753906,142.4499969482422,142.4499969482422,142.4499969482422,1127
2024-04-12 09:43:00-04:00,142.47500610351562,142.8000030517578,142.47500610351562,142.76499938964844,142.76499938964844,2386
2024-04-12 09:44:00-04:00,142.75999450683594,142.75999450683594,142.30499267578125,142.43299865722656,142.43299865722656,3470
2024-04-12 09:45:00-04:00,142.22999572753906,142.64999389648438,142.10000610351562,142.2100067138672,142.2100067138672,9565
2024-04-12 09:46:00-04:00,142.2100067138672,142.3300018310547,142.11000061035156,142.1750030517578,142.1750030517578,6610
2024-04-12 09:47:00-04:00,142.22000122070312,142.53500366210938,142.10000610351562,142.53500366210938,142.53500366210938,3525
2024-04-12 09:48:00-04:00,142.52000427246094,142.63999938964844,142.52000427246094,142.53500366210938,142.53500366210938,3750
2024-04-12 09:49:00-04:00,142.52999877929688,142.6999969482422,142.52000427246094,142.6300048828125,142.6300048828125,3785
2024-04-12 09:50:00-04:00,142.72999572753906,142.89999389648438,142.72999572753906,142.84500122070312,142.84500122070312,2279
2024-04-12 09:51:00-04:00,142.7550048828125,142.8000030517578,142.67999267578125,142.7100067138672,142.7100067138672,1441
2024-04-12 09:52:00-04:00,142.60000610351562,142.67999267578125,142.55999755859375,142.55999755859375,142.55999755859375,731
2024-04-12 09:53:00-04:00,142.42999267578125,142.60000610351562,142.42999267578125,142.60000610351562,142.60000610351562,803
2024-04-12 09:54:00-04:00,142.55499267578125,142.55499267578125,142.32000732421875,142.5399932861328,142.5399932861328,3956
2024-04-12 09:55:00-04:00,142.4199981689453,142.5050048828125,142.4199981689453,142.5050048828125,142.5050048828125,405
2024-04-12 09:56:00-04:00,142.61000061035156,142.6699981689453,142.57000732421875,142.60499572753906,142.60499572753906,1580
2024-04-12 09:57:00-04:00,142.63999938964844,142.63999938964844,142.63999938964844,142.63999938964844,142.63999938964844,510
2024-04-12 09:58:00-04:00,142.7100067138672,142.72999572753906,142.52000427246094,142.52999877929688,142.52999877929688,4507
2024-04-12 09:59:00-04:00,142.5749969482422,142.61000061035156,142.55999755859375,142.55999755859375,142.55999755859375,1482
2024-04-12 10:00:00-04:00,142.55999755859375,142.55999755859375,142.32000732421875,142.48500061035156,142.48500061035156,2201
2024-04-12 10:01:00-04:00,142.33999633789062,142.33999633789062,141.8699951171875,141.8699951171875,141.8699951171875,11035
2024-04-12 10:02:00-04:00,141.8249969482422,142.00999450683594,141.7449951171875,141.89500427246094,141.89500427246094,4747
2024-04-12 10:03:00-04:00,141.85000610351562,141.85000610351562,141.69000244140625,141.69000244140625,141.69000244140625,2157
2024-04-12 10:04:00-04:00,141.55999755859375,141.84500122070312,141.55999755859375,141.7899932861328,141.7899932861328,3883
2024-04-12 10:05:00-04:00,141.77999877929688,141.89999389648438,141.77999877929688,141.89999389648438,141.89999389648438,708
2024-04-12 10:06:00-04:00,141.75,141.75,141.5,141.55499267578125,141.55499267578125,12468
2024-04-12 10:07:00-04:00,141.55499267578125,141.6300048828125,141.21499633789062,141.21499633789062,141.21499633789062,11137
2024-04-12 10:08:00-04:00,141.25,141.38999938964844,141.1999969482422,141.1999969482422,141.1999969482422,1024
2024-04-12 10:09:00-04:00,141.35000610351562,141.7899932861328,141.2899932861328,141.6199951171875,141.6199951171875,9242
2024-04-12 10:10:00-04:00,141.47999572753906,141.53500366210938,141.44500732421875,141.51499938964844,141.51499938964844,2420
2024-04-12 10:11:00-04:00,141.4499969482422,141.60000610351562,141.35499572753906,141.35499572753906,141.35499572753906,3348
2024-04-12 10:12:00-04:00,141.36000061035156,141.36000061035156,141.27999877929688,141.27999877929688,141.27999877929688,928
2024-04-12 10:13:00-04:00,141.2949981689453,141.2949981689453,141.2301025390625,141.2301025390625,141.2301025390625,1101
2024-04-12 10:14:00-04:00,141.35000610351562,141.47999572753906,141.35000610351562,141.47999572753906,141.47999572753906,3361
2024-04-12 10:15:00-04:00,141.52999877929688,141.5399932861328,141.39500427246094,141.48500061035156,141.48500061035156,11922
2024-04-12 10:16:00-04:00,141.48500061035156,141.48500061035156,141.35000610351562,141.4550018310547,141.4550018310547,3271
2024-04-12 10:17:00-04:00,141.4600067138672,141.5399932861328,141.39999389648438,141.4250030517578,141.4250030517578,4081
2024-04-12 10:18:00-04:00,141.3970947265625,141.5,141.35000610351562,141.3699951171875,141.3699951171875,4592
2024-04-12 10:19:00-04:00,141.4499969482422,141.64990234375,141.3699951171875,141.42999267578125,141.42999267578125,8334
2024-04-12 10:20:00-04:00,141.4499969482422,141.64999389648438,141.4499969482422,141.6199951171875,141.6199951171875,3356
2024-04-12 10:21:00-04:00,141.60499572753906,141.77000427246094,141.60499572753906,141.75999450683594,141.75999450683594,1534
2024-04-12 10:22:00-04:00,141.8000030517578,141.92999267578125,141.75999450683594,141.77000427246094,141.77000427246094,4133
2024-04-12 10:23:00-04:00,141.77999877929688,141.8300018310547,141.72000122070312,141.72000122070312,141.72000122070312,817
2024-04-12 10:24:00-04:00,141.82000732421875,141.82000732421875,141.66000366210938,141.8000030517578,141.8000030517578,463
2024-04-12 10:25:00-04:00,141.67999267578125,141.6999969482422,141.55259704589844,141.6999969482422,141.6999969482422,3760
2024-04-12 10:26:00-04:00,141.72999572753906,141.72999572753906,141.63999938964844,141.69000244140625,141.69000244140625,1288
2024-04-12 10:27:00-04:00,141.79989624023438,141.79989624023438,141.5800018310547,141.5800018310547,141.5800018310547,372
2024-04-12 10:28:00-04:00,141.69500732421875,141.7100067138672,141.64999389648438,141.7050018310547,141.7050018310547,1271
2024-04-12 10:29:00-04:00,141.64999389648438,141.66000366210938,141.57000732421875,141.6300048828125,141.6300048828125,3750
2024-04-12 10:30:00-04:00,141.5814971923828,141.6699981689453,141.5800018310547,141.6699981689453,141.6699981689453,3132
2024-04-12 10:31:00-04:00,141.6699981689453,141.75,141.63499450683594,141.75,141.75,3674
2024-04-12 10:32:00-04:00,141.7100067138672,141.77999877929688,141.7100067138672,141.77000427246094,141.77000427246094,1539
2024-04-12 10:33:00-04:00,141.72779846191406,141.72779846191406,141.52999877929688,141.52999877929688,141.52999877929688,3195
2024-04-12 10:34:00-04:00,141.56719970703125,141.56719970703125,141.49000549316406,141.50999450683594,141.50999450683594,1544
2024-04-12 10:35:00-04:00,141.55999755859375,141.63999938964844,141.39999389648438,141.39999389648438,141.39999389648438,3569
2024-04-12 10:36:00-04:00,141.39999389648438,141.39999389648438,141.2196044921875,141.2196044921875,141.2196044921875,1338
2024-04-12 10:37:00-04:00,141.36990356445312,141.36990356445312,141.11000061035156,141.11000061035156,141.11000061035156,2011
2024-04-12 10:38:00-04:00,141.27000427246094,141.2899932861328,141.19500732421875,141.19500732421875,141.19500732421875,3579
2024-04-12 10:40:00-04:00,141.1750030517578,141.22000122070312,141.1750030517578,141.17999267578125,141.17999267578125,2093
2024-04-12 10:41:00-04:00,141.1699981689453,141.2100067138672,141.1699981689453,141.1699981689453,141.1699981689453,1102
2024-04-12 10:42:00-04:00,141.16000366210938,141.16000366210938,141.10000610351562,141.11500549316406,141.11500549316406,1135
2024-04-12 10:43:00-04:00,141.02000427246094,141.13999938964844,140.92999267578125,141.08999633789062,141.08999633789062,8330
2024-04-12 10:44:00-04:00,141.13499450683594,141.13999938964844,141.00999450683594,141.1300048828125,141.1300048828125,2761
2024-04-12 10:45:00-04:00,141.1199951171875,141.16000366210938,141.0800018310547,141.15499877929688,141.15499877929688,4316
2024-04-12 10:46:00-04:00,141.08999633789062,141.10000610351562,141.0800018310547,141.10000610351562,141.10000610351562,746
2024-04-12 10:47:00-04:00,141.10000610351562,141.11000061035156,140.94000244140625,140.94000244140625,140.94000244140625,3944
2024-04-12 10:48:00-04:00,140.94000244140625,141.0800018310547,140.94000244140625,141.07000732421875,141.07000732421875,4153
2024-04-12 10:49:00-04:00,141.05999755859375,141.2050018310547,141.05999755859375,141.2050018310547,141.2050018310547,2602
2024-04-12 10:50:00-04:00,141.09190368652344,141.25,141.09190368652344,141.22500610351562,141.22500610351562,1255
2024-04-12 10:51:00-04:00,141.33999633789062,141.42999267578125,141.33999633789062,141.36500549316406,141.36500549316406,2872
2024-04-12 10:52:00-04:00,141.26780700683594,141.31500244140625,141.02499389648438,141.0449981689453,141.0449981689453,10931
2024-04-12 10:53:00-04:00,141.0500030517578,141.1699981689453,141.0500030517578,141.11000061035156,141.11000061035156,3563
2024-04-12 10:54:00-04:00,141.11000061035156,141.11000061035156,141.10000610351562,141.10000610351562,141.10000610351562,2194
2024-04-12 10:55:00-04:00,141.10000610351562,141.125,141.0,141.0,141.0,2416
2024-04-12 10:56:00-04:00,140.9949951171875,141.0399932861328,140.9949951171875,141.0399932861328,141.0399932861328,1350
2024-04-12 10:57:00-04:00,141.01499938964844,141.01499938964844,140.9600067138672,141.0,141.0,1546
2024-04-12 10:58:00-04:00,140.9499969482422,140.98500061035156,140.9199981689453,140.9199981689453,140.9199981689453,1438
2024-04-12 10:59:00-04:00,140.9600067138672,140.9600067138672,140.86000061035156,140.86000061035156,140.86000061035156,1513
2024-04-12 11:00:00-04:00,140.85499572753906,140.9199981689453,140.75,140.75999450683594,140.75999450683594,3870
2024-04-12 11:01:00-04:00,140.7100067138672,140.83999633789062,140.7100067138672,140.7550048828125,140.7550048828125,6632
2024-04-12 11:02:00-04:00,140.72000122070312,140.75999450683594,140.6199951171875,140.72000122070312,140.72000122070312,4559
2024-04-12 11:03:00-04:00,140.69500732421875,140.7050018310547,140.6300048828125,140.6300048828125,140.6300048828125,2409
2024-04-12 11:04:00-04:00,140.66000366210938,140.7949981689453,140.5800018310547,140.77000427246094,140.77000427246094,4360
2024-04-12 11:05:00-04:00,140.67999267578125,140.67999267578125,140.67999267578125,140.67999267578125,140.67999267578125,1407
2024-04-12 11:06:00-04:00,140.67999267578125,140.67999267578125,140.50999450683594,140.53250122070312,140.53250122070312,2702
2024-04-12 11:07:00-04:00,140.52999877929688,140.5449981689453,140.1199951171875,140.20509338378906,140.20509338378906,8461
2024-04-12 11:08:00-04:00,140.16810607910156,140.3300018310547,140.16810607910156,140.27999877929688,140.27999877929688,4116
2024-04-12 11:09:00-04:00,140.25999450683594,140.2899932861328,140.1199951171875,140.1649932861328,140.1649932861328,6528
2024-04-12 11:10:00-04:00,140.1199951171875,140.14999389648438,140.1199951171875,140.13499450683594,140.13499450683594,1678
2024-04-12 11:11:00-04:00,140.1300048828125,140.1300048828125,140.05999755859375,140.05999755859375,140.05999755859375,987
2024-04-12 11:12:00-04:00,140.125,140.1999969482422,139.9499969482422,140.0399932861328,140.0399932861328,10616
2024-04-12 11:13:00-04:00,140.00999450683594,140.0574951171875,139.89999389648438,139.91000366210938,139.91000366210938,6273
2024-04-12 11:14:00-04:00,139.88099670410156,140.0399932861328,139.8699951171875,139.92999267578125,139.92999267578125,5513
2024-04-12 11:15:00-04:00,139.86000061035156,139.86000061035156,139.75999450683594,139.75999450683594,139.75999450683594,1200
2024-04-12 11:16:00-04:00,139.71499633789062,139.71499633789062,139.5500946044922,139.55999755859375,139.55999755859375,1479
2024-04-12 11:17:00-04:00,139.61000061035156,139.6999969482422,139.55999755859375,139.6300048828125,139.6300048828125,8288
2024-04-12 11:18:00-04:00,139.57000732421875,139.77999877929688,139.5,139.75,139.75,12359
2024-04-12 11:19:00-04:00,139.72000122070312,139.85499572753906,139.67999267578125,139.82000732421875,139.82000732421875,9119
2024-04-12 11:20:00-04:00,139.91000366210938,140.16000366210938,139.91000366210938,140.16000366210938,140.16000366210938,8071
2024-04-12 11:21:00-04:00,140.22000122070312,140.3699951171875,140.1699981689453,140.3000030517578,140.3000030517578,10898
2024-04-12 11:22:00-04:00,140.3000030517578,140.44000244140625,140.3000030517578,140.42999267578125,140.42999267578125,5543
2024-04-12 11:23:00-04:00,140.42750549316406,140.52000427246094,140.32589721679688,140.50999450683594,140.50999450683594,6867
2024-04-12 11:24:00-04:00,140.43499755859375,140.52000427246094,140.39999389648438,140.39999389648438,140.39999389648438,3052
2024-04-12 11:25:00-04:00,140.49000549316406,140.5749969482422,140.3800048828125,140.3800048828125,140.3800048828125,7770
2024-04-12 11:26:00-04:00,140.25,140.38999938964844,140.25,140.38999938964844,140.38999938964844,18461
2024-04-12 11:27:00-04:00,140.39999389648438,140.4149932861328,140.32000732421875,140.32000732421875,140.32000732421875,3470
2024-04-12 11:28:00-04:00,140.32000732421875,140.3800048828125,140.27000427246094,140.3000030517578,140.3000030517578,8639
2024-04-12 11:29:00-04:00,140.3000030517578,140.3000030517578,140.22999572753906,140.25999450683594,140.25999450683594,3792
2024-04-12 11:30:00-04:00,140.17999267578125,140.23500061035156,140.08999633789062,140.14999389648438,140.14999389648438,5885
2024-04-12 11:31:00-04:00,140.11000061035156,140.24000549316406,140.11000061035156,140.17999267578125,140.17999267578125,4652
2024-04-12 11:32:00-04:00,140.24000549316406,140.2899932861328,140.17999267578125,140.27999877929688,140.27999877929688,2619
2024-04-12 11:33:00-04:00,140.2899932861328,140.3699951171875,140.2899932861328,140.33999633789062,140.33999633789062,3670
2024-04-12 11:34:00-04:00,140.36000061035156,140.39999389648438,140.35000610351562,140.35000610351562,140.35000610351562,3011
2024-04-12 11:35:00-04:00,140.30149841308594,140.4499969482422,140.3000030517578,140.3249969482422,140.3249969482422,7767
2024-04-12 11:36:00-04:00,140.3800048828125,140.38999938964844,140.27999877929688,140.33999633789062,140.33999633789062,3548
2024-04-12 11:37:00-04:00,140.35499572753906,140.61000061035156,140.32000732421875,140.5050048828125,140.5050048828125,8376
2024-04-12 11:38:00-04:00,140.5050048828125,140.5800018310547,140.5050048828125,140.57000732421875,140.57000732421875,1867
2024-04-12 11:39:00-04:00,140.6300048828125,140.7100067138672,140.58999633789062,140.6199951171875,140.6199951171875,3591
2024-04-12 11:40:00-04:00,140.61500549316406,140.63499450683594,140.5399932861328,140.6199951171875,140.6199951171875,4495
2024-04-12 11:41:00-04:00,140.5800018310547,140.63999938964844,140.5399932861328,140.57000732421875,140.57000732421875,10540
2024-04-12 11:42:00-04:00,140.57000732421875,140.58999633789062,140.3699951171875,140.3699951171875,140.3699951171875,13217
2024-04-12 11:43:00-04:00,140.35000610351562,140.35000610351562,140.19000244140625,140.19000244140625,140.19000244140625,5474
2024-04-12 11:44:00-04:00,140.19000244140625,140.3000030517578,140.1300048828125,140.27999877929688,140.27999877929688,3544
2024-04-12 11:45:00-04:00,140.32000732421875,140.35000610351562,140.30999755859375,140.34500122070312,140.34500122070312,2447
2024-04-12 11:46:00-04:00,140.3000030517578,140.3887939453125,140.3000030517578,140.34500122070312,140.34500122070312,1191
2024-04-12 11:47:00-04:00,140.38999938964844,140.4499969482422,140.38999938964844,140.44500732421875,140.44500732421875,2549
2024-04-12 11:48:00-04:00,140.49000549316406,140.61000061035156,140.49000549316406,140.61000061035156,140.61000061035156,2121
2024-04-12 11:49:00-04:00,140.61000061035156,140.6300048828125,140.5800018310547,140.5800018310547,140.5800018310547,1434
2024-04-12 11:50:00-04:00,140.57000732421875,140.60499572753906,140.55999755859375,140.55999755859375,140.55999755859375,1303
2024-04-12 11:51:00-04:00,140.51499938964844,140.5449981689453,140.49000549316406,140.5399932861328,140.5399932861328,1117
2024-04-12 11:52:00-04:00,140.49000549316406,140.52499389648438,140.44000244140625,140.51600646972656,140.51600646972656,1835
2024-04-12 11:53:00-04:00,140.5050048828125,140.63999938964844,140.42999267578125,140.63999938964844,140.63999938964844,5210
2024-04-12 11:54:00-04:00,140.74000549316406,140.8000030517578,140.60000610351562,140.72999572753906,140.72999572753906,3991
2024-04-12 11:55:00-04:00,140.66000366210938,140.66000366210938,140.5399932861328,140.57000732421875,140.57000732421875,2186
2024-04-12 11:56:00-04:00,140.60000610351562,140.60000610351562,140.4499969482422,140.4499969482422,140.4499969482422,1488
2024-04-12 11:57:00-04:00,140.4199981689453,140.4459991455078,140.37010192871094,140.38999938964844,140.38999938964844,1353
2024-04-12 11:58:00-04:00,140.4600067138672,140.4600067138672,140.4600067138672,140.4600067138672,140.4600067138672,292
2024-04-12 11:59:00-04:00,140.41600036621094,140.49989318847656,140.36000061035156,140.4199981689453,140.4199981689453,2091
2024-04-12 12:00:00-04:00,140.49000549316406,140.60000610351562,140.49000549316406,140.52999877929688,140.52999877929688,3738
2024-04-12 12:01:00-04:00,140.58999633789062,140.60000610351562,140.58999633789062,140.60000610351562,140.60000610351562,1798
2024-04-12 12:02:00-04:00,140.60000610351562,140.60000610351562,140.44000244140625,140.4600067138672,140.4600067138672,1419
2024-04-12 12:03:00-04:00,140.4709014892578,140.4709014892578,140.46499633789062,140.46499633789062,140.46499633789062,1751
2024-04-12 12:04:00-04:00,140.4600067138672,140.4600067138672,140.3800048828125,140.38499450683594,140.38499450683594,2494
2024-04-12 12:05:00-04:00,140.38499450683594,140.44000244140625,140.38499450683594,140.44000244140625,140.44000244140625,694
2024-04-12 12:06:00-04:00,140.47999572753906,140.52999877929688,140.4499969482422,140.50999450683594,140.50999450683594,1690
2024-04-12 12:07:00-04:00,140.46499633789062,140.4949951171875,140.38999938964844,140.38999938964844,140.38999938964844,1617
2024-04-12 12:08:00-04:00,140.35960388183594,140.375,140.35960388183594,140.37420654296875,140.37420654296875,510
2024-04-12 12:09:00-04:00,140.4199981689453,140.4199981689453,140.33999633789062,140.4199981689453,140.4199981689453,1040
2024-04-12 12:10:00-04:00,140.4199981689453,140.4499969482422,140.4199981689453,140.42999267578125,140.42999267578125,1741
2024-04-12 12:11:00-04:00,140.47999572753906,140.47999572753906,140.44000244140625,140.44000244140625,140.44000244140625,1216
2024-04-12 12:12:00-04:00,140.50999450683594,140.6999969482422,140.5,140.63999938964844,140.63999938964844,3803
2024-04-12 12:13:00-04:00,140.6649932861328,140.6649932861328,140.5800018310547,140.60000610351562,140.60000610351562,1249
2024-04-12 12:14:00-04:00,140.60000610351562,140.66000366210938,140.54010009765625,140.54010009765625,140.54010009765625,1467
2024-04-12 12:15:00-04:00,140.60499572753906,140.65989685058594,140.5399932861328,140.5399932861328,140.5399932861328,3431
2024-04-12 12:16:00-04:00,140.5399932861328,140.5399932861328,140.4499969482422,140.4499969482422,140.4499969482422,2124
2024-04-12 12:17:00-04:00,140.3800048828125,140.3800048828125,140.13999938964844,140.13999938964844,140.13999938964844,2020
2024-04-12 12:18:00-04:00,140.14999389648438,140.1999969482422,140.0800018310547,140.13999938964844,140.13999938964844,3363
2024-04-12 12:19:00-04:00,140.1300048828125,140.1300048828125,139.99000549316406,140.00070190429688,140.00070190429688,2490
2024-04-12 12:20:00-04:00,140.0500030517578,140.0500030517578,140.0,140.0,140.0,687
2024-04-12 12:21:00-04:00,140.10499572753906,140.22999572753906,140.10499572753906,140.22999572753906,140.22999572753906,2238
2024-04-12 12:22:00-04:00,140.2100067138672,140.22000122070312,140.16000366210938,140.22000122070312,140.22000122070312,1523
2024-04-12 12:23:00-04:00,140.14999389648438,140.14999389648438,140.08999633789062,140.08999633789062,140.08999633789062,1397
2024-04-12 12:24:00-04:00,140.07000732421875,140.08999633789062,140.07000732421875,140.08999633789062,140.08999633789062,417
2024-04-12 12:25:00-04:00,140.08999633789062,140.10499572753906,140.02000427246094,140.02000427246094,140.02000427246094,1404
2024-04-12 12:26:00-04:00,140.0399932861328,140.07000732421875,139.9600067138672,139.9600067138672,139.9600067138672,1846
2024-04-12 12:27:00-04:00,139.94000244140625,139.9949951171875,139.94000244140625,139.94500732421875,139.94500732421875,1504
2024-04-12 12:28:00-04:00,139.93499755859375,139.9499969482422,139.9199981689453,139.9199981689453,139.9199981689453,1552
2024-04-12 12:29:00-04:00,139.8699951171875,139.8699951171875,139.74000549316406,139.74000549316406,139.74000549316406,2443
2024-04-12 12:30:00-04:00,139.77999877929688,139.77999877929688,139.77999877929688,139.77999877929688,139.77999877929688,437
2024-04-12 12:31:00-04:00,139.7449951171875,139.7550048828125,139.6999969482422,139.72999572753906,139.72999572753906,2823
2024-04-12 12:32:00-04:00,139.72999572753906,139.73500061035156,139.63999938964844,139.73500061035156,139.73500061035156,1676
2024-04-12 12:33:00-04:00,139.6199951171875,139.6750030517578,139.60009765625,139.6750030517578,139.6750030517578,876
2024-04-12 12:34:00-04:00,139.69000244140625,139.6999969482422,139.67999267578125,139.67999267578125,139.67999267578125,885
2024-04-12 12:35:00-04:00,139.6699981689453,139.6999969482422,139.60000610351562,139.60499572753906,139.60499572753906,2375
2024-04-12 12:36:00-04:00,139.5749969482422,139.61000061035156,139.5601043701172,139.5601043701172,139.5601043701172,1595
2024-04-12 12:37:00-04:00,139.5800018310547,139.5850067138672,139.53500366210938,139.5850067138672,139.5850067138672,880
2024-04-12 12:38:00-04:00,139.5399932861328,139.6699981689453,139.5,139.6699981689453,139.6699981689453,7575
2024-04-12 12:39:00-04:00,139.6699981689453,139.7100067138672,139.6300048828125,139.6569061279297,139.6569061279297,1944
2024-04-12 12:40:00-04:00,139.69000244140625,139.75,139.67999267578125,139.67999267578125,139.67999267578125,1373
2024-04-12 12:41:00-04:00,139.58999633789062,139.63499450683594,139.57000732421875,139.57000732421875,139.57000732421875,1306
2024-04-12 12:42:00-04:00,139.5399932861328,139.58700561523438,139.46009826660156,139.46009826660156,139.46009826660156,1394
2024-04-12 12:43:00-04:00,139.53500366210938,139.55999755859375,139.49339294433594,139.5207977294922,139.5207977294922,2105
2024-04-12 12:44:00-04:00,139.5989990234375,139.5989990234375,139.5399932861328,139.56500244140625,139.56500244140625,1024
2024-04-12 12:45:00-04:00,139.52999877929688,139.60000610351562,139.52999877929688,139.57000732421875,139.57000732421875,1962
2024-04-12 12:46:00-04:00,139.61000061035156,139.6199951171875,139.5500946044922,139.61500549316406,139.61500549316406,2556
2024-04-12 12:47:00-04:00,139.52999877929688,139.5800018310547,139.27000427246094,139.27000427246094,139.27000427246094,18892
2024-04-12 12:48:00-04:00,139.32249450683594,139.3800048828125,139.1199951171875,139.1199951171875,139.1199951171875,8303
2024-04-12 12:49:00-04:00,139.1999969482422,139.1999969482422,139.05999755859375,139.05999755859375,139.05999755859375,1700
2024-04-12 12:50:00-04:00,139.10000610351562,139.46499633789062,139.10000610351562,139.46499633789062,139.46499633789062,5055
2024-04-12 12:51:00-04:00,139.38510131835938,139.4199981689453,139.38510131835938,139.4199981689453,139.4199981689453,1140
2024-04-12 12:52:00-04:00,139.49000549316406,139.49000549316406,139.42469787597656,139.44000244140625,139.44000244140625,2517
2024-04-12 12:53:00-04:00,139.4250030517578,139.4250030517578,139.3699951171875,139.4199981689453,139.4199981689453,2281
2024-04-12 12:54:00-04:00,139.4199981689453,139.4499969482422,139.36000061035156,139.4199981689453,139.4199981689453,6516
2024-04-12 12:55:00-04:00,139.47000122070312,139.5850067138672,139.47000122070312,139.52000427246094,139.52000427246094,1528
2024-04-12 12:56:00-04:00,139.5800018310547,139.5800018310547,139.57000732421875,139.57000732421875,139.57000732421875,574
2024-04-12 12:57:00-04:00,139.5449981689453,139.5500030517578,139.48500061035156,139.52999877929688,139.52999877929688,1201
2024-04-12 12:58:00-04:00,139.4199981689453,139.44000244140625,139.4199981689453,139.44000244140625,139.44000244140625,1076
2024-04-12 12:59:00-04:00,139.44000244140625,139.44000244140625,139.39999389648438,139.39999389648438,139.39999389648438,3209
2024-04-12 13:00:00-04:00,139.36000061035156,139.41000366210938,139.36000061035156,139.41000366210938,139.41000366210938,922
2024-04-12 13:01:00-04:00,139.47000122070312,139.47999572753906,139.4250030517578,139.4250030517578,139.4250030517578,1830
2024-04-12 13:02:00-04:00,139.36000061035156,139.36000061035156,139.27000427246094,139.27000427246094,139.27000427246094,1536
2024-04-12 13:03:00-04:00,139.2100067138672,139.2100067138672,139.125,139.14500427246094,139.14500427246094,4376
2024-04-12 13:04:00-04:00,139.14500427246094,139.14500427246094,139.02999877929688,139.02999877929688,139.02999877929688,880
2024-04-12 13:05:00-04:00,139.05999755859375,139.05999755859375,138.99000549316406,138.99000549316406,138.99000549316406,2703
2024-04-12 13:06:00-04:00,138.9499969482422,139.05999755859375,138.9499969482422,139.02000427246094,139.02000427246094,5028
2024-04-12 13:07:00-04:00,138.9499969482422,138.9499969482422,138.83779907226562,138.8800048828125,138.8800048828125,3363
2024-04-12 13:08:00-04:00,138.8350067138672,138.85499572753906,138.7449951171875,138.85499572753906,138.85499572753906,1123
2024-04-12 13:09:00-04:00,138.89999389648438,138.92999267578125,138.85000610351562,138.85499572753906,138.85499572753906,1990
2024-04-12 13:10:00-04:00,138.88999938964844,139.0050048828125,138.88999938964844,139.0050048828125,139.0050048828125,4049
2024-04-12 13:11:00-04:00,139.00999450683594,139.0399932861328,138.94000244140625,138.94000244140625,138.94000244140625,2733
2024-04-12 13:12:00-04:00,138.89999389648438,138.9600067138672,138.89999389648438,138.9499969482422,138.9499969482422,1596
2024-04-12 13:13:00-04:00,138.9600067138672,138.9600067138672,138.91000366210938,138.91000366210938,138.91000366210938,1357
2024-04-12 13:14:00-04:00,138.97000122070312,139.0500030517578,138.9499969482422,139.00999450683594,139.00999450683594,3860
2024-04-12 13:15:00-04:00,139.00999450683594,139.08999633789062,139.00999450683594,139.02999877929688,139.02999877929688,2028
2024-04-12 13:16:00-04:00,139.02000427246094,139.03500366210938,139.02000427246094,139.03500366210938,139.03500366210938,438
2024-04-12 13:17:00-04:00,139.03500366210938,139.14999389648438,139.03500366210938,139.11000061035156,139.11000061035156,5099
2024-04-12 13:18:00-04:00,139.1300048828125,139.1699981689453,139.1300048828125,139.1699981689453,139.1699981689453,796
2024-04-12 13:19:00-04:00,139.23500061035156,139.23500061035156,139.11000061035156,139.11000061035156,139.11000061035156,2420
2024-04-12 13:20:00-04:00,139.0800018310547,139.114501953125,139.03500366210938,139.0482940673828,139.0482940673828,1811
2024-04-12 13:21:00-04:00,138.97000122070312,139.00999450683594,138.9550018310547,138.9600067138672,138.9600067138672,2389
2024-04-12 13:22:00-04:00,138.9199981689453,138.9199981689453,138.83999633789062,138.88999938964844,138.88999938964844,3635
2024-04-12 13:23:00-04:00,138.89999389648438,138.9250030517578,138.85000610351562,138.9250030517578,138.9250030517578,6104
2024-04-12 13:24:00-04:00,138.88999938964844,138.88999938964844,138.72030639648438,138.77000427246094,138.77000427246094,4973
2024-04-12 13:25:00-04:00,138.83990478515625,138.83990478515625,138.74000549316406,138.82749938964844,138.82749938964844,1567
2024-04-12 13:26:00-04:00,138.8000030517578,138.8000030517578,138.6699981689453,138.72999572753906,138.72999572753906,3328
2024-04-12 13:27:00-04:00,138.64999389648438,138.6699981689453,138.6300048828125,138.66600036621094,138.66600036621094,1697
2024-04-12 13:29:00-04:00,138.4600067138672,138.5800018310547,138.4600067138672,138.56500244140625,138.56500244140625,3551
2024-04-12 13:30:00-04:00,138.58999633789062,138.63999938964844,138.5800018310547,138.6199951171875,138.6199951171875,3173
2024-04-12 13:31:00-04:00,138.6199951171875,138.6199951171875,138.55999755859375,138.55999755859375,138.55999755859375,1627
2024-04-12 13:32:00-04:00,138.55999755859375,138.55999755859375,138.5,138.5,138.5,1985
2024-04-12 13:33:00-04:00,138.4499969482422,138.48500061035156,138.44000244140625,138.48500061035156,138.48500061035156,908
2024-04-12 13:34:00-04:00,138.44000244140625,138.44000244140625,138.33999633789062,138.39500427246094,138.39500427246094,3739
2024-04-12 13:35:00-04:00,138.4499969482422,138.49899291992188,138.40499877929688,138.46249389648438,138.46249389648438,3741
2024-04-12 13:36:00-04:00,138.4720001220703,138.52999877929688,138.4600067138672,138.4600067138672,138.4600067138672,4536
2024-04-12 13:37:00-04:00,138.42999267578125,138.48899841308594,138.41000366210938,138.44500732421875,138.44500732421875,3243
2024-04-12 13:38:00-04:00,138.42999267578125,138.44200134277344,138.42999267578125,138.44200134277344,138.44200134277344,1199
2024-04-12 13:39:00-04:00,138.42999267578125,138.50999450683594,138.41000366210938,138.4600067138672,138.4600067138672,4640
2024-04-12 13:40:00-04:00,138.4600067138672,138.63999938964844,138.4600067138672,138.63999938964844,138.63999938964844,4531
2024-04-12 13:41:00-04:00,138.60499572753906,138.60499572753906,138.60499572753906,138.60499572753906,138.60499572753906,582
2024-04-12 13:42:00-04:00,138.5800018310547,138.77999877929688,138.5800018310547,138.77499389648438,138.77499389648438,5740
2024-04-12 13:43:00-04:00,138.72999572753906,138.91000366210938,138.72999572753906,138.91000366210938,138.91000366210938,13060
2024-04-12 13:44:00-04:00,138.80999755859375,138.85499572753906,138.66000366210938,138.69000244140625,138.69000244140625,3859
2024-04-12 13:45:00-04:00,138.6199951171875,138.6479949951172,138.55499267578125,138.6199951171875,138.6199951171875,1236
2024-04-12 13:46:00-04:00,138.67869567871094,138.67869567871094,138.52000427246094,138.6199951171875,138.6199951171875,2436
2024-04-12 13:47:00-04:00,138.61000061035156,138.7100067138672,138.61000061035156,138.69500732421875,138.69500732421875,3067
2024-04-12 13:48:00-04:00,138.68499755859375,138.72999572753906,138.64700317382812,138.72999572753906,138.72999572753906,1765
2024-04-12 13:49:00-04:00,138.65499877929688,138.72999572753906,138.6300048828125,138.6300048828125,138.6300048828125,2136
2024-04-12 13:50:00-04:00,138.6027069091797,138.6699981689453,138.6027069091797,138.6699981689453,138.6699981689453,928
2024-04-12 13:51:00-04:00,138.6199951171875,138.6199951171875,138.52000427246094,138.52000427246094,138.52000427246094,2440
2024-04-12 13:52:00-04:00,138.5,138.5500030517578,138.42999267578125,138.42999267578125,138.42999267578125,2620
2024-04-12 13:53:00-04:00,138.4149932861328,138.52000427246094,138.41000366210938,138.4499969482422,138.4499969482422,2777
2024-04-12 13:54:00-04:00,138.42999267578125,138.4499969482422,138.36000061035156,138.41000366210938,138.41000366210938,2522
2024-04-12 13:55:00-04:00,138.3699951171875,138.4499969482422,138.35000610351562,138.4199981689453,138.4199981689453,2059
2024-04-12 13:56:00-04:00,138.43600463867188,138.5399932861328,138.3800048828125,138.5399932861328,138.5399932861328,2907
2024-04-12 13:57:00-04:00,138.60000610351562,138.6300048828125,138.57000732421875,138.58999633789062,138.58999633789062,3736
2024-04-12 13:58:00-04:00,138.55999755859375,138.61000061035156,138.50999450683594,138.61000061035156,138.61000061035156,4583
2024-04-12 13:59:00-04:00,138.60499572753906,138.60499572753906,138.57000732421875,138.60499572753906,138.60499572753906,1050
2024-04-12 14:00:00-04:00,138.60000610351562,138.67999267578125,138.57000732421875,138.63499450683594,138.63499450683594,4964
2024-04-12 14:01:00-04:00,138.6300048828125,138.6300048828125,138.42999267578125,138.42999267578125,138.42999267578125,3661
2024-04-12 14:02:00-04:00,138.39999389648438,138.43600463867188,138.34010314941406,138.39500427246094,138.39500427246094,1175
2024-04-12 14:03:00-04:00,138.39999389648438,138.44000244140625,138.3300018310547,138.44000244140625,138.44000244140625,3764
2024-04-12 14:04:00-04:00,138.3800048828125,138.61000061035156,138.3800048828125,138.61000061035156,138.61000061035156,2363
2024-04-12 14:05:00-04:00,138.58999633789062,138.7949981689453,138.58999633789062,138.7949981689453,138.7949981689453,2531
2024-04-12 14:06:00-04:00,138.75,138.8699951171875,138.75,138.77000427246094,138.77000427246094,4924
2024-04-12 14:07:00-04:00,138.77000427246094,138.91000366210938,138.75,138.86000061035156,138.86000061035156,2473
2024-04-12 14:08:00-04:00,138.92999267578125,139.13999938964844,138.89999389648438,139.13499450683594,139.13499450683594,3758
2024-04-12 14:09:00-04:00,139.08999633789062,139.08999633789062,138.92999267578125,138.99000549316406,138.99000549316406,3710
2024-04-12 14:10:00-04:00,138.97000122070312,138.97000122070312,138.75999450683594,138.76499938964844,138.76499938964844,2099
2024-04-12 14:11:00-04:00,138.77499389648438,138.8800048828125,138.77499389648438,138.86000061035156,138.86000061035156,2994
2024-04-12 14:12:00-04:00,138.86000061035156,138.8800048828125,138.82000732421875,138.82000732421875,138.82000732421875,2759
2024-04-12 14:13:00-04:00,138.8300018310547,138.88999938964844,138.8000030517578,138.8350067138672,138.8350067138672,4485
2024-04-12 14:14:00-04:00,138.83999633789062,138.8800048828125,138.75999450683594,138.75999450683594,138.75999450683594,3137
2024-04-12 14:15:00-04:00,138.71499633789062,138.71499633789062,138.71499633789062,138.71499633789062,138.71499633789062,261
2024-04-12 14:16:00-04:00,138.72000122070312,138.86000061035156,138.72000122070312,138.82000732421875,138.82000732421875,1989
2024-04-12 14:17:00-04:00,138.81500244140625,138.8300018310547,138.81500244140625,138.8300018310547,138.8300018310547,649
2024-04-12 14:18:00-04:00,138.8000030517578,138.8000030517578,138.6999969482422,138.6999969482422,138.6999969482422,2231
2024-04-12 14:19:00-04:00,138.6999969482422,138.6999969482422,138.60000610351562,138.64999389648438,138.64999389648438,1840
2024-04-12 14:20:00-04:00,138.61500549316406,138.64500427246094,138.4499969482422,138.4550018310547,138.4550018310547,4543
2024-04-12 14:21:00-04:00,138.46499633789062,138.46499633789062,138.38999938964844,138.41000366210938,138.41000366210938,6397
2024-04-12 14:22:00-04:00,138.42999267578125,138.55999755859375,138.4250030517578,138.50999450683594,138.50999450683594,13207
2024-04-12 14:23:00-04:00,138.50999450683594,138.50999450683594,138.44000244140625,138.44000244140625,138.44000244140625,3105
2024-04-12 14:24:00-04:00,138.4199981689453,138.45750427246094,138.33999633789062,138.4250030517578,138.4250030517578,5018
2024-04-12 14:25:00-04:00,138.39999389648438,138.47000122070312,138.3699951171875,138.3699951171875,138.3699951171875,4648
2024-04-12 14:26:00-04:00,138.3800048828125,138.5,138.36000061035156,138.5,138.5,4575
2024-04-12 14:27:00-04:00,138.52000427246094,138.52000427246094,138.4949951171875,138.4949951171875,138.4949951171875,1332
2024-04-12 14:28:00-04:00,138.38999938964844,138.41000366210938,138.38999938964844,138.41000366210938,138.41000366210938,672
2024-04-12 14:29:00-04:00,138.36500549316406,138.4550018310547,138.36500549316406,138.4550018310547,138.4550018310547,1255
2024-04-12 14:30:00-04:00,138.4600067138672,138.4600067138672,138.32000732421875,138.32000732421875,138.32000732421875,2377
2024-04-12 14:31:00-04:00,138.3000030517578,138.32000732421875,138.2100067138672,138.25999450683594,138.25999450683594,4337
2024-04-12 14:32:00-04:00,138.3000030517578,138.32000732421875,138.19000244140625,138.19000244140625,138.19000244140625,1962
2024-04-12 14:33:00-04:00,138.19000244140625,138.19000244140625,138.16000366210938,138.16000366210938,138.16000366210938,1291
2024-04-12 14:34:00-04:00,138.14500427246094,138.2899932861328,138.13009643554688,138.2899932861328,138.2899932861328,3209
2024-04-12 14:35:00-04:00,138.24000549316406,138.50799560546875,138.24000549316406,138.4600067138672,138.4600067138672,9105
2024-04-12 14:36:00-04:00,138.4600067138672,138.47999572753906,138.4199981689453,138.46499633789062,138.46499633789062,2936
2024-04-12 14:37:00-04:00,138.39999389648438,138.4600067138672,138.33999633789062,138.33999633789062,138.33999633789062,3522
2024-04-12 14:38:00-04:00,138.33999633789062,138.3699951171875,138.27999877929688,138.33999633789062,138.33999633789062,2665
2024-04-12 14:39:00-04:00,138.31500244140625,138.31500244140625,138.3000030517578,138.30999755859375,138.30999755859375,955
2024-04-12 14:40:00-04:00,138.30499267578125,138.3300018310547,138.27000427246094,138.27000427246094,138.27000427246094,2628
2024-04-12 14:41:00-04:00,138.32000732421875,138.42999267578125,138.3000030517578,138.42999267578125,138.42999267578125,2934
2024-04-12 14:42:00-04:00,138.41000366210938,138.5399932861328,138.41000366210938,138.47000122070312,138.47000122070312,3534
2024-04-12 14:43:00-04:00,138.4199981689453,138.44000244140625,138.4199981689453,138.4199981689453,138.4199981689453,1050
2024-04-12 14:44:00-04:00,138.3800048828125,138.3800048828125,138.35000610351562,138.35499572753906,138.35499572753906,774
2024-04-12 14:45:00-04:00,138.35499572753906,138.7100067138672,138.35499572753906,138.61000061035156,138.61000061035156,9993
2024-04-12 14:46:00-04:00,138.55499267578125,138.61000061035156,138.55499267578125,138.61000061035156,138.61000061035156,1939
2024-04-12 14:47:00-04:00,138.60000610351562,138.60000610351562,138.5500030517578,138.5500030517578,138.5500030517578,1808
2024-04-12 14:48:00-04:00,138.51499938964844,138.5800018310547,138.49000549316406,138.5800018310547,138.5800018310547,1798
2024-04-12 14:49:00-04:00,138.5850067138672,138.60000610351562,138.52999877929688,138.58999633789062,138.58999633789062,1286
2024-04-12 14:50:00-04:00,138.55499267578125,138.6999969482422,138.5207061767578,138.6999969482422,138.6999969482422,1908
2024-04-12 14:51:00-04:00,138.6750030517578,138.68499755859375,138.63999938964844,138.66000366210938,138.66000366210938,2169
2024-04-12 14:52:00-04:00,138.6649932861328,138.6999969482422,138.64999389648438,138.6999969482422,138.6999969482422,1148
2024-04-12 14:53:00-04:00,138.7100067138672,138.74000549316406,138.61000061035156,138.61000061035156,138.61000061035156,2103
2024-04-12 14:54:00-04:00,138.64999389648438,138.64999389648438,138.3509979248047,138.3509979248047,138.3509979248047,8420
2024-04-12 14:55:00-04:00,138.36000061035156,138.39999389648438,138.32000732421875,138.38999938964844,138.38999938964844,1558
2024-04-12 14:56:00-04:00,138.4199981689453,138.4499969482422,138.4199981689453,138.4199981689453,138.4199981689453,1927
2024-04-12 14:57:00-04:00,138.4250030517578,138.47000122070312,138.39999389648438,138.4199981689453,138.4199981689453,3159
2024-04-12 14:58:00-04:00,138.41000366210938,138.41000366210938,138.3000030517578,138.3000030517578,138.3000030517578,2512
2024-04-12 14:59:00-04:00,138.30499267578125,138.30999755859375,138.27000427246094,138.27000427246094,138.27000427246094,1139
2024-04-12 15:00:00-04:00,138.25,138.25,138.16700744628906,138.22999572753906,138.22999572753906,2062
2024-04-12 15:01:00-04:00,138.22500610351562,138.22999572753906,138.19500732421875,138.19500732421875,138.19500732421875,937
2024-04-12 15:02:00-04:00,138.19500732421875,138.38999938964844,138.19500732421875,138.38999938964844,138.38999938964844,4851
2024-04-12 15:03:00-04:00,138.40499877929688,138.40499877929688,138.34500122070312,138.35000610351562,138.35000610351562,1557
2024-04-12 15:04:00-04:00,138.3800048828125,138.39999389648438,138.34500122070312,138.34500122070312,138.34500122070312,3605
2024-04-12 15:05:00-04:00,138.34500122070312,138.34500122070312,138.28500366210938,138.28500366210938,138.28500366210938,1175
2024-04-12 15:06:00-04:00,138.28500366210938,138.39999389648438,138.28500366210938,138.33999633789062,138.33999633789062,4472
2024-04-12 15:07:00-04:00,138.30999755859375,138.33999633789062,138.30999755859375,138.30999755859375,138.30999755859375,1419
2024-04-12 15:08:00-04:00,138.2899932861328,138.2899932861328,138.23500061035156,138.23500061035156,138.23500061035156,1948
2024-04-12 15:09:00-04:00,138.1999969482422,138.25,138.19500732421875,138.24000549316406,138.24000549316406,2956
2024-04-12 15:10:00-04:00,138.27000427246094,138.3000030517578,138.22999572753906,138.22999572753906,138.22999572753906,3533
2024-04-12 15:11:00-04:00,138.24000549316406,138.49000549316406,138.24000549316406,138.4499969482422,138.4499969482422,5490
2024-04-12 15:12:00-04:00,138.47000122070312,138.5,138.44000244140625,138.47000122070312,138.47000122070312,2039
2024-04-12 15:13:00-04:00,138.42999267578125,138.42999267578125,138.2949981689453,138.32000732421875,138.32000732421875,3779
2024-04-12 15:14:00-04:00,138.27999877929688,138.35000610351562,138.27999877929688,138.3220977783203,138.3220977783203,2838
2024-04-12 15:15:00-04:00,138.2899932861328,138.2899932861328,138.22999572753906,138.25900268554688,138.25900268554688,2741
2024-04-12 15:16:00-04:00,138.25999450683594,138.2657928466797,138.22000122070312,138.25,138.25,2446
2024-04-12 15:17:00-04:00,138.25999450683594,138.3300018310547,138.18499755859375,138.18499755859375,138.18499755859375,6332
2024-04-12 15:18:00-04:00,138.22999572753906,138.3000030517578,138.22999572753906,138.3000030517578,138.3000030517578,1366
2024-04-12 15:19:00-04:00,138.30999755859375,138.44630432128906,138.3074951171875,138.4199981689453,138.4199981689453,6191
2024-04-12 15:20:00-04:00,138.41000366210938,138.50999450683594,138.3699951171875,138.47999572753906,138.47999572753906,24202
2024-04-12 15:21:00-04:00,138.47500610351562,138.47500610351562,138.27000427246094,138.36000061035156,138.36000061035156,8502
2024-04-12 15:22:00-04:00,138.40499877929688,138.5,138.38999938964844,138.5,138.5,5636
2024-04-12 15:23:00-04:00,138.52000427246094,138.639892578125,138.52000427246094,138.639892578125,138.639892578125,4116
2024-04-12 15:24:00-04:00,138.60000610351562,138.70899963378906,138.5749969482422,138.5749969482422,138.5749969482422,5912
2024-04-12 15:25:00-04:00,138.57000732421875,138.6750030517578,138.57000732421875,138.63999938964844,138.63999938964844,2094
2024-04-12 15:26:00-04:00,138.63499450683594,138.64500427246094,138.57000732421875,138.6300048828125,138.6300048828125,5421
2024-04-12 15:27:00-04:00,138.6300048828125,138.63499450683594,138.5500030517578,138.57000732421875,138.57000732421875,4259
2024-04-12 15:28:00-04:00,138.52999877929688,138.61500549316406,138.47000122070312,138.49000549316406,138.49000549316406,4765
2024-04-12 15:29:00-04:00,138.4600067138672,138.47000122070312,138.4199981689453,138.4375,138.4375,2397
2024-04-12 15:30:00-04:00,138.44900512695312,138.5,138.4199981689453,138.42999267578125,138.42999267578125,9905
2024-04-12 15:31:00-04:00,138.44000244140625,138.5399932861328,138.44000244140625,138.50999450683594,138.50999450683594,5221
2024-04-12 15:32:00-04:00,138.5399932861328,138.61900329589844,138.5,138.55999755859375,138.55999755859375,6019
2024-04-12 15:33:00-04:00,138.57899475097656,138.58999633789062,138.5,138.51499938964844,138.51499938964844,5216
2024-04-12 15:34:00-04:00,138.50999450683594,138.58999633789062,138.50999450683594,138.55999755859375,138.55999755859375,4179
2024-04-12 15:35:00-04:00,138.5500030517578,138.5500030517578,138.40499877929688,138.47000122070312,138.47000122070312,30297
2024-04-12 15:36:00-04:00,138.4600067138672,138.48899841308594,138.44000244140625,138.4600067138672,138.4600067138672,3852
2024-04-12 15:37:00-04:00,138.4499969482422,138.5,138.26499938964844,138.26499938964844,138.26499938964844,8232
2024-04-12 15:38:00-04:00,138.23500061035156,138.23500061035156,138.125,138.1300048828125,138.1300048828125,4246
2024-04-12 15:39:00-04:00,138.13999938964844,138.17999267578125,138.1300048828125,138.14999389648438,138.14999389648438,5404
2024-04-12 15:40:00-04:00,138.13499450683594,138.22999572753906,138.1199951171875,138.22999572753906,138.22999572753906,8062
2024-04-12 15:41:00-04:00,138.22500610351562,138.39999389648438,138.22500610351562,138.39999389648438,138.39999389648438,8343
2024-04-12 15:42:00-04:00,138.42999267578125,138.44000244140625,138.36000061035156,138.44000244140625,138.44000244140625,3938
2024-04-12 15:43:00-04:00,138.47500610351562,138.6199951171875,138.47000122070312,138.6199951171875,138.6199951171875,16412
2024-04-12 15:44:00-04:00,138.6300048828125,138.77999877929688,138.6199951171875,138.67999267578125,138.67999267578125,9852
2024-04-12 15:45:00-04:00,138.67999267578125,138.72999572753906,138.61000061035156,138.67999267578125,138.67999267578125,9476
2024-04-12 15:46:00-04:00,138.68499755859375,138.72999572753906,138.57000732421875,138.6300048828125,138.6300048828125,13841
2024-04-12 15:47:00-04:00,138.63499450683594,138.64999389648438,138.41000366210938,138.41000366210938,138.41000366210938,9494
2024-04-12 15:48:00-04:00,138.4199981689453,138.52999877929688,138.4199981689453,138.51499938964844,138.51499938964844,10151
2024-04-12 15:49:00-04:00,138.51499938964844,138.60000610351562,138.47000122070312,138.60000610351562,138.60000610351562,11213
2024-04-12 15:50:00-04:00,138.6199951171875,138.6300048828125,138.49000549316406,138.52000427246094,138.52000427246094,36776
2024-04-12 15:51:00-04:00,138.49000549316406,138.61000061035156,138.44000244140625,138.5500030517578,138.5500030517578,18044
2024-04-12 15:52:00-04:00,138.51499938964844,138.55999755859375,138.48500061035156,138.5500030517578,138.5500030517578,17269
2024-04-12 15:53:00-04:00,138.5399932861328,138.5399932861328,138.38999938964844,138.47999572753906,138.47999572753906,18231
2024-04-12 15:54:00-04:00,138.49000549316406,138.61500549316406,138.48500061035156,138.61000061035156,138.61000061035156,25959
2024-04-12 15:55:00-04:00,138.60499572753906,138.9199981689453,138.60499572753906,138.81500244140625,138.81500244140625,32032
2024-04-12 15:56:00-04:00,138.82000732421875,138.99000549316406,138.67999267578125,138.97999572753906,138.97999572753906,41378
2024-04-12 15:57:00-04:00,138.97999572753906,139.05999755859375,138.9250030517578,138.99000549316406,138.99000549316406,34335
2024-04-12 15:58:00-04:00,139.00999450683594,139.02999877929688,138.83999633789062,138.86000061035156,138.86000061035156,36391
2024-04-12 15:59:00-04:00,138.86500549316406,138.92999267578125,138.73500061035156,138.82000732421875,138.82000732421875,79756
