Datetime,Open,High,Low,Close,Adj Close,Volume
2024-03-11 09:30:00-04:00,16.360000610351562,16.360000610351562,16.290000915527344,16.344999313354492,16.344999313354492,728784
2024-03-11 09:31:00-04:00,16.34000015258789,16.375,16.264999389648438,16.264999389648438,16.264999389648438,115043
2024-03-11 09:32:00-04:00,16.264999389648438,16.329999923706055,16.260000228881836,16.309999465942383,16.309999465942383,138329
2024-03-11 09:33:00-04:00,16.31999969482422,16.34000015258789,16.270000457763672,16.280000686645508,16.280000686645508,97097
2024-03-11 09:34:00-04:00,16.280000686645508,16.329999923706055,16.239999771118164,16.329999923706055,16.329999923706055,148905
2024-03-11 09:35:00-04:00,16.329999923706055,16.3799991607666,16.31999969482422,16.329700469970703,16.329700469970703,120557
2024-03-11 09:36:00-04:00,16.329999923706055,16.329999923706055,16.25,16.264999389648438,16.264999389648438,78260
2024-03-11 09:37:00-04:00,16.264999389648438,16.280000686645508,16.209999084472656,16.220699310302734,16.220699310302734,114436
2024-03-11 09:38:00-04:00,16.219999313354492,16.280000686645508,16.209999084472656,16.280000686645508,16.280000686645508,65770
2024-03-11 09:39:00-04:00,16.290000915527344,16.358200073242188,16.290000915527344,16.350000381469727,16.350000381469727,146798
2024-03-11 09:40:00-04:00,16.358999252319336,16.358999252319336,16.270000457763672,16.297800064086914,16.297800064086914,101444
2024-03-11 09:41:00-04:00,16.290000915527344,16.344999313354492,16.280000686645508,16.28499984741211,16.28499984741211,92245
2024-03-11 09:42:00-04:00,16.285999298095703,16.329999923706055,16.28499984741211,16.316099166870117,16.316099166870117,99382
2024-03-11 09:43:00-04:00,16.31999969482422,16.31999969482422,16.270000457763672,16.270000457763672,16.270000457763672,82980
2024-03-11 09:44:00-04:00,16.280000686645508,16.299999237060547,16.270099639892578,16.280000686645508,16.280000686645508,44074
2024-03-11 09:45:00-04:00,16.274999618530273,16.28499984741211,16.200000762939453,16.2189998626709,16.2189998626709,132850
2024-03-11 09:46:00-04:00,16.2189998626709,16.219999313354492,16.15999984741211,16.15999984741211,16.15999984741211,120910
2024-03-11 09:47:00-04:00,16.170000076293945,16.170000076293945,16.117900848388672,16.117900848388672,16.117900848388672,215054
2024-03-11 09:48:00-04:00,16.11910057067871,16.1200008392334,16.09000015258789,16.100799560546875,16.100799560546875,107370
2024-03-11 09:50:00-04:00,16.08989906311035,16.100000381469727,16.06999969482422,16.100000381469727,16.100000381469727,273931
2024-03-11 09:51:00-04:00,16.104999542236328,16.15999984741211,16.100000381469727,16.139999389648438,16.139999389648438,97790
2024-03-11 09:52:00-04:00,16.139999389648438,16.15999984741211,16.1299991607666,16.149999618530273,16.149999618530273,100108
2024-03-11 09:53:00-04:00,16.149999618530273,16.170000076293945,16.149999618530273,16.159900665283203,16.159900665283203,70940
2024-03-11 09:54:00-04:00,16.159900665283203,16.15999984741211,16.1299991607666,16.135000228881836,16.135000228881836,57864
2024-03-11 09:55:00-04:00,16.139999389648438,16.149999618530273,16.1200008392334,16.13990020751953,16.13990020751953,45311
2024-03-11 09:56:00-04:00,16.1299991607666,16.145000457763672,16.114999771118164,16.125699996948242,16.125699996948242,53018
2024-03-11 09:57:00-04:00,16.12660026550293,16.135000228881836,16.112499237060547,16.124000549316406,16.124000549316406,53593
2024-03-11 09:58:00-04:00,16.128299713134766,16.15999984741211,16.1200008392334,16.155000686645508,16.155000686645508,44244
2024-03-11 09:59:00-04:00,16.155000686645508,16.155000686645508,16.100099563598633,16.110000610351562,16.110000610351562,104523
2024-03-11 10:00:00-04:00,16.104999542236328,16.1200008392334,16.100000381469727,16.104999542236328,16.104999542236328,53304
2024-03-11 10:01:00-04:00,16.104999542236328,16.149999618530273,16.100000381469727,16.149999618530273,16.149999618530273,243262
2024-03-11 10:02:00-04:00,16.145000457763672,16.149999618530273,16.100000381469727,16.110000610351562,16.110000610351562,96609
2024-03-11 10:03:00-04:00,16.11050033569336,16.18000030517578,16.110000610351562,16.174999237060547,16.174999237060547,158712
2024-03-11 10:04:00-04:00,16.170000076293945,16.188800811767578,16.139999389648438,16.15999984741211,16.15999984741211,139716
2024-03-11 10:05:00-04:00,16.159299850463867,16.165000915527344,16.1299991607666,16.145000457763672,16.145000457763672,44886
2024-03-11 10:06:00-04:00,16.139999389648438,16.139999389648438,16.110000610351562,16.125,16.125,34618
2024-03-11 10:07:00-04:00,16.125999450683594,16.15999984741211,16.11989974975586,16.131500244140625,16.131500244140625,128081
2024-03-11 10:08:00-04:00,16.1299991607666,16.139999389648438,16.104999542236328,16.13330078125,16.13330078125,77410
2024-03-11 10:09:00-04:00,16.139999389648438,16.149999618530273,16.11400032043457,16.114999771118164,16.114999771118164,33479
2024-03-11 10:10:00-04:00,16.114999771118164,16.15999984741211,16.110000610351562,16.155000686645508,16.155000686645508,49331
2024-03-11 10:11:00-04:00,16.15999984741211,16.15999984741211,16.139999389648438,16.149900436401367,16.149900436401367,30704
2024-03-11 10:12:00-04:00,16.149799346923828,16.149999618530273,16.1200008392334,16.133800506591797,16.133800506591797,69357
2024-03-11 10:13:00-04:00,16.139999389648438,16.155000686645508,16.1299991607666,16.149999618530273,16.149999618530273,69337
2024-03-11 10:14:00-04:00,16.149999618530273,16.155000686645508,16.139999389648438,16.149999618530273,16.149999618530273,19504
2024-03-11 10:15:00-04:00,16.145000457763672,16.15999984741211,16.1299991607666,16.149999618530273,16.149999618530273,47730
2024-03-11 10:16:00-04:00,16.159900665283203,16.18000030517578,16.15220069885254,16.173999786376953,16.173999786376953,119789
2024-03-11 10:17:00-04:00,16.174999237060547,16.20989990234375,16.149999618530273,16.204999923706055,16.204999923706055,94926
2024-03-11 10:18:00-04:00,16.209400177001953,16.218000411987305,16.190000534057617,16.198200225830078,16.198200225830078,81178
2024-03-11 10:19:00-04:00,16.200000762939453,16.209999084472656,16.18000030517578,16.206899642944336,16.206899642944336,62758
2024-03-11 10:20:00-04:00,16.209999084472656,16.219999313354492,16.200000762939453,16.209999084472656,16.209999084472656,41545
2024-03-11 10:21:00-04:00,16.21500015258789,16.215999603271484,16.194000244140625,16.19729995727539,16.19729995727539,55502
2024-03-11 10:22:00-04:00,16.190000534057617,16.200000762939453,16.18000030517578,16.190000534057617,16.190000534057617,58601
2024-03-11 10:23:00-04:00,16.193300247192383,16.200000762939453,16.170000076293945,16.18000030517578,16.18000030517578,38683
2024-03-11 10:24:00-04:00,16.18000030517578,16.209999084472656,16.18000030517578,16.201200485229492,16.201200485229492,41382
2024-03-11 10:25:00-04:00,16.204999923706055,16.21500015258789,16.190000534057617,16.204999923706055,16.204999923706055,66924
2024-03-11 10:26:00-04:00,16.204999923706055,16.219999313354492,16.204999923706055,16.219200134277344,16.219200134277344,42070
2024-03-11 10:27:00-04:00,16.209999084472656,16.219499588012695,16.190000534057617,16.19499969482422,16.19499969482422,57086
2024-03-11 10:28:00-04:00,16.19499969482422,16.197999954223633,16.18000030517578,16.184999465942383,16.184999465942383,50206
2024-03-11 10:29:00-04:00,16.18000030517578,16.184999465942383,16.15999984741211,16.184600830078125,16.184600830078125,76071
2024-03-11 10:30:00-04:00,16.18000030517578,16.209999084472656,16.18000030517578,16.204999923706055,16.204999923706055,66368
2024-03-11 10:31:00-04:00,16.200000762939453,16.219999313354492,16.184999465942383,16.21109962463379,16.21109962463379,54988
2024-03-11 10:32:00-04:00,16.210500717163086,16.219999313354492,16.200000762939453,16.204999923706055,16.204999923706055,24908
2024-03-11 10:33:00-04:00,16.200000762939453,16.239999771118164,16.200000762939453,16.229999542236328,16.229999542236328,66274
2024-03-11 10:34:00-04:00,16.229999542236328,16.239999771118164,16.209999084472656,16.219999313354492,16.219999313354492,48126
2024-03-11 10:35:00-04:00,16.219999313354492,16.239999771118164,16.219999313354492,16.239999771118164,16.239999771118164,54532
2024-03-11 10:36:00-04:00,16.235000610351562,16.25,16.229999542236328,16.245899200439453,16.245899200439453,62699
2024-03-11 10:37:00-04:00,16.2450008392334,16.260000228881836,16.235000610351562,16.260000228881836,16.260000228881836,101633
2024-03-11 10:38:00-04:00,16.260000228881836,16.27989959716797,16.239999771118164,16.24530029296875,16.24530029296875,91837
2024-03-11 10:39:00-04:00,16.239999771118164,16.257600784301758,16.229999542236328,16.235000610351562,16.235000610351562,69834
2024-03-11 10:40:00-04:00,16.239599227905273,16.249900817871094,16.225000381469727,16.239999771118164,16.239999771118164,55352
2024-03-11 10:41:00-04:00,16.239999771118164,16.260000228881836,16.229999542236328,16.260000228881836,16.260000228881836,36443
2024-03-11 10:42:00-04:00,16.2450008392334,16.249900817871094,16.219999313354492,16.219999313354492,16.219999313354492,65224
2024-03-11 10:43:00-04:00,16.219999313354492,16.225000381469727,16.190000534057617,16.19499969482422,16.19499969482422,57722
2024-03-11 10:44:00-04:00,16.194000244140625,16.200000762939453,16.18000030517578,16.184999465942383,16.184999465942383,58657
2024-03-11 10:45:00-04:00,16.188899993896484,16.190000534057617,16.15999984741211,16.18000030517578,16.18000030517578,69239
2024-03-11 10:46:00-04:00,16.180099487304688,16.180099487304688,16.15999984741211,16.16200065612793,16.16200065612793,28556
2024-03-11 10:47:00-04:00,16.15999984741211,16.190000534057617,16.15999984741211,16.180099487304688,16.180099487304688,49799
2024-03-11 10:48:00-04:00,16.184999465942383,16.204999923706055,16.184999465942383,16.204999923706055,16.204999923706055,24542
2024-03-11 10:49:00-04:00,16.209999084472656,16.209999084472656,16.18000030517578,16.190000534057617,16.190000534057617,37917
2024-03-11 10:50:00-04:00,16.184999465942383,16.200000762939453,16.184999465942383,16.190000534057617,16.190000534057617,10084
2024-03-11 10:51:00-04:00,16.200000762939453,16.200000762939453,16.190000534057617,16.19499969482422,16.19499969482422,184514
2024-03-11 10:52:00-04:00,16.19499969482422,16.209999084472656,16.190000534057617,16.200000762939453,16.200000762939453,24354
2024-03-11 10:53:00-04:00,16.204999923706055,16.229999542236328,16.200000762939453,16.225000381469727,16.225000381469727,32303
2024-03-11 10:54:00-04:00,16.225000381469727,16.268800735473633,16.219999313354492,16.2450008392334,16.2450008392334,146808
2024-03-11 10:55:00-04:00,16.240800857543945,16.260000228881836,16.239999771118164,16.2450008392334,16.2450008392334,34351
2024-03-11 10:56:00-04:00,16.25,16.260000228881836,16.229999542236328,16.235000610351562,16.235000610351562,36227
2024-03-11 10:57:00-04:00,16.235000610351562,16.25,16.235000610351562,16.2450008392334,16.2450008392334,22807
2024-03-11 10:58:00-04:00,16.2450008392334,16.260000228881836,16.239999771118164,16.249000549316406,16.249000549316406,37943
2024-03-11 10:59:00-04:00,16.2450008392334,16.260000228881836,16.229999542236328,16.260000228881836,16.260000228881836,60938
2024-03-11 11:00:00-04:00,16.25,16.2549991607666,16.219999313354492,16.225000381469727,16.225000381469727,26624
2024-03-11 11:01:00-04:00,16.225000381469727,16.229900360107422,16.200000762939453,16.20989990234375,16.20989990234375,40044
2024-03-11 11:02:00-04:00,16.200000762939453,16.209999084472656,16.200000762939453,16.204999923706055,16.204999923706055,12138
2024-03-11 11:03:00-04:00,16.20599937438965,16.219999313354492,16.19499969482422,16.21500015258789,16.21500015258789,63923
2024-03-11 11:04:00-04:00,16.21500015258789,16.219999313354492,16.19499969482422,16.19499969482422,16.19499969482422,50885
2024-03-11 11:05:00-04:00,16.19499969482422,16.200000762939453,16.18000030517578,16.186399459838867,16.186399459838867,114935
2024-03-11 11:06:00-04:00,16.190000534057617,16.200000762939453,16.184999465942383,16.19879913330078,16.19879913330078,29996
2024-03-11 11:07:00-04:00,16.19499969482422,16.200000762939453,16.18000030517578,16.18000030517578,16.18000030517578,22539
2024-03-11 11:08:00-04:00,16.190000534057617,16.200000762939453,16.18000030517578,16.199899673461914,16.199899673461914,48474
2024-03-11 11:09:00-04:00,16.200000762939453,16.209999084472656,16.190000534057617,16.20989990234375,16.20989990234375,30950
2024-03-11 11:10:00-04:00,16.200000762939453,16.209999084472656,16.165000915527344,16.165000915527344,16.165000915527344,117349
2024-03-11 11:11:00-04:00,16.165000915527344,16.170000076293945,16.139999389648438,16.145000457763672,16.145000457763672,100743
2024-03-11 11:12:00-04:00,16.149999618530273,16.15999984741211,16.145000457763672,16.155000686645508,16.155000686645508,46390
2024-03-11 11:13:00-04:00,16.149999618530273,16.15999984741211,16.14259910583496,16.15399932861328,16.15399932861328,44737
2024-03-11 11:14:00-04:00,16.149999618530273,16.170000076293945,16.149999618530273,16.165000915527344,16.165000915527344,25357
2024-03-11 11:15:00-04:00,16.165000915527344,16.18000030517578,16.165000915527344,16.18000030517578,16.18000030517578,16255
2024-03-11 11:16:00-04:00,16.18000030517578,16.18000030517578,16.149999618530273,16.155000686645508,16.155000686645508,50153
2024-03-11 11:17:00-04:00,16.155000686645508,16.15999984741211,16.149999618530273,16.149999618530273,16.149999618530273,17774
2024-03-11 11:18:00-04:00,16.149999618530273,16.15999984741211,16.149999618530273,16.155000686645508,16.155000686645508,19456
2024-03-11 11:19:00-04:00,16.155000686645508,16.18000030517578,16.149999618530273,16.18000030517578,16.18000030517578,441353
2024-03-11 11:20:00-04:00,16.18000030517578,16.200000762939453,16.170000076293945,16.17289924621582,16.17289924621582,56999
2024-03-11 11:21:00-04:00,16.174999237060547,16.190000534057617,16.170000076293945,16.175600051879883,16.175600051879883,19295
2024-03-11 11:22:00-04:00,16.174999237060547,16.177600860595703,16.155000686645508,16.170000076293945,16.170000076293945,16839
2024-03-11 11:23:00-04:00,16.165000915527344,16.170000076293945,16.149999618530273,16.15999984741211,16.15999984741211,16264
2024-03-11 11:24:00-04:00,16.165000915527344,16.170000076293945,16.150100708007812,16.165000915527344,16.165000915527344,17146
2024-03-11 11:25:00-04:00,16.165000915527344,16.190000534057617,16.15999984741211,16.182199478149414,16.182199478149414,30203
2024-03-11 11:26:00-04:00,16.184999465942383,16.190000534057617,16.18000030517578,16.18000030517578,16.18000030517578,10354
2024-03-11 11:27:00-04:00,16.184999465942383,16.190000534057617,16.174999237060547,16.174999237060547,16.174999237060547,24291
2024-03-11 11:28:00-04:00,16.174999237060547,16.204999923706055,16.170000076293945,16.200000762939453,16.200000762939453,33474
2024-03-11 11:29:00-04:00,16.205799102783203,16.209999084472656,16.181100845336914,16.184999465942383,16.184999465942383,28284
2024-03-11 11:30:00-04:00,16.184999465942383,16.209999084472656,16.184999465942383,16.200000762939453,16.200000762939453,58419
2024-03-11 11:31:00-04:00,16.209999084472656,16.209999084472656,16.174999237060547,16.18000030517578,16.18000030517578,37105
2024-03-11 11:32:00-04:00,16.18000030517578,16.200000762939453,16.176300048828125,16.19499969482422,16.19499969482422,31231
2024-03-11 11:33:00-04:00,16.19260025024414,16.200000762939453,16.165000915527344,16.165000915527344,16.165000915527344,39459
2024-03-11 11:34:00-04:00,16.170000076293945,16.170000076293945,16.139999389648438,16.139999389648438,16.139999389648438,59765
2024-03-11 11:35:00-04:00,16.145000457763672,16.149999618530273,16.1299991607666,16.131399154663086,16.131399154663086,31919
2024-03-11 11:36:00-04:00,16.135000228881836,16.139999389648438,16.1200008392334,16.1299991607666,16.1299991607666,40500
2024-03-11 11:37:00-04:00,16.125,16.1299991607666,16.1200008392334,16.125,16.125,27005
2024-03-11 11:38:00-04:00,16.1299991607666,16.1299991607666,16.1200008392334,16.125,16.125,10455
2024-03-11 11:39:00-04:00,16.125,16.1299991607666,16.1200008392334,16.1200008392334,16.1200008392334,20038
2024-03-11 11:40:00-04:00,16.1200008392334,16.1299991607666,16.104000091552734,16.104999542236328,16.104999542236328,46552
2024-03-11 11:41:00-04:00,16.104999542236328,16.1299991607666,16.104999542236328,16.1299991607666,16.1299991607666,89254
2024-03-11 11:42:00-04:00,16.1299991607666,16.1299991607666,16.1200008392334,16.125,16.125,14346
2024-03-11 11:43:00-04:00,16.12030029296875,16.1299991607666,16.100000381469727,16.104999542236328,16.104999542236328,34907
2024-03-11 11:44:00-04:00,16.109899520874023,16.114999771118164,16.100000381469727,16.109899520874023,16.109899520874023,22279
2024-03-11 11:45:00-04:00,16.104999542236328,16.110000610351562,16.100000381469727,16.100000381469727,16.100000381469727,20632
2024-03-11 11:46:00-04:00,16.109899520874023,16.135000228881836,16.100000381469727,16.124000549316406,16.124000549316406,65813
2024-03-11 11:47:00-04:00,16.121400833129883,16.1299991607666,16.114999771118164,16.125,16.125,39100
2024-03-11 11:48:00-04:00,16.129899978637695,16.129899978637695,16.114999771118164,16.114999771118164,16.114999771118164,15067
2024-03-11 11:49:00-04:00,16.114999771118164,16.1200008392334,16.100000381469727,16.110000610351562,16.110000610351562,42835
2024-03-11 11:50:00-04:00,16.110000610351562,16.1200008392334,16.110000610351562,16.110000610351562,16.110000610351562,10096
2024-03-11 11:51:00-04:00,16.114999771118164,16.125,16.110000610351562,16.12220001220703,16.12220001220703,25288
2024-03-11 11:52:00-04:00,16.1299991607666,16.1299991607666,16.104999542236328,16.110300064086914,16.110300064086914,132658
2024-03-11 11:53:00-04:00,16.110000610351562,16.110000610351562,16.100000381469727,16.100000381469727,16.100000381469727,30509
2024-03-11 11:54:00-04:00,16.104999542236328,16.110000610351562,16.100000381469727,16.100000381469727,16.100000381469727,19219
2024-03-11 11:55:00-04:00,16.104999542236328,16.110000610351562,16.100000381469727,16.109899520874023,16.109899520874023,19401
2024-03-11 11:56:00-04:00,16.104999542236328,16.110000610351562,16.09000015258789,16.100000381469727,16.100000381469727,189678
2024-03-11 11:57:00-04:00,16.090599060058594,16.100000381469727,16.09000015258789,16.094999313354492,16.094999313354492,19148
2024-03-11 11:58:00-04:00,16.094999313354492,16.110000610351562,16.092300415039062,16.109899520874023,16.109899520874023,24136
2024-03-11 11:59:00-04:00,16.104999542236328,16.1200008392334,16.104000091552734,16.107999801635742,16.107999801635742,44367
2024-03-11 12:00:00-04:00,16.100000381469727,16.110000610351562,16.094999313354492,16.110000610351562,16.110000610351562,25979
2024-03-11 12:01:00-04:00,16.104999542236328,16.110000610351562,16.100000381469727,16.109899520874023,16.109899520874023,6439
2024-03-11 12:02:00-04:00,16.10099983215332,16.110000610351562,16.079999923706055,16.104999542236328,16.104999542236328,76338
2024-03-11 12:03:00-04:00,16.107799530029297,16.110000610351562,16.094999313354492,16.094999313354492,16.094999313354492,11237
2024-03-11 12:04:00-04:00,16.094999313354492,16.110000610351562,16.09000015258789,16.104999542236328,16.104999542236328,35155
2024-03-11 12:05:00-04:00,16.104999542236328,16.1299991607666,16.100000381469727,16.1200008392334,16.1200008392334,37328
2024-03-11 12:06:00-04:00,16.1299991607666,16.139999389648438,16.125,16.135000228881836,16.135000228881836,23201
2024-03-11 12:07:00-04:00,16.1299991607666,16.139999389648438,16.1200008392334,16.139999389648438,16.139999389648438,49385
2024-03-11 12:08:00-04:00,16.135000228881836,16.135000228881836,16.1200008392334,16.120100021362305,16.120100021362305,13535
2024-03-11 12:09:00-04:00,16.120800018310547,16.1299991607666,16.1200008392334,16.125,16.125,21967
2024-03-11 12:10:00-04:00,16.1200008392334,16.1299991607666,16.110000610351562,16.114999771118164,16.114999771118164,16388
2024-03-11 12:11:00-04:00,16.111299514770508,16.111299514770508,16.100000381469727,16.104999542236328,16.104999542236328,9390
2024-03-11 12:12:00-04:00,16.104999542236328,16.1200008392334,16.100000381469727,16.114999771118164,16.114999771118164,17044
2024-03-11 12:13:00-04:00,16.11910057067871,16.1299991607666,16.110000610351562,16.1299991607666,16.1299991607666,20717
2024-03-11 12:14:00-04:00,16.125,16.139999389648438,16.110000610351562,16.11989974975586,16.11989974975586,76212
2024-03-11 12:15:00-04:00,16.114999771118164,16.1200008392334,16.110000610351562,16.118200302124023,16.118200302124023,10045
2024-03-11 12:16:00-04:00,16.118900299072266,16.1299991607666,16.110000610351562,16.110000610351562,16.110000610351562,44579
2024-03-11 12:17:00-04:00,16.1200008392334,16.1200008392334,16.110000610351562,16.1200008392334,16.1200008392334,6243
2024-03-11 12:18:00-04:00,16.1200008392334,16.1299991607666,16.1200008392334,16.125,16.125,13934
2024-03-11 12:19:00-04:00,16.1299991607666,16.1299991607666,16.1200008392334,16.125,16.125,16994
2024-03-11 12:20:00-04:00,16.128799438476562,16.1299991607666,16.1200008392334,16.1299991607666,16.1299991607666,27760
2024-03-11 12:21:00-04:00,16.1200008392334,16.1299991607666,16.100000381469727,16.104999542236328,16.104999542236328,45833
2024-03-11 12:22:00-04:00,16.104999542236328,16.110000610351562,16.100000381469727,16.104000091552734,16.104000091552734,25134
2024-03-11 12:23:00-04:00,16.100000381469727,16.110000610351562,16.100000381469727,16.110000610351562,16.110000610351562,14471
2024-03-11 12:24:00-04:00,16.110000610351562,16.1200008392334,16.100000381469727,16.114999771118164,16.114999771118164,18543
2024-03-11 12:25:00-04:00,16.114999771118164,16.1299991607666,16.110000610351562,16.125,16.125,49706
2024-03-11 12:26:00-04:00,16.1200008392334,16.149999618530273,16.1200008392334,16.149999618530273,16.149999618530273,28147
2024-03-11 12:27:00-04:00,16.140100479125977,16.15999984741211,16.139999389648438,16.149900436401367,16.149900436401367,58597
2024-03-11 12:28:00-04:00,16.146799087524414,16.147499084472656,16.1299991607666,16.135000228881836,16.135000228881836,22965
2024-03-11 12:29:00-04:00,16.131000518798828,16.145000457763672,16.1299991607666,16.139999389648438,16.139999389648438,34589
2024-03-11 12:30:00-04:00,16.134000778198242,16.15999984741211,16.134000778198242,16.156200408935547,16.156200408935547,40519
2024-03-11 12:31:00-04:00,16.149999618530273,16.15999984741211,16.135000228881836,16.149999618530273,16.149999618530273,49547
2024-03-11 12:32:00-04:00,16.139999389648438,16.149999618530273,16.1299991607666,16.145000457763672,16.145000457763672,79410
2024-03-11 12:33:00-04:00,16.145000457763672,16.149999618530273,16.139999389648438,16.139999389648438,16.139999389648438,17162
2024-03-11 12:34:00-04:00,16.149900436401367,16.149999618530273,16.143600463867188,16.149999618530273,16.149999618530273,14703
2024-03-11 12:35:00-04:00,16.149999618530273,16.15999984741211,16.139999389648438,16.145000457763672,16.145000457763672,54331
2024-03-11 12:36:00-04:00,16.149900436401367,16.155000686645508,16.143999099731445,16.155000686645508,16.155000686645508,19231
2024-03-11 12:37:00-04:00,16.149999618530273,16.15999984741211,16.149999618530273,16.155000686645508,16.155000686645508,14566
2024-03-11 12:38:00-04:00,16.154699325561523,16.15999984741211,16.149999618530273,16.155000686645508,16.155000686645508,12459
2024-03-11 12:39:00-04:00,16.155000686645508,16.15999984741211,16.145000457763672,16.145000457763672,16.145000457763672,15633
2024-03-11 12:40:00-04:00,16.149999618530273,16.149999618530273,16.145000457763672,16.145999908447266,16.145999908447266,7083
2024-03-11 12:41:00-04:00,16.149999618530273,16.15999984741211,16.142799377441406,16.155000686645508,16.155000686645508,63353
2024-03-11 12:42:00-04:00,16.149999618530273,16.15999984741211,16.139999389648438,16.145000457763672,16.145000457763672,25431
2024-03-11 12:43:00-04:00,16.145000457763672,16.15999984741211,16.145000457763672,16.15999984741211,16.15999984741211,38280
2024-03-11 12:44:00-04:00,16.159000396728516,16.166000366210938,16.149999618530273,16.154600143432617,16.154600143432617,31485
2024-03-11 12:45:00-04:00,16.15399932861328,16.170000076293945,16.149999618530273,16.151199340820312,16.151199340820312,26334
2024-03-11 12:46:00-04:00,16.15999984741211,16.15999984741211,16.143999099731445,16.145000457763672,16.145000457763672,14491
2024-03-11 12:47:00-04:00,16.145000457763672,16.149999618530273,16.139999389648438,16.145000457763672,16.145000457763672,2853
2024-03-11 12:48:00-04:00,16.149999618530273,16.149999618530273,16.139999389648438,16.145000457763672,16.145000457763672,13771
2024-03-11 12:49:00-04:00,16.14900016784668,16.149999618530273,16.139999389648438,16.145000457763672,16.145000457763672,14406
2024-03-11 12:50:00-04:00,16.14900016784668,16.149999618530273,16.125,16.135000228881836,16.135000228881836,111603
2024-03-11 12:51:00-04:00,16.135000228881836,16.145000457763672,16.1299991607666,16.145000457763672,16.145000457763672,25961
2024-03-11 12:52:00-04:00,16.145000457763672,16.170000076293945,16.140100479125977,16.165000915527344,16.165000915527344,20601
2024-03-11 12:53:00-04:00,16.16990089416504,16.170000076293945,16.15999984741211,16.165000915527344,16.165000915527344,9267
2024-03-11 12:54:00-04:00,16.16900062561035,16.170000076293945,16.15999984741211,16.170000076293945,16.170000076293945,5214
2024-03-11 12:55:00-04:00,16.170000076293945,16.18000030517578,16.170000076293945,16.18000030517578,16.18000030517578,30573
2024-03-11 12:56:00-04:00,16.174999237060547,16.200000762939453,16.174999237060547,16.190099716186523,16.190099716186523,60415
2024-03-11 12:57:00-04:00,16.190000534057617,16.200000762939453,16.18000030517578,16.18239974975586,16.18239974975586,38183
2024-03-11 12:58:00-04:00,16.190000534057617,16.200000762939453,16.190000534057617,16.190500259399414,16.190500259399414,15587
2024-03-11 12:59:00-04:00,16.19499969482422,16.200000762939453,16.181299209594727,16.190000534057617,16.190000534057617,21985
2024-03-11 13:00:00-04:00,16.190000534057617,16.190000534057617,16.18000030517578,16.18000030517578,16.18000030517578,54626
2024-03-11 13:01:00-04:00,16.174999237060547,16.186100006103516,16.15999984741211,16.184999465942383,16.184999465942383,62028
2024-03-11 13:02:00-04:00,16.18000030517578,16.18000030517578,16.155000686645508,16.15999984741211,16.15999984741211,21894
2024-03-11 13:03:00-04:00,16.155000686645508,16.16990089416504,16.155000686645508,16.165000915527344,16.165000915527344,35266
2024-03-11 13:04:00-04:00,16.170000076293945,16.18000030517578,16.155000686645508,16.159799575805664,16.159799575805664,80971
2024-03-11 13:05:00-04:00,16.15999984741211,16.170000076293945,16.149999618530273,16.15999984741211,16.15999984741211,69385
2024-03-11 13:06:00-04:00,16.15999984741211,16.170000076293945,16.1299991607666,16.130300521850586,16.130300521850586,42761
2024-03-11 13:07:00-04:00,16.13010025024414,16.145000457763672,16.1299991607666,16.145000457763672,16.145000457763672,66962
2024-03-11 13:08:00-04:00,16.146900177001953,16.15999984741211,16.135000228881836,16.155000686645508,16.155000686645508,93193
2024-03-11 13:09:00-04:00,16.15999984741211,16.15999984741211,16.149999618530273,16.149999618530273,16.149999618530273,34808
2024-03-11 13:10:00-04:00,16.152799606323242,16.155000686645508,16.149999618530273,16.155000686645508,16.155000686645508,14004
2024-03-11 13:11:00-04:00,16.149999618530273,16.170000076293945,16.149999618530273,16.160200119018555,16.160200119018555,85254
2024-03-11 13:12:00-04:00,16.15999984741211,16.167400360107422,16.145000457763672,16.149900436401367,16.149900436401367,76013
2024-03-11 13:13:00-04:00,16.140100479125977,16.15999984741211,16.1299991607666,16.1382999420166,16.1382999420166,66492
2024-03-11 13:14:00-04:00,16.135000228881836,16.145000457763672,16.1299991607666,16.139999389648438,16.139999389648438,18273
2024-03-11 13:15:00-04:00,16.131000518798828,16.139999389648438,16.1200008392334,16.1299991607666,16.1299991607666,44683
2024-03-11 13:16:00-04:00,16.134599685668945,16.139999389648438,16.1299991607666,16.135000228881836,16.135000228881836,32294
2024-03-11 13:17:00-04:00,16.135000228881836,16.139999389648438,16.1299991607666,16.1299991607666,16.1299991607666,19527
2024-03-11 13:18:00-04:00,16.133899688720703,16.155000686645508,16.133899688720703,16.155000686645508,16.155000686645508,236629
2024-03-11 13:19:00-04:00,16.149999618530273,16.15999984741211,16.149999618530273,16.155000686645508,16.155000686645508,24433
2024-03-11 13:20:00-04:00,16.15999984741211,16.165000915527344,16.149999618530273,16.155000686645508,16.155000686645508,50712
2024-03-11 13:21:00-04:00,16.158700942993164,16.15999984741211,16.149999618530273,16.155000686645508,16.155000686645508,10947
2024-03-11 13:22:00-04:00,16.155000686645508,16.15999984741211,16.149999618530273,16.15999984741211,16.15999984741211,22806
2024-03-11 13:23:00-04:00,16.155000686645508,16.170000076293945,16.15130043029785,16.170000076293945,16.170000076293945,22877
2024-03-11 13:24:00-04:00,16.165000915527344,16.170000076293945,16.16010093688965,16.165000915527344,16.165000915527344,7857
2024-03-11 13:25:00-04:00,16.165000915527344,16.18000030517578,16.165000915527344,16.176000595092773,16.176000595092773,61312
2024-03-11 13:26:00-04:00,16.174999237060547,16.18000030517578,16.15999984741211,16.165000915527344,16.165000915527344,47343
2024-03-11 13:27:00-04:00,16.16990089416504,16.170000076293945,16.15999984741211,16.170000076293945,16.170000076293945,6395
2024-03-11 13:28:00-04:00,16.170000076293945,16.170000076293945,16.15999984741211,16.165000915527344,16.165000915527344,35296
2024-03-11 13:29:00-04:00,16.164600372314453,16.170000076293945,16.149999618530273,16.155000686645508,16.155000686645508,45498
2024-03-11 13:30:00-04:00,16.145000457763672,16.165000915527344,16.145000457763672,16.165000915527344,16.165000915527344,47880
2024-03-11 13:31:00-04:00,16.15999984741211,16.170000076293945,16.15999984741211,16.170000076293945,16.170000076293945,28895
2024-03-11 13:32:00-04:00,16.170000076293945,16.18000030517578,16.15999984741211,16.165000915527344,16.165000915527344,32441
2024-03-11 13:33:00-04:00,16.165000915527344,16.170000076293945,16.15999984741211,16.165000915527344,16.165000915527344,6067
2024-03-11 13:34:00-04:00,16.165000915527344,16.174999237060547,16.165000915527344,16.174999237060547,16.174999237060547,8214
2024-03-11 13:35:00-04:00,16.177499771118164,16.19930076599121,16.174999237060547,16.19499969482422,16.19499969482422,29934
2024-03-11 13:36:00-04:00,16.19499969482422,16.209999084472656,16.190099716186523,16.20009994506836,16.20009994506836,146044
2024-03-11 13:37:00-04:00,16.209999084472656,16.219900131225586,16.200000762939453,16.204999923706055,16.204999923706055,64097
2024-03-11 13:38:00-04:00,16.204999923706055,16.204999923706055,16.19099998474121,16.199199676513672,16.199199676513672,23712
2024-03-11 13:39:00-04:00,16.196300506591797,16.200000762939453,16.190000534057617,16.19969940185547,16.19969940185547,22822
2024-03-11 13:40:00-04:00,16.19499969482422,16.200000762939453,16.190000534057617,16.19499969482422,16.19499969482422,15227
2024-03-11 13:41:00-04:00,16.19499969482422,16.200000762939453,16.1825008392334,16.193700790405273,16.193700790405273,33695
2024-03-11 13:42:00-04:00,16.199100494384766,16.200000762939453,16.18000030517578,16.184999465942383,16.184999465942383,23937
2024-03-11 13:43:00-04:00,16.190000534057617,16.190000534057617,16.174999237060547,16.184999465942383,16.184999465942383,32795
2024-03-11 13:44:00-04:00,16.190000534057617,16.1968994140625,16.18000030517578,16.19499969482422,16.19499969482422,11300
2024-03-11 13:45:00-04:00,16.19499969482422,16.209999084472656,16.19499969482422,16.204999923706055,16.204999923706055,49479
2024-03-11 13:46:00-04:00,16.204999923706055,16.209999084472656,16.19499969482422,16.202499389648438,16.202499389648438,28572
2024-03-11 13:47:00-04:00,16.204999923706055,16.209999084472656,16.200000762939453,16.204999923706055,16.204999923706055,44414
2024-03-11 13:48:00-04:00,16.200000762939453,16.209999084472656,16.200000762939453,16.200000762939453,16.200000762939453,25661
2024-03-11 13:49:00-04:00,16.200000762939453,16.21500015258789,16.1924991607666,16.21500015258789,16.21500015258789,33823
2024-03-11 13:50:00-04:00,16.209999084472656,16.219999313354492,16.204999923706055,16.209999084472656,16.209999084472656,35764
2024-03-11 13:51:00-04:00,16.21500015258789,16.219999313354492,16.209999084472656,16.21500015258789,16.21500015258789,16874
2024-03-11 13:52:00-04:00,16.21500015258789,16.219999313354492,16.212499618530273,16.219999313354492,16.219999313354492,14484
2024-03-11 13:53:00-04:00,16.219999313354492,16.229999542236328,16.21500015258789,16.22010040283203,16.22010040283203,38594
2024-03-11 13:54:00-04:00,16.229999542236328,16.229999542236328,16.21500015258789,16.219999313354492,16.219999313354492,49724
2024-03-11 13:55:00-04:00,16.219999313354492,16.229999542236328,16.219999313354492,16.22010040283203,16.22010040283203,16946
2024-03-11 13:56:00-04:00,16.229999542236328,16.229999542236328,16.225000381469727,16.225000381469727,16.225000381469727,7756
2024-03-11 13:57:00-04:00,16.225000381469727,16.239999771118164,16.219999313354492,16.239999771118164,16.239999771118164,47566
2024-03-11 13:58:00-04:00,16.235000610351562,16.25,16.235000610351562,16.2450008392334,16.2450008392334,32357
2024-03-11 13:59:00-04:00,16.24020004272461,16.25,16.239999771118164,16.2450008392334,16.2450008392334,11499
2024-03-11 14:00:00-04:00,16.240100860595703,16.25,16.239999771118164,16.2450008392334,16.2450008392334,24169
2024-03-11 14:01:00-04:00,16.25,16.25,16.239999771118164,16.2450008392334,16.2450008392334,16486
2024-03-11 14:02:00-04:00,16.2450008392334,16.270000457763672,16.2450008392334,16.264999389648438,16.264999389648438,108446
2024-03-11 14:03:00-04:00,16.260000228881836,16.270000457763672,16.260000228881836,16.264999389648438,16.264999389648438,28330
2024-03-11 14:04:00-04:00,16.264999389648438,16.270000457763672,16.229999542236328,16.235000610351562,16.235000610351562,74483
2024-03-11 14:05:00-04:00,16.235000610351562,16.239999771118164,16.229999542236328,16.235000610351562,16.235000610351562,32381
2024-03-11 14:06:00-04:00,16.235000610351562,16.239999771118164,16.219999313354492,16.225000381469727,16.225000381469727,38582
2024-03-11 14:07:00-04:00,16.225000381469727,16.229999542236328,16.209999084472656,16.225000381469727,16.225000381469727,93558
2024-03-11 14:08:00-04:00,16.225000381469727,16.238800048828125,16.210100173950195,16.219999313354492,16.219999313354492,58884
2024-03-11 14:09:00-04:00,16.209999084472656,16.21500015258789,16.200899124145508,16.202499389648438,16.202499389648438,13230
2024-03-11 14:10:00-04:00,16.204999923706055,16.219999313354492,16.200000762939453,16.21500015258789,16.21500015258789,20984
2024-03-11 14:11:00-04:00,16.21500015258789,16.219999313354492,16.200000762939453,16.20009994506836,16.20009994506836,21903
2024-03-11 14:12:00-04:00,16.204999923706055,16.209999084472656,16.190000534057617,16.19499969482422,16.19499969482422,39371
2024-03-11 14:13:00-04:00,16.19499969482422,16.200000762939453,16.190000534057617,16.19499969482422,16.19499969482422,3848
2024-03-11 14:14:00-04:00,16.19499969482422,16.209999084472656,16.190000534057617,16.209400177001953,16.209400177001953,34723
2024-03-11 14:15:00-04:00,16.204999923706055,16.209999084472656,16.190000534057617,16.190000534057617,16.190000534057617,84873
2024-03-11 14:16:00-04:00,16.184999465942383,16.209999084472656,16.184999465942383,16.208599090576172,16.208599090576172,31913
2024-03-11 14:17:00-04:00,16.209999084472656,16.219999313354492,16.204999923706055,16.21500015258789,16.21500015258789,13375
2024-03-11 14:18:00-04:00,16.21500015258789,16.21500015258789,16.184999465942383,16.190000534057617,16.190000534057617,69612
2024-03-11 14:19:00-04:00,16.19499969482422,16.200000762939453,16.190000534057617,16.19499969482422,16.19499969482422,207800
2024-03-11 14:20:00-04:00,16.19499969482422,16.209999084472656,16.18000030517578,16.190000534057617,16.190000534057617,175944
2024-03-11 14:21:00-04:00,16.190000534057617,16.200000762939453,16.18000030517578,16.200000762939453,16.200000762939453,49239
2024-03-11 14:22:00-04:00,16.199899673461914,16.200000762939453,16.194000244140625,16.19499969482422,16.19499969482422,8531
2024-03-11 14:23:00-04:00,16.19499969482422,16.200000762939453,16.18000030517578,16.185199737548828,16.185199737548828,32814
2024-03-11 14:24:00-04:00,16.184999465942383,16.200000762939453,16.18000030517578,16.200000762939453,16.200000762939453,34998
2024-03-11 14:25:00-04:00,16.199800491333008,16.200000762939453,16.190000534057617,16.19499969482422,16.19499969482422,12714
2024-03-11 14:26:00-04:00,16.19499969482422,16.200000762939453,16.180099487304688,16.182600021362305,16.182600021362305,32133
2024-03-11 14:27:00-04:00,16.187700271606445,16.190000534057617,16.180099487304688,16.183300018310547,16.183300018310547,17090
2024-03-11 14:28:00-04:00,16.184999465942383,16.19499969482422,16.18000030517578,16.19499969482422,16.19499969482422,27460
2024-03-11 14:29:00-04:00,16.195999145507812,16.200000762939453,16.184999465942383,16.190000534057617,16.190000534057617,30894
2024-03-11 14:30:00-04:00,16.19499969482422,16.219200134277344,16.190000534057617,16.209999084472656,16.209999084472656,155725
2024-03-11 14:31:00-04:00,16.202199935913086,16.219999313354492,16.202199935913086,16.209999084472656,16.209999084472656,31393
2024-03-11 14:32:00-04:00,16.209999084472656,16.219999313354492,16.209999084472656,16.21500015258789,16.21500015258789,18418
2024-03-11 14:33:00-04:00,16.21500015258789,16.219999313354492,16.209999084472656,16.209999084472656,16.209999084472656,4089
2024-03-11 14:34:00-04:00,16.209999084472656,16.219999313354492,16.209999084472656,16.21969985961914,16.21969985961914,7493
2024-03-11 14:35:00-04:00,16.217500686645508,16.229999542236328,16.210100173950195,16.21500015258789,16.21500015258789,34595
2024-03-11 14:36:00-04:00,16.21500015258789,16.219999313354492,16.210100173950195,16.219999313354492,16.219999313354492,14452
2024-03-11 14:37:00-04:00,16.219999313354492,16.239700317382812,16.219999313354492,16.239700317382812,16.239700317382812,40436
2024-03-11 14:38:00-04:00,16.235000610351562,16.235000610351562,16.220699310302734,16.225000381469727,16.225000381469727,20987
2024-03-11 14:39:00-04:00,16.225000381469727,16.225000381469727,16.209999084472656,16.219999313354492,16.219999313354492,50419
2024-03-11 14:40:00-04:00,16.225000381469727,16.239999771118164,16.219999313354492,16.23889923095703,16.23889923095703,54502
2024-03-11 14:41:00-04:00,16.239999771118164,16.25,16.229999542236328,16.245800018310547,16.245800018310547,49960
2024-03-11 14:42:00-04:00,16.25,16.25,16.2450008392334,16.2450008392334,16.2450008392334,11219
2024-03-11 14:43:00-04:00,16.240299224853516,16.25,16.240100860595703,16.25,16.25,32569
2024-03-11 14:44:00-04:00,16.25,16.260000228881836,16.239999771118164,16.2450008392334,16.2450008392334,79342
2024-03-11 14:45:00-04:00,16.25,16.25,16.235000610351562,16.240100860595703,16.240100860595703,53735
2024-03-11 14:46:00-04:00,16.243499755859375,16.25,16.239999771118164,16.243799209594727,16.243799209594727,8329
2024-03-11 14:47:00-04:00,16.2450008392334,16.25,16.240100860595703,16.25,16.25,6397
2024-03-11 14:48:00-04:00,16.2450008392334,16.25,16.239999771118164,16.2450008392334,16.2450008392334,41352
2024-03-11 14:49:00-04:00,16.25,16.260000228881836,16.239999771118164,16.2549991607666,16.2549991607666,37545
2024-03-11 14:50:00-04:00,16.2549991607666,16.270000457763672,16.2549991607666,16.270000457763672,16.270000457763672,30669
2024-03-11 14:51:00-04:00,16.264999389648438,16.270000457763672,16.25,16.26099967956543,16.26099967956543,51476
2024-03-11 14:52:00-04:00,16.264999389648438,16.270000457763672,16.264999389648438,16.264999389648438,16.264999389648438,2917
2024-03-11 14:53:00-04:00,16.260099411010742,16.270000457763672,16.260000228881836,16.270000457763672,16.270000457763672,27269
2024-03-11 14:54:00-04:00,16.270000457763672,16.280000686645508,16.264999389648438,16.274999618530273,16.274999618530273,31075
2024-03-11 14:55:00-04:00,16.27750015258789,16.280000686645508,16.270000457763672,16.280000686645508,16.280000686645508,5607
2024-03-11 14:56:00-04:00,16.27989959716797,16.290000915527344,16.274999618530273,16.28499984741211,16.28499984741211,52859
2024-03-11 14:57:00-04:00,16.280000686645508,16.28499984741211,16.260000228881836,16.26110076904297,16.26110076904297,99024
2024-03-11 14:58:00-04:00,16.264999389648438,16.280000686645508,16.263999938964844,16.270099639892578,16.270099639892578,32441
2024-03-11 14:59:00-04:00,16.274999618530273,16.290000915527344,16.270000457763672,16.28820037841797,16.28820037841797,24195
2024-03-11 15:00:00-04:00,16.28499984741211,16.28969955444336,16.280000686645508,16.2810001373291,16.2810001373291,14074
2024-03-11 15:01:00-04:00,16.28499984741211,16.290000915527344,16.274999618530273,16.28499984741211,16.28499984741211,31611
2024-03-11 15:02:00-04:00,16.280000686645508,16.280000686645508,16.260000228881836,16.270000457763672,16.270000457763672,61342
2024-03-11 15:03:00-04:00,16.270000457763672,16.270000457763672,16.260000228881836,16.269899368286133,16.269899368286133,27219
2024-03-11 15:04:00-04:00,16.270000457763672,16.270000457763672,16.260000228881836,16.264999389648438,16.264999389648438,4129
2024-03-11 15:05:00-04:00,16.264999389648438,16.270000457763672,16.260000228881836,16.270000457763672,16.270000457763672,15582
2024-03-11 15:06:00-04:00,16.270000457763672,16.270000457763672,16.2549991607666,16.269899368286133,16.269899368286133,53687
2024-03-11 15:07:00-04:00,16.264999389648438,16.270000457763672,16.24090003967285,16.244800567626953,16.244800567626953,43974
2024-03-11 15:08:00-04:00,16.2450008392334,16.25,16.239999771118164,16.2450008392334,16.2450008392334,8306
2024-03-11 15:09:00-04:00,16.25,16.25,16.239999771118164,16.2450008392334,16.2450008392334,7550
2024-03-11 15:10:00-04:00,16.2450008392334,16.25,16.239999771118164,16.239999771118164,16.239999771118164,13198
2024-03-11 15:11:00-04:00,16.239999771118164,16.25,16.239999771118164,16.2450008392334,16.2450008392334,161337
2024-03-11 15:12:00-04:00,16.2450008392334,16.246299743652344,16.2450008392334,16.246299743652344,16.246299743652344,36478
2024-03-11 15:13:00-04:00,16.25,16.25,16.239999771118164,16.24449920654297,16.24449920654297,43412
2024-03-11 15:14:00-04:00,16.239999771118164,16.2450008392334,16.219999313354492,16.223899841308594,16.223899841308594,43394
2024-03-11 15:15:00-04:00,16.219999313354492,16.229999542236328,16.204999923706055,16.219999313354492,16.219999313354492,73877
2024-03-11 15:16:00-04:00,16.21500015258789,16.219999313354492,16.209999084472656,16.219900131225586,16.219900131225586,19324
2024-03-11 15:17:00-04:00,16.219999313354492,16.219999313354492,16.190000534057617,16.190000534057617,16.190000534057617,65436
2024-03-11 15:18:00-04:00,16.195100784301758,16.200000762939453,16.190000534057617,16.190000534057617,16.190000534057617,53547
2024-03-11 15:19:00-04:00,16.190000534057617,16.197599411010742,16.180099487304688,16.184999465942383,16.184999465942383,15598
2024-03-11 15:20:00-04:00,16.184999465942383,16.190000534057617,16.174999237060547,16.184999465942383,16.184999465942383,72655
2024-03-11 15:21:00-04:00,16.184999465942383,16.200000762939453,16.18090057373047,16.190000534057617,16.190000534057617,49140
2024-03-11 15:22:00-04:00,16.19499969482422,16.200000762939453,16.190000534057617,16.200000762939453,16.200000762939453,13436
2024-03-11 15:23:00-04:00,16.19499969482422,16.219999313354492,16.19499969482422,16.21500015258789,16.21500015258789,40782
2024-03-11 15:24:00-04:00,16.21500015258789,16.219999313354492,16.204999923706055,16.204999923706055,16.204999923706055,58439
2024-03-11 15:25:00-04:00,16.204999923706055,16.209999084472656,16.200000762939453,16.204999923706055,16.204999923706055,4920
2024-03-11 15:26:00-04:00,16.209999084472656,16.209999084472656,16.200000762939453,16.209999084472656,16.209999084472656,28134
2024-03-11 15:27:00-04:00,16.209999084472656,16.21500015258789,16.20199966430664,16.204999923706055,16.204999923706055,41371
2024-03-11 15:28:00-04:00,16.204999923706055,16.209999084472656,16.200000762939453,16.204999923706055,16.204999923706055,14297
2024-03-11 15:29:00-04:00,16.200000762939453,16.219999313354492,16.200000762939453,16.21500015258789,16.21500015258789,26685
2024-03-11 15:30:00-04:00,16.21500015258789,16.219999313354492,16.204999923706055,16.21500015258789,16.21500015258789,83223
2024-03-11 15:31:00-04:00,16.21030044555664,16.21500015258789,16.19499969482422,16.200000762939453,16.200000762939453,70760
2024-03-11 15:32:00-04:00,16.19499969482422,16.200000762939453,16.18239974975586,16.192899703979492,16.192899703979492,109761
2024-03-11 15:33:00-04:00,16.190000534057617,16.200000762939453,16.190000534057617,16.19499969482422,16.19499969482422,7124
2024-03-11 15:34:00-04:00,16.19499969482422,16.200000762939453,16.184999465942383,16.19499969482422,16.19499969482422,52254
2024-03-11 15:35:00-04:00,16.19499969482422,16.200000762939453,16.190000534057617,16.190000534057617,16.190000534057617,22558
2024-03-11 15:36:00-04:00,16.19499969482422,16.200000762939453,16.18000030517578,16.190000534057617,16.190000534057617,56960
2024-03-11 15:37:00-04:00,16.190000534057617,16.200000762939453,16.18000030517578,16.19499969482422,16.19499969482422,75275
2024-03-11 15:38:00-04:00,16.19499969482422,16.209999084472656,16.19499969482422,16.209999084472656,16.209999084472656,37898
2024-03-11 15:39:00-04:00,16.204999923706055,16.209999084472656,16.190000534057617,16.190000534057617,16.190000534057617,23403
2024-03-11 15:40:00-04:00,16.200000762939453,16.219999313354492,16.1924991607666,16.219999313354492,16.219999313354492,44887
2024-03-11 15:41:00-04:00,16.21500015258789,16.229999542236328,16.209999084472656,16.229999542236328,16.229999542236328,69421
2024-03-11 15:42:00-04:00,16.225000381469727,16.229999542236328,16.219999313354492,16.229999542236328,16.229999542236328,25597
2024-03-11 15:43:00-04:00,16.229999542236328,16.229999542236328,16.21500015258789,16.219999313354492,16.219999313354492,53943
2024-03-11 15:44:00-04:00,16.21500015258789,16.229999542236328,16.209999084472656,16.225000381469727,16.225000381469727,64326
2024-03-11 15:45:00-04:00,16.229999542236328,16.239999771118164,16.22010040283203,16.229999542236328,16.229999542236328,63579
2024-03-11 15:46:00-04:00,16.229799270629883,16.229999542236328,16.209999084472656,16.21500015258789,16.21500015258789,82256
2024-03-11 15:47:00-04:00,16.212499618530273,16.21500015258789,16.1924991607666,16.19499969482422,16.19499969482422,57619
2024-03-11 15:48:00-04:00,16.194400787353516,16.200000762939453,16.184999465942383,16.190000534057617,16.190000534057617,43128
2024-03-11 15:49:00-04:00,16.184999465942383,16.190000534057617,16.18000030517578,16.184999465942383,16.184999465942383,38832
2024-03-11 15:50:00-04:00,16.190000534057617,16.190000534057617,16.18000030517578,16.184999465942383,16.184999465942383,56017
2024-03-11 15:51:00-04:00,16.184999465942383,16.200000762939453,16.18000030517578,16.190000534057617,16.190000534057617,123435
2024-03-11 15:52:00-04:00,16.190000534057617,16.200000762939453,16.18000030517578,16.190000534057617,16.190000534057617,143202
2024-03-11 15:53:00-04:00,16.19499969482422,16.200000762939453,16.18000030517578,16.190000534057617,16.190000534057617,117010
2024-03-11 15:54:00-04:00,16.190000534057617,16.200000762939453,16.18000030517578,16.19499969482422,16.19499969482422,66045
2024-03-11 15:55:00-04:00,16.19499969482422,16.219999313354492,16.190000534057617,16.21500015258789,16.21500015258789,271540
2024-03-11 15:56:00-04:00,16.21500015258789,16.219999313354492,16.209999084472656,16.21500015258789,16.21500015258789,145509
2024-03-11 15:57:00-04:00,16.21500015258789,16.239999771118164,16.209999084472656,16.238500595092773,16.238500595092773,191032
2024-03-11 15:58:00-04:00,16.233699798583984,16.239999771118164,16.229999542236328,16.235000610351562,16.235000610351562,243294
2024-03-11 15:59:00-04:00,16.239999771118164,16.239999771118164,16.209999084472656,16.229999542236328,16.229999542236328,544984
2024-03-12 09:30:00-04:00,16.239999771118164,16.25,16.1200008392334,16.121599197387695,16.121599197387695,672068
2024-03-12 09:31:00-04:00,16.139299392700195,16.219999313354492,16.110000610351562,16.165000915527344,16.165000915527344,207174
2024-03-12 09:32:00-04:00,16.163999557495117,16.170000076293945,16.104999542236328,16.110000610351562,16.110000610351562,125129
2024-03-12 09:33:00-04:00,16.104999542236328,16.1299991607666,16.100000381469727,16.112300872802734,16.112300872802734,103303
2024-03-12 09:34:00-04:00,16.128000259399414,16.15999984741211,16.100000381469727,16.114999771118164,16.114999771118164,139080
2024-03-12 09:35:00-04:00,16.110000610351562,16.132999420166016,16.09000015258789,16.10099983215332,16.10099983215332,289795
2024-03-12 09:36:00-04:00,16.104999542236328,16.110000610351562,16.010000228881836,16.05820083618164,16.05820083618164,298799
2024-03-12 09:37:00-04:00,16.05299949645996,16.084999084472656,16.040000915527344,16.075000762939453,16.075000762939453,95837
2024-03-12 09:38:00-04:00,16.06999969482422,16.1299991607666,16.06999969482422,16.079999923706055,16.079999923706055,121705
2024-03-12 09:39:00-04:00,16.065000534057617,16.09000015258789,16.030000686645508,16.041200637817383,16.041200637817383,120806
2024-03-12 09:40:00-04:00,16.049999237060547,16.06999969482422,16.030000686645508,16.049999237060547,16.049999237060547,89042
2024-03-12 09:41:00-04:00,16.049999237060547,16.06999969482422,16.020000457763672,16.024999618530273,16.024999618530273,94762
2024-03-12 09:42:00-04:00,16.020000457763672,16.049999237060547,15.989999771118164,15.989999771118164,15.989999771118164,289848
2024-03-12 09:43:00-04:00,15.989999771118164,16.0,15.970000267028809,15.979999542236328,15.979999542236328,109730
2024-03-12 09:44:00-04:00,15.979999542236328,15.979999542236328,15.930000305175781,15.9399995803833,15.9399995803833,148494
2024-03-12 09:45:00-04:00,15.936200141906738,15.960000038146973,15.920000076293945,15.949999809265137,15.949999809265137,96383
2024-03-12 09:46:00-04:00,15.954999923706055,15.960000038146973,15.925000190734863,15.944999694824219,15.944999694824219,162570
2024-03-12 09:47:00-04:00,15.944000244140625,15.970000267028809,15.90999984741211,15.968700408935547,15.968700408935547,146688
2024-03-12 09:48:00-04:00,15.96500015258789,15.970000267028809,15.9399995803833,15.9399995803833,15.9399995803833,50708
2024-03-12 09:49:00-04:00,15.9399995803833,15.954999923706055,15.920000076293945,15.920000076293945,15.920000076293945,103963
2024-03-12 09:50:00-04:00,15.930000305175781,15.975000381469727,15.920000076293945,15.970499992370605,15.970499992370605,99791
2024-03-12 09:51:00-04:00,15.970000267028809,16.019899368286133,15.960800170898438,15.984999656677246,15.984999656677246,149516
2024-03-12 09:52:00-04:00,15.979999542236328,16.030000686645508,15.960000038146973,16.008699417114258,16.008699417114258,127951
2024-03-12 09:53:00-04:00,16.0,16.020000457763672,16.0,16.0,16.0,89685
2024-03-12 09:54:00-04:00,16.00830078125,16.039899826049805,15.979999542236328,16.03499984741211,16.03499984741211,123231
2024-03-12 09:55:00-04:00,16.03499984741211,16.06999969482422,16.030000686645508,16.059999465942383,16.059999465942383,76456
2024-03-12 09:56:00-04:00,16.065000534057617,16.09000015258789,16.059999465942383,16.059999465942383,16.059999465942383,139725
2024-03-12 09:57:00-04:00,16.059999465942383,16.079999923706055,16.049999237060547,16.06999969482422,16.06999969482422,96258
2024-03-12 09:58:00-04:00,16.079999923706055,16.100000381469727,16.06999969482422,16.100000381469727,16.100000381469727,211285
2024-03-12 09:59:00-04:00,16.092500686645508,16.110000610351562,16.09000015258789,16.094999313354492,16.094999313354492,112557
2024-03-12 10:00:00-04:00,16.09000015258789,16.110000610351562,16.09000015258789,16.104999542236328,16.104999542236328,65705
2024-03-12 10:01:00-04:00,16.104999542236328,16.110000610351562,16.09000015258789,16.110000610351562,16.110000610351562,106655
2024-03-12 10:02:00-04:00,16.110000610351562,16.110000610351562,16.049999237060547,16.049999237060547,16.049999237060547,203818
2024-03-12 10:03:00-04:00,16.05500030517578,16.06999969482422,16.030099868774414,16.040000915527344,16.040000915527344,53687
2024-03-12 10:04:00-04:00,16.030000686645508,16.040000915527344,16.020000457763672,16.040000915527344,16.040000915527344,79764
2024-03-12 10:05:00-04:00,16.049999237060547,16.049999237060547,16.020000457763672,16.049999237060547,16.049999237060547,78682
2024-03-12 10:06:00-04:00,16.049999237060547,16.09000015258789,16.040000915527344,16.084999084472656,16.084999084472656,76017
2024-03-12 10:07:00-04:00,16.079999923706055,16.09000015258789,16.06999969482422,16.06999969482422,16.06999969482422,56269
2024-03-12 10:08:00-04:00,16.06999969482422,16.100000381469727,16.06999969482422,16.100000381469727,16.100000381469727,85257
2024-03-12 10:09:00-04:00,16.104999542236328,16.104999542236328,16.06999969482422,16.075000762939453,16.075000762939453,44501
2024-03-12 10:10:00-04:00,16.079999923706055,16.094999313354492,16.06999969482422,16.079999923706055,16.079999923706055,57925
2024-03-12 10:11:00-04:00,16.079999923706055,16.089500427246094,16.049999237060547,16.079999923706055,16.079999923706055,95881
2024-03-12 10:12:00-04:00,16.079999923706055,16.135000228881836,16.079999923706055,16.135000228881836,16.135000228881836,142076
2024-03-12 10:13:00-04:00,16.1299991607666,16.135000228881836,16.104999542236328,16.104999542236328,16.104999542236328,54060
2024-03-12 10:14:00-04:00,16.100000381469727,16.104999542236328,16.059999465942383,16.079999923706055,16.079999923706055,59112
2024-03-12 10:15:00-04:00,16.075000762939453,16.100000381469727,16.06999969482422,16.084999084472656,16.084999084472656,46855
2024-03-12 10:16:00-04:00,16.09000015258789,16.09000015258789,16.049999237060547,16.065000534057617,16.065000534057617,113249
2024-03-12 10:17:00-04:00,16.065000534057617,16.06999969482422,16.049999237060547,16.05500030517578,16.05500030517578,30768
2024-03-12 10:18:00-04:00,16.056900024414062,16.059999465942383,16.049999237060547,16.05500030517578,16.05500030517578,77440
2024-03-12 10:19:00-04:00,16.05500030517578,16.06999969482422,16.052499771118164,16.059999465942383,16.059999465942383,61979
2024-03-12 10:20:00-04:00,16.059999465942383,16.09000015258789,16.059999465942383,16.084999084472656,16.084999084472656,27743
2024-03-12 10:21:00-04:00,16.084999084472656,16.100000381469727,16.059999465942383,16.06999969482422,16.06999969482422,82349
2024-03-12 10:22:00-04:00,16.075000762939453,16.075000762939453,16.045000076293945,16.05500030517578,16.05500030517578,167164
2024-03-12 10:23:00-04:00,16.058500289916992,16.079999923706055,16.058500289916992,16.075000762939453,16.075000762939453,32152
2024-03-12 10:24:00-04:00,16.075000762939453,16.079999923706055,16.059999465942383,16.065000534057617,16.065000534057617,47528
2024-03-12 10:25:00-04:00,16.065000534057617,16.079999923706055,16.05500030517578,16.06999969482422,16.06999969482422,44888
2024-03-12 10:26:00-04:00,16.075000762939453,16.075000762939453,16.05500030517578,16.05500030517578,16.05500030517578,32790
2024-03-12 10:27:00-04:00,16.049999237060547,16.079999923706055,16.049999237060547,16.075000762939453,16.075000762939453,38586
2024-03-12 10:28:00-04:00,16.07939910888672,16.09000015258789,16.065000534057617,16.065000534057617,16.065000534057617,61520
2024-03-12 10:29:00-04:00,16.059999465942383,16.09000015258789,16.059999465942383,16.084999084472656,16.084999084472656,26793
2024-03-12 10:30:00-04:00,16.084999084472656,16.100000381469727,16.084999084472656,16.100000381469727,16.100000381469727,36849
2024-03-12 10:31:00-04:00,16.094999313354492,16.100000381469727,16.079999923706055,16.094999313354492,16.094999313354492,93012
2024-03-12 10:32:00-04:00,16.09000015258789,16.100000381469727,16.06999969482422,16.075000762939453,16.075000762939453,62556
2024-03-12 10:33:00-04:00,16.079999923706055,16.079999923706055,16.065000534057617,16.065000534057617,16.065000534057617,22301
2024-03-12 10:34:00-04:00,16.059999465942383,16.084999084472656,16.059999465942383,16.077999114990234,16.077999114990234,88018
2024-03-12 10:35:00-04:00,16.075000762939453,16.099899291992188,16.072200775146484,16.09000015258789,16.09000015258789,33152
2024-03-12 10:36:00-04:00,16.094999313354492,16.09600067138672,16.079999923706055,16.084999084472656,16.084999084472656,25548
2024-03-12 10:37:00-04:00,16.084999084472656,16.09000015258789,16.06999969482422,16.09000015258789,16.09000015258789,34127
2024-03-12 10:38:00-04:00,16.082500457763672,16.100000381469727,16.079999923706055,16.094999313354492,16.094999313354492,24142
2024-03-12 10:39:00-04:00,16.090099334716797,16.100000381469727,16.0625,16.065000534057617,16.065000534057617,38873
2024-03-12 10:40:00-04:00,16.065000534057617,16.075000762939453,16.059999465942383,16.06999969482422,16.06999969482422,35095
2024-03-12 10:41:00-04:00,16.0625,16.06999969482422,16.049999237060547,16.06999969482422,16.06999969482422,67361
2024-03-12 10:42:00-04:00,16.065000534057617,16.09000015258789,16.065000534057617,16.08989906311035,16.08989906311035,14828
2024-03-12 10:43:00-04:00,16.084999084472656,16.100000381469727,16.079999923706055,16.09000015258789,16.09000015258789,19294
2024-03-12 10:44:00-04:00,16.094999313354492,16.100000381469727,16.079999923706055,16.09000015258789,16.09000015258789,30658
2024-03-12 10:45:00-04:00,16.099300384521484,16.100000381469727,16.09000015258789,16.09000015258789,16.09000015258789,8359
2024-03-12 10:46:00-04:00,16.09000015258789,16.100000381469727,16.09000015258789,16.09950065612793,16.09950065612793,27090
2024-03-12 10:47:00-04:00,16.094999313354492,16.125,16.09000015258789,16.1200008392334,16.1200008392334,73111
2024-03-12 10:48:00-04:00,16.1200008392334,16.128999710083008,16.110000610351562,16.114999771118164,16.114999771118164,31121
2024-03-12 10:49:00-04:00,16.11989974975586,16.1200008392334,16.110000610351562,16.114999771118164,16.114999771118164,31769
2024-03-12 10:50:00-04:00,16.114999771118164,16.1200008392334,16.09000015258789,16.099899291992188,16.099899291992188,49554
2024-03-12 10:51:00-04:00,16.09000015258789,16.1200008392334,16.09000015258789,16.114999771118164,16.114999771118164,39195
2024-03-12 10:52:00-04:00,16.1200008392334,16.1299991607666,16.110000610351562,16.125,16.125,28271
2024-03-12 10:53:00-04:00,16.12030029296875,16.149999618530273,16.1200008392334,16.140100479125977,16.140100479125977,88434
2024-03-12 10:54:00-04:00,16.145000457763672,16.149999618530273,16.139999389648438,16.144800186157227,16.144800186157227,30066
2024-03-12 10:55:00-04:00,16.145000457763672,16.145000457763672,16.110000610351562,16.125,16.125,107916
2024-03-12 10:56:00-04:00,16.1200008392334,16.1200008392334,16.100000381469727,16.110000610351562,16.110000610351562,49645
2024-03-12 10:57:00-04:00,16.109899520874023,16.110000610351562,16.100000381469727,16.100000381469727,16.100000381469727,21843
2024-03-12 10:58:00-04:00,16.104999542236328,16.104999542236328,16.09000015258789,16.094999313354492,16.094999313354492,32636
2024-03-12 10:59:00-04:00,16.099599838256836,16.099599838256836,16.079999923706055,16.09000015258789,16.09000015258789,48544
2024-03-12 11:00:00-04:00,16.084999084472656,16.084999084472656,16.06999969482422,16.075000762939453,16.075000762939453,16173
2024-03-12 11:01:00-04:00,16.072500228881836,16.079999923706055,16.06999969482422,16.06999969482422,16.06999969482422,8693
2024-03-12 11:02:00-04:00,16.075000762939453,16.100000381469727,16.06999969482422,16.094999313354492,16.094999313354492,51539
2024-03-12 11:03:00-04:00,16.094999313354492,16.100000381469727,16.09000015258789,16.094999313354492,16.094999313354492,18777
2024-03-12 11:04:00-04:00,16.094999313354492,16.100000381469727,16.06999969482422,16.075000762939453,16.075000762939453,41068
2024-03-12 11:05:00-04:00,16.06999969482422,16.079999923706055,16.06999969482422,16.075000762939453,16.075000762939453,19025
2024-03-12 11:06:00-04:00,16.075000762939453,16.079999923706055,16.06999969482422,16.075000762939453,16.075000762939453,10052
2024-03-12 11:07:00-04:00,16.079999923706055,16.09749984741211,16.06999969482422,16.084999084472656,16.084999084472656,48383
2024-03-12 11:08:00-04:00,16.084999084472656,16.089000701904297,16.06999969482422,16.075000762939453,16.075000762939453,27710
2024-03-12 11:09:00-04:00,16.079299926757812,16.079999923706055,16.06999969482422,16.079999923706055,16.079999923706055,18547
2024-03-12 11:10:00-04:00,16.075000762939453,16.079999923706055,16.059999465942383,16.079999923706055,16.079999923706055,53265
2024-03-12 11:11:00-04:00,16.075000762939453,16.079999923706055,16.070100784301758,16.075000762939453,16.075000762939453,11437
2024-03-12 11:12:00-04:00,16.06999969482422,16.075000762939453,16.059999465942383,16.059999465942383,16.059999465942383,72889
2024-03-12 11:13:00-04:00,16.059999465942383,16.06999969482422,16.059999465942383,16.065000534057617,16.065000534057617,13220
2024-03-12 11:14:00-04:00,16.069900512695312,16.06999969482422,16.059999465942383,16.065000534057617,16.065000534057617,11912
2024-03-12 11:15:00-04:00,16.065000534057617,16.09000015258789,16.059999465942383,16.079999923706055,16.079999923706055,48117
2024-03-12 11:16:00-04:00,16.09000015258789,16.09000015258789,16.065000534057617,16.065000534057617,16.065000534057617,31397
2024-03-12 11:17:00-04:00,16.065000534057617,16.06999969482422,16.059999465942383,16.065000534057617,16.065000534057617,14206
2024-03-12 11:18:00-04:00,16.06999969482422,16.06999969482422,16.049999237060547,16.05500030517578,16.05500030517578,26204
2024-03-12 11:19:00-04:00,16.05500030517578,16.059999465942383,16.049999237060547,16.049999237060547,16.049999237060547,17217
2024-03-12 11:20:00-04:00,16.050100326538086,16.0575008392334,16.049999237060547,16.049999237060547,16.049999237060547,20458
2024-03-12 11:21:00-04:00,16.05500030517578,16.059999465942383,16.040000915527344,16.057199478149414,16.057199478149414,67207
2024-03-12 11:22:00-04:00,16.05500030517578,16.06999969482422,16.049999237060547,16.06999969482422,16.06999969482422,45223
2024-03-12 11:23:00-04:00,16.069700241088867,16.06999969482422,16.059999465942383,16.06999969482422,16.06999969482422,20847
2024-03-12 11:24:00-04:00,16.065000534057617,16.06999969482422,16.059999465942383,16.065000534057617,16.065000534057617,11665
2024-03-12 11:25:00-04:00,16.065000534057617,16.066999435424805,16.040000915527344,16.045000076293945,16.045000076293945,56374
2024-03-12 11:26:00-04:00,16.045000076293945,16.04990005493164,16.030000686645508,16.03499984741211,16.03499984741211,91344
2024-03-12 11:27:00-04:00,16.03499984741211,16.040000915527344,16.030000686645508,16.03499984741211,16.03499984741211,15761
2024-03-12 11:28:00-04:00,16.03499984741211,16.040000915527344,16.030000686645508,16.040000915527344,16.040000915527344,36989
2024-03-12 11:29:00-04:00,16.03499984741211,16.040000915527344,16.030000686645508,16.03499984741211,16.03499984741211,9166
2024-03-12 11:30:00-04:00,16.040000915527344,16.040000915527344,16.030000686645508,16.03499984741211,16.03499984741211,32566
2024-03-12 11:31:00-04:00,16.035900115966797,16.040000915527344,16.030000686645508,16.040000915527344,16.040000915527344,26003
2024-03-12 11:32:00-04:00,16.03499984741211,16.040000915527344,16.030000686645508,16.03499984741211,16.03499984741211,8244
2024-03-12 11:33:00-04:00,16.038000106811523,16.049999237060547,16.030000686645508,16.040000915527344,16.040000915527344,60075
2024-03-12 11:34:00-04:00,16.049999237060547,16.049999237060547,16.040000915527344,16.045000076293945,16.045000076293945,19311
2024-03-12 11:35:00-04:00,16.049699783325195,16.06999969482422,16.040000915527344,16.06999969482422,16.06999969482422,85659
2024-03-12 11:36:00-04:00,16.065000534057617,16.06999969482422,16.060100555419922,16.065000534057617,16.065000534057617,7231
2024-03-12 11:37:00-04:00,16.06599998474121,16.06999969482422,16.059999465942383,16.065000534057617,16.065000534057617,40577
2024-03-12 11:38:00-04:00,16.065000534057617,16.09000015258789,16.059999465942383,16.09000015258789,16.09000015258789,71312
2024-03-12 11:39:00-04:00,16.09000015258789,16.09000015258789,16.06999969482422,16.079999923706055,16.079999923706055,58310
2024-03-12 11:40:00-04:00,16.075000762939453,16.079999923706055,16.059999465942383,16.059999465942383,16.059999465942383,62628
2024-03-12 11:41:00-04:00,16.065000534057617,16.06999969482422,16.059999465942383,16.059999465942383,16.059999465942383,15882
2024-03-12 11:42:00-04:00,16.065000534057617,16.06999969482422,16.059999465942383,16.059999465942383,16.059999465942383,21499
2024-03-12 11:43:00-04:00,16.065000534057617,16.06999969482422,16.049999237060547,16.049999237060547,16.049999237060547,20012
2024-03-12 11:44:00-04:00,16.05500030517578,16.05500030517578,16.049999237060547,16.05500030517578,16.05500030517578,7408
2024-03-12 11:45:00-04:00,16.054500579833984,16.05500030517578,16.040000915527344,16.045000076293945,16.045000076293945,28525
2024-03-12 11:46:00-04:00,16.045000076293945,16.045000076293945,16.022499084472656,16.02669906616211,16.02669906616211,47340
2024-03-12 11:47:00-04:00,16.024999618530273,16.03660011291504,16.020000457763672,16.03499984741211,16.03499984741211,23212
2024-03-12 11:48:00-04:00,16.03499984741211,16.040000915527344,16.030000686645508,16.039899826049805,16.039899826049805,17418
2024-03-12 11:49:00-04:00,16.032499313354492,16.040000915527344,16.030000686645508,16.03499984741211,16.03499984741211,14275
2024-03-12 11:50:00-04:00,16.040000915527344,16.04990005493164,16.030000686645508,16.030000686645508,16.030000686645508,25864
2024-03-12 11:51:00-04:00,16.03499984741211,16.040000915527344,16.030000686645508,16.03499984741211,16.03499984741211,9719
2024-03-12 11:52:00-04:00,16.035600662231445,16.040000915527344,16.030000686645508,16.032499313354492,16.032499313354492,9728
2024-03-12 11:53:00-04:00,16.03499984741211,16.040000915527344,16.030000686645508,16.03499984741211,16.03499984741211,12461
2024-03-12 11:54:00-04:00,16.030000686645508,16.040000915527344,16.030000686645508,16.03499984741211,16.03499984741211,18134
2024-03-12 11:55:00-04:00,16.040000915527344,16.040000915527344,16.030000686645508,16.030000686645508,16.030000686645508,4961
2024-03-12 11:56:00-04:00,16.03499984741211,16.040000915527344,16.030000686645508,16.040000915527344,16.040000915527344,10136
2024-03-12 11:57:00-04:00,16.03499984741211,16.049999237060547,16.030000686645508,16.049999237060547,16.049999237060547,71534
2024-03-12 11:58:00-04:00,16.045000076293945,16.059999465942383,16.045000076293945,16.059999465942383,16.059999465942383,27349
2024-03-12 11:59:00-04:00,16.052499771118164,16.065000534057617,16.040000915527344,16.045000076293945,16.045000076293945,55983
2024-03-12 12:00:00-04:00,16.045000076293945,16.049999237060547,16.040000915527344,16.045000076293945,16.045000076293945,9591
2024-03-12 12:01:00-04:00,16.040000915527344,16.045000076293945,16.030000686645508,16.03499984741211,16.03499984741211,23382
2024-03-12 12:02:00-04:00,16.03499984741211,16.03969955444336,16.010000228881836,16.014999389648438,16.014999389648438,54861
2024-03-12 12:03:00-04:00,16.020000457763672,16.020000457763672,16.010000228881836,16.014999389648438,16.014999389648438,13781
2024-03-12 12:04:00-04:00,16.010000228881836,16.020000457763672,16.010000228881836,16.014999389648438,16.014999389648438,37340
2024-03-12 12:05:00-04:00,16.014999389648438,16.020000457763672,16.010000228881836,16.010000228881836,16.010000228881836,29983
2024-03-12 12:06:00-04:00,16.010000228881836,16.020000457763672,16.010000228881836,16.018999099731445,16.018999099731445,18864
2024-03-12 12:07:00-04:00,16.014999389648438,16.020000457763672,16.00029945373535,16.010000228881836,16.010000228881836,73207
2024-03-12 12:08:00-04:00,16.010000228881836,16.010000228881836,16.0,16.00979995727539,16.00979995727539,14888
2024-03-12 12:09:00-04:00,16.0049991607666,16.010000228881836,15.979999542236328,15.979999542236328,15.979999542236328,112696
2024-03-12 12:10:00-04:00,15.984999656677246,15.989999771118164,15.979999542236328,15.979999542236328,15.979999542236328,30617
2024-03-12 12:11:00-04:00,15.979999542236328,15.989999771118164,15.979999542236328,15.984999656677246,15.984999656677246,44885
2024-03-12 12:12:00-04:00,15.989999771118164,15.994999885559082,15.979999542236328,15.994999885559082,15.994999885559082,78726
2024-03-12 12:13:00-04:00,15.994999885559082,16.020000457763672,15.994999885559082,16.010000228881836,16.010000228881836,64330
2024-03-12 12:14:00-04:00,16.014999389648438,16.020000457763672,16.0,16.0049991607666,16.0049991607666,25255
2024-03-12 12:15:00-04:00,16.007999420166016,16.010000228881836,16.0,16.010000228881836,16.010000228881836,38547
2024-03-12 12:16:00-04:00,16.002500534057617,16.010000228881836,16.0,16.002500534057617,16.002500534057617,15844
2024-03-12 12:17:00-04:00,16.0,16.020000457763672,16.0,16.020000457763672,16.020000457763672,29851
2024-03-12 12:18:00-04:00,16.020000457763672,16.020000457763672,16.0,16.000999450683594,16.000999450683594,53544
2024-03-12 12:19:00-04:00,16.0049991607666,16.010000228881836,16.0,16.010000228881836,16.010000228881836,24436
2024-03-12 12:20:00-04:00,16.0049991607666,16.010000228881836,16.0,16.0049991607666,16.0049991607666,15333
2024-03-12 12:21:00-04:00,16.0,16.0,15.97249984741211,15.979999542236328,15.979999542236328,63160
2024-03-12 12:22:00-04:00,15.975000381469727,16.0,15.970000267028809,15.989999771118164,15.989999771118164,53457
2024-03-12 12:23:00-04:00,15.994999885559082,16.0,15.989999771118164,15.997300148010254,15.997300148010254,15300
2024-03-12 12:24:00-04:00,15.994999885559082,16.00950050354004,15.990099906921387,16.005300521850586,16.005300521850586,25278
2024-03-12 12:25:00-04:00,16.010000228881836,16.010000228881836,15.989999771118164,16.0049991607666,16.0049991607666,32392
2024-03-12 12:26:00-04:00,16.0,16.014999389648438,16.0,16.014999389648438,16.014999389648438,19875
2024-03-12 12:27:00-04:00,16.014999389648438,16.020000457763672,16.0,16.0049991607666,16.0049991607666,18417
2024-03-12 12:28:00-04:00,16.0049991607666,16.010000228881836,16.0,16.010000228881836,16.010000228881836,10493
2024-03-12 12:29:00-04:00,16.004600524902344,16.010000228881836,15.979999542236328,15.984999656677246,15.984999656677246,38003
2024-03-12 12:30:00-04:00,15.984999656677246,15.989999771118164,15.979999542236328,15.989999771118164,15.989999771118164,19285
2024-03-12 12:31:00-04:00,15.984999656677246,16.0,15.979999542236328,16.0,16.0,26862
2024-03-12 12:32:00-04:00,15.998100280761719,16.0,15.989999771118164,16.0,16.0,10950
2024-03-12 12:33:00-04:00,15.994999885559082,16.0,15.979999542236328,15.979999542236328,15.979999542236328,32294
2024-03-12 12:34:00-04:00,15.984999656677246,15.994999885559082,15.979999542236328,15.979999542236328,15.979999542236328,49408
2024-03-12 12:35:00-04:00,15.984999656677246,15.989999771118164,15.979999542236328,15.984999656677246,15.984999656677246,39178
2024-03-12 12:36:00-04:00,15.984999656677246,15.9891996383667,15.970000267028809,15.984999656677246,15.984999656677246,66992
2024-03-12 12:37:00-04:00,15.984999656677246,16.0,15.979999542236328,16.0,16.0,41481
2024-03-12 12:38:00-04:00,15.989999771118164,15.994999885559082,15.979999542236328,15.984999656677246,15.984999656677246,43767
2024-03-12 12:39:00-04:00,15.984999656677246,15.984999656677246,15.970000267028809,15.975000381469727,15.975000381469727,38406
2024-03-12 12:40:00-04:00,15.970000267028809,15.970000267028809,15.949999809265137,15.96399974822998,15.96399974822998,70125
2024-03-12 12:41:00-04:00,15.96500015258789,15.970000267028809,15.960000038146973,15.965999603271484,15.965999603271484,10725
2024-03-12 12:42:00-04:00,15.96500015258789,15.965999603271484,15.949999809265137,15.949999809265137,15.949999809265137,40496
2024-03-12 12:43:00-04:00,15.954999923706055,15.960000038146973,15.949999809265137,15.954999923706055,15.954999923706055,8203
2024-03-12 12:44:00-04:00,15.954999923706055,15.960000038146973,15.949999809265137,15.954999923706055,15.954999923706055,16899
2024-03-12 12:45:00-04:00,15.949999809265137,15.960000038146973,15.920000076293945,15.925000190734863,15.925000190734863,165562
2024-03-12 12:46:00-04:00,15.930000305175781,15.9399995803833,15.914999961853027,15.914999961853027,15.914999961853027,52016
2024-03-12 12:47:00-04:00,15.918999671936035,15.920000076293945,15.90999984741211,15.919899940490723,15.919899940490723,14153
2024-03-12 12:48:00-04:00,15.914999961853027,15.930000305175781,15.90999984741211,15.920000076293945,15.920000076293945,41147
2024-03-12 12:49:00-04:00,15.920100212097168,15.9399995803833,15.914999961853027,15.9350004196167,15.9350004196167,50475
2024-03-12 12:50:00-04:00,15.939900398254395,15.9399995803833,15.930000305175781,15.9350004196167,15.9350004196167,11521
2024-03-12 12:51:00-04:00,15.9350004196167,15.949999809265137,15.930000305175781,15.930000305175781,15.930000305175781,44586
2024-03-12 12:52:00-04:00,15.930000305175781,15.939900398254395,15.930000305175781,15.9350004196167,15.9350004196167,6015
2024-03-12 12:53:00-04:00,15.930800437927246,15.945199966430664,15.930000305175781,15.9399995803833,15.9399995803833,29807
2024-03-12 12:54:00-04:00,15.9399995803833,15.949999809265137,15.9399995803833,15.949899673461914,15.949899673461914,5930
2024-03-12 12:55:00-04:00,15.9399995803833,15.949999809265137,15.9399995803833,15.9399995803833,15.9399995803833,8800
2024-03-12 12:56:00-04:00,15.944999694824219,15.949999809265137,15.930000305175781,15.9350004196167,15.9350004196167,70077
2024-03-12 12:57:00-04:00,15.930000305175781,15.949999809265137,15.930000305175781,15.944999694824219,15.944999694824219,32921
2024-03-12 12:58:00-04:00,15.9399995803833,15.949999809265137,15.9399995803833,15.944999694824219,15.944999694824219,17300
2024-03-12 12:59:00-04:00,15.9399995803833,15.960000038146973,15.9399995803833,15.954999923706055,15.954999923706055,37442
2024-03-12 13:00:00-04:00,15.954999923706055,15.960000038146973,15.949999809265137,15.954999923706055,15.954999923706055,8255
2024-03-12 13:01:00-04:00,15.954999923706055,15.95989990234375,15.9399995803833,15.9399995803833,15.9399995803833,36780
2024-03-12 13:02:00-04:00,15.9399995803833,15.948599815368652,15.930000305175781,15.9350004196167,15.9350004196167,27041
2024-03-12 13:03:00-04:00,15.9350004196167,15.949999809265137,15.930000305175781,15.9399995803833,15.9399995803833,67026
2024-03-12 13:04:00-04:00,15.944999694824219,15.95829963684082,15.9399995803833,15.95680046081543,15.95680046081543,24303
2024-03-12 13:05:00-04:00,15.954999923706055,15.969900131225586,15.9399995803833,15.9399995803833,15.9399995803833,108535
2024-03-12 13:06:00-04:00,15.9399995803833,15.949999809265137,15.9399995803833,15.944999694824219,15.944999694824219,7376
2024-03-12 13:07:00-04:00,15.944999694824219,15.949999809265137,15.9399995803833,15.944999694824219,15.944999694824219,11716
2024-03-12 13:08:00-04:00,15.944999694824219,15.949999809265137,15.930000305175781,15.9350004196167,15.9350004196167,33796
2024-03-12 13:09:00-04:00,15.930000305175781,15.930000305175781,15.920000076293945,15.920000076293945,15.920000076293945,20873
2024-03-12 13:10:00-04:00,15.929900169372559,15.9350004196167,15.920000076293945,15.925000190734863,15.925000190734863,39609
2024-03-12 13:11:00-04:00,15.927900314331055,15.9399995803833,15.925000190734863,15.9350004196167,15.9350004196167,21734
2024-03-12 13:12:00-04:00,15.930000305175781,15.930000305175781,15.920000076293945,15.927499771118164,15.927499771118164,20092
2024-03-12 13:13:00-04:00,15.928000450134277,15.949999809265137,15.920000076293945,15.9399995803833,15.9399995803833,29599
2024-03-12 13:14:00-04:00,15.944999694824219,15.949999809265137,15.9399995803833,15.949999809265137,15.949999809265137,16003
2024-03-12 13:15:00-04:00,15.944999694824219,15.949999809265137,15.9399995803833,15.9399995803833,15.9399995803833,11329
2024-03-12 13:16:00-04:00,15.9399995803833,15.949999809265137,15.9399995803833,15.944999694824219,15.944999694824219,9820
2024-03-12 13:17:00-04:00,15.949999809265137,15.949999809265137,15.9399995803833,15.949999809265137,15.949999809265137,27518
2024-03-12 13:18:00-04:00,15.944999694824219,15.979999542236328,15.9399995803833,15.975000381469727,15.975000381469727,104824
2024-03-12 13:19:00-04:00,15.975000381469727,15.989999771118164,15.975000381469727,15.989899635314941,15.989899635314941,15553
2024-03-12 13:20:00-04:00,15.989899635314941,15.989999771118164,15.98009967803955,15.984000205993652,15.984000205993652,21281
2024-03-12 13:21:00-04:00,15.984999656677246,15.989999771118164,15.979999542236328,15.989999771118164,15.989999771118164,26153
2024-03-12 13:22:00-04:00,15.989999771118164,15.989999771118164,15.970000267028809,15.979999542236328,15.979999542236328,58380
2024-03-12 13:23:00-04:00,15.975000381469727,15.989899635314941,15.960000038146973,15.979999542236328,15.979999542236328,52163
2024-03-12 13:24:00-04:00,15.979999542236328,15.988100051879883,15.979999542236328,15.984999656677246,15.984999656677246,10025
2024-03-12 13:25:00-04:00,15.979999542236328,15.989999771118164,15.979999542236328,15.989999771118164,15.989999771118164,11289
2024-03-12 13:26:00-04:00,15.984999656677246,15.999899864196777,15.979999542236328,15.999899864196777,15.999899864196777,33447
2024-03-12 13:27:00-04:00,15.994999885559082,16.010000228881836,15.989999771118164,16.0,16.0,46551
2024-03-12 13:28:00-04:00,16.0049991607666,16.009899139404297,15.989999771118164,16.0,16.0,43053
2024-03-12 13:29:00-04:00,16.0049991607666,16.010000228881836,16.0,16.0049991607666,16.0049991607666,17914
2024-03-12 13:30:00-04:00,16.0,16.020000457763672,16.0,16.014999389648438,16.014999389648438,32219
2024-03-12 13:31:00-04:00,16.010000228881836,16.020000457763672,16.010000228881836,16.017200469970703,16.017200469970703,10408
2024-03-12 13:32:00-04:00,16.014999389648438,16.020000457763672,16.010000228881836,16.012500762939453,16.012500762939453,13016
2024-03-12 13:33:00-04:00,16.014999389648438,16.020000457763672,16.010000228881836,16.014999389648438,16.014999389648438,20749
2024-03-12 13:34:00-04:00,16.013999938964844,16.030000686645508,16.010000228881836,16.024999618530273,16.024999618530273,67968
2024-03-12 13:35:00-04:00,16.030000686645508,16.030000686645508,16.001300811767578,16.00860023498535,16.00860023498535,40081
2024-03-12 13:36:00-04:00,16.0049991607666,16.020000457763672,16.0,16.015199661254883,16.015199661254883,96881
2024-03-12 13:37:00-04:00,16.020000457763672,16.02989959716797,16.01580047607422,16.02989959716797,16.02989959716797,12922
2024-03-12 13:38:00-04:00,16.024999618530273,16.049999237060547,16.024999618530273,16.04010009765625,16.04010009765625,98348
2024-03-12 13:39:00-04:00,16.040000915527344,16.049999237060547,16.040000915527344,16.045000076293945,16.045000076293945,29433
2024-03-12 13:40:00-04:00,16.04990005493164,16.06999969482422,16.042499542236328,16.065000534057617,16.065000534057617,50022
2024-03-12 13:41:00-04:00,16.06999969482422,16.06999969482422,16.049999237060547,16.052000045776367,16.052000045776367,40611
2024-03-12 13:42:00-04:00,16.049999237060547,16.06999969482422,16.049999237060547,16.06999969482422,16.06999969482422,56354
2024-03-12 13:43:00-04:00,16.060100555419922,16.079999923706055,16.059999465942383,16.07080078125,16.07080078125,37407
2024-03-12 13:44:00-04:00,16.075000762939453,16.079999923706055,16.06999969482422,16.07029914855957,16.07029914855957,14018
2024-03-12 13:45:00-04:00,16.075000762939453,16.079999923706055,16.072500228881836,16.079999923706055,16.079999923706055,19270
2024-03-12 13:46:00-04:00,16.07670021057129,16.07670021057129,16.059999465942383,16.069900512695312,16.069900512695312,84104
2024-03-12 13:47:00-04:00,16.060300827026367,16.079999923706055,16.060100555419922,16.075000762939453,16.075000762939453,23995
2024-03-12 13:48:00-04:00,16.075000762939453,16.079999923706055,16.065000534057617,16.06999969482422,16.06999969482422,47458
2024-03-12 13:49:00-04:00,16.065000534057617,16.075000762939453,16.060300827026367,16.06999969482422,16.06999969482422,38563
2024-03-12 13:50:00-04:00,16.06999969482422,16.075000762939453,16.05500030517578,16.059900283813477,16.059900283813477,19157
2024-03-12 13:51:00-04:00,16.058700561523438,16.06999969482422,16.049999237060547,16.059999465942383,16.059999465942383,48841
2024-03-12 13:52:00-04:00,16.065000534057617,16.06999969482422,16.059999465942383,16.060100555419922,16.060100555419922,9102
2024-03-12 13:53:00-04:00,16.065000534057617,16.065000534057617,16.049999237060547,16.05739974975586,16.05739974975586,128416
2024-03-12 13:54:00-04:00,16.049999237060547,16.06999969482422,16.049999237060547,16.06999969482422,16.06999969482422,48082
2024-03-12 13:55:00-04:00,16.065000534057617,16.06999969482422,16.059999465942383,16.065000534057617,16.065000534057617,15208
2024-03-12 13:56:00-04:00,16.065000534057617,16.06999969482422,16.060300827026367,16.0625,16.0625,6174
2024-03-12 13:57:00-04:00,16.065000534057617,16.06999969482422,16.059999465942383,16.065000534057617,16.065000534057617,24220
2024-03-12 13:58:00-04:00,16.065000534057617,16.06999969482422,16.060100555419922,16.06839942932129,16.06839942932129,7247
2024-03-12 13:59:00-04:00,16.065000534057617,16.09000015258789,16.059999465942383,16.09000015258789,16.09000015258789,77455
2024-03-12 14:00:00-04:00,16.09000015258789,16.09000015258789,16.079999923706055,16.086000442504883,16.086000442504883,29222
2024-03-12 14:01:00-04:00,16.084999084472656,16.09000015258789,16.079999923706055,16.084999084472656,16.084999084472656,16184
2024-03-12 14:02:00-04:00,16.081300735473633,16.081300735473633,16.06999969482422,16.075000762939453,16.075000762939453,40613
2024-03-12 14:03:00-04:00,16.07069969177246,16.07859992980957,16.06999969482422,16.070100784301758,16.070100784301758,21120
2024-03-12 14:04:00-04:00,16.075000762939453,16.09000015258789,16.06999969482422,16.084999084472656,16.084999084472656,49104
2024-03-12 14:05:00-04:00,16.09000015258789,16.100000381469727,16.08009910583496,16.100000381469727,16.100000381469727,60157
2024-03-12 14:06:00-04:00,16.09600067138672,16.100000381469727,16.09000015258789,16.09000015258789,16.09000015258789,20146
2024-03-12 14:07:00-04:00,16.094999313354492,16.094999313354492,16.079999923706055,16.089799880981445,16.089799880981445,75708
2024-03-12 14:08:00-04:00,16.08989906311035,16.100000381469727,16.08009910583496,16.09000015258789,16.09000015258789,15590
2024-03-12 14:09:00-04:00,16.094999313354492,16.110000610351562,16.09000015258789,16.104999542236328,16.104999542236328,96082
2024-03-12 14:10:00-04:00,16.110000610351562,16.1200008392334,16.110000610351562,16.11989974975586,16.11989974975586,78933
2024-03-12 14:11:00-04:00,16.114999771118164,16.135700225830078,16.11009979248047,16.135000228881836,16.135000228881836,55467
2024-03-12 14:12:00-04:00,16.1299991607666,16.139999389648438,16.1200008392334,16.139699935913086,16.139699935913086,84377
2024-03-12 14:13:00-04:00,16.1299991607666,16.139999389648438,16.1299991607666,16.135000228881836,16.135000228881836,47740
2024-03-12 14:14:00-04:00,16.13010025024414,16.149999618530273,16.13010025024414,16.149999618530273,16.149999618530273,82084
2024-03-12 14:15:00-04:00,16.149999618530273,16.15999984741211,16.149999618530273,16.155000686645508,16.155000686645508,138880
2024-03-12 14:16:00-04:00,16.15999984741211,16.199100494384766,16.15999984741211,16.19499969482422,16.19499969482422,109613
2024-03-12 14:17:00-04:00,16.19499969482422,16.200000762939453,16.190000534057617,16.200000762939453,16.200000762939453,54650
2024-03-12 14:18:00-04:00,16.197999954223633,16.209999084472656,16.190000534057617,16.202299118041992,16.202299118041992,129489
2024-03-12 14:19:00-04:00,16.209999084472656,16.229999542236328,16.20009994506836,16.21500015258789,16.21500015258789,233406
2024-03-12 14:20:00-04:00,16.21500015258789,16.219900131225586,16.17020034790039,16.195999145507812,16.195999145507812,114620
2024-03-12 14:21:00-04:00,16.190000534057617,16.209999084472656,16.190000534057617,16.200599670410156,16.200599670410156,30635
2024-03-12 14:22:00-04:00,16.20989990234375,16.219999313354492,16.190000534057617,16.19300079345703,16.19300079345703,66619
2024-03-12 14:23:00-04:00,16.190000534057617,16.200000762939453,16.170000076293945,16.174999237060547,16.174999237060547,73147
2024-03-12 14:24:00-04:00,16.174999237060547,16.189899444580078,16.15999984741211,16.189899444580078,16.189899444580078,62050
2024-03-12 14:25:00-04:00,16.184999465942383,16.190000534057617,16.180299758911133,16.184999465942383,16.184999465942383,43757
2024-03-12 14:26:00-04:00,16.184999465942383,16.190000534057617,16.18000030517578,16.18429946899414,16.18429946899414,19914
2024-03-12 14:27:00-04:00,16.184999465942383,16.189899444580078,16.18000030517578,16.184999465942383,16.184999465942383,14835
2024-03-12 14:28:00-04:00,16.1830997467041,16.190000534057617,16.170000076293945,16.174999237060547,16.174999237060547,54124
2024-03-12 14:30:00-04:00,16.174999237060547,16.18000030517578,16.149999618530273,16.15999984741211,16.15999984741211,191033
2024-03-12 14:31:00-04:00,16.15999984741211,16.170000076293945,16.139999389648438,16.155000686645508,16.155000686645508,93217
2024-03-12 14:32:00-04:00,16.15999984741211,16.165000915527344,16.155000686645508,16.15999984741211,16.15999984741211,30564
2024-03-12 14:33:00-04:00,16.15999984741211,16.15999984741211,16.149999618530273,16.150100708007812,16.150100708007812,41244
2024-03-12 14:34:00-04:00,16.155000686645508,16.170000076293945,16.152700424194336,16.165000915527344,16.165000915527344,21468
2024-03-12 14:35:00-04:00,16.15999984741211,16.176000595092773,16.15999984741211,16.174999237060547,16.174999237060547,24495
2024-03-12 14:36:00-04:00,16.177099227905273,16.18000030517578,16.174299240112305,16.18000030517578,16.18000030517578,10795
2024-03-12 14:37:00-04:00,16.18000030517578,16.18000030517578,16.15999984741211,16.174999237060547,16.174999237060547,32370
2024-03-12 14:38:00-04:00,16.174999237060547,16.174999237060547,16.155000686645508,16.15999984741211,16.15999984741211,16894
2024-03-12 14:39:00-04:00,16.149999618530273,16.170000076293945,16.149999618530273,16.170000076293945,16.170000076293945,13945
2024-03-12 14:40:00-04:00,16.16990089416504,16.170000076293945,16.16010093688965,16.165000915527344,16.165000915527344,8258
2024-03-12 14:41:00-04:00,16.170000076293945,16.170000076293945,16.149999618530273,16.150100708007812,16.150100708007812,24165
2024-03-12 14:42:00-04:00,16.149999618530273,16.159900665283203,16.149999618530273,16.155000686645508,16.155000686645508,21259
2024-03-12 14:43:00-04:00,16.159099578857422,16.159099578857422,16.145000457763672,16.155000686645508,16.155000686645508,31052
2024-03-12 14:44:00-04:00,16.155000686645508,16.15999984741211,16.149999618530273,16.155000686645508,16.155000686645508,2731
2024-03-12 14:45:00-04:00,16.15250015258789,16.170000076293945,16.15250015258789,16.165000915527344,16.165000915527344,15411
2024-03-12 14:46:00-04:00,16.170000076293945,16.170000076293945,16.15999984741211,16.170000076293945,16.170000076293945,12900
2024-03-12 14:47:00-04:00,16.170000076293945,16.190000534057617,16.170000076293945,16.184999465942383,16.184999465942383,31925
2024-03-12 14:48:00-04:00,16.190000534057617,16.190000534057617,16.180299758911133,16.190000534057617,16.190000534057617,10874
2024-03-12 14:49:00-04:00,16.186500549316406,16.190000534057617,16.170000076293945,16.174999237060547,16.174999237060547,69126
2024-03-12 14:50:00-04:00,16.170000076293945,16.190000534057617,16.170000076293945,16.170799255371094,16.170799255371094,39562
2024-03-12 14:51:00-04:00,16.174999237060547,16.18000030517578,16.170000076293945,16.174999237060547,16.174999237060547,5066
2024-03-12 14:52:00-04:00,16.174999237060547,16.184999465942383,16.170000076293945,16.18000030517578,16.18000030517578,26825
2024-03-12 14:53:00-04:00,16.18000030517578,16.18000030517578,16.170000076293945,16.174999237060547,16.174999237060547,17966
2024-03-12 14:54:00-04:00,16.170700073242188,16.179899215698242,16.15999984741211,16.176000595092773,16.176000595092773,55088
2024-03-12 14:55:00-04:00,16.18000030517578,16.190000534057617,16.174999237060547,16.180999755859375,16.180999755859375,29506
2024-03-12 14:56:00-04:00,16.190000534057617,16.190000534057617,16.170000076293945,16.174999237060547,16.174999237060547,47546
2024-03-12 14:57:00-04:00,16.172500610351562,16.184999465942383,16.172500610351562,16.18000030517578,16.18000030517578,20789
2024-03-12 14:58:00-04:00,16.176000595092773,16.190000534057617,16.17009925842285,16.184999465942383,16.184999465942383,41950
2024-03-12 14:59:00-04:00,16.18000030517578,16.184999465942383,16.170000076293945,16.18000030517578,16.18000030517578,25949
2024-03-12 15:00:00-04:00,16.17959976196289,16.200000762939453,16.17959976196289,16.190000534057617,16.190000534057617,91639
2024-03-12 15:01:00-04:00,16.19499969482422,16.200000762939453,16.190000534057617,16.19499969482422,16.19499969482422,28444
2024-03-12 15:02:00-04:00,16.19499969482422,16.200000762939453,16.190000534057617,16.200000762939453,16.200000762939453,37359
2024-03-12 15:03:00-04:00,16.19499969482422,16.204999923706055,16.190000534057617,16.204999923706055,16.204999923706055,37843
2024-03-12 15:04:00-04:00,16.204999923706055,16.209999084472656,16.204999923706055,16.209800720214844,16.209800720214844,13695
2024-03-12 15:05:00-04:00,16.204999923706055,16.209999084472656,16.190000534057617,16.190000534057617,16.190000534057617,37348
2024-03-12 15:06:00-04:00,16.19499969482422,16.19499969482422,16.190000534057617,16.19499969482422,16.19499969482422,12458
2024-03-12 15:07:00-04:00,16.190000534057617,16.19499969482422,16.18000030517578,16.18000030517578,16.18000030517578,27162
2024-03-12 15:08:00-04:00,16.18000030517578,16.190000534057617,16.18000030517578,16.184999465942383,16.184999465942383,21652
2024-03-12 15:09:00-04:00,16.184999465942383,16.190000534057617,16.18000030517578,16.184999465942383,16.184999465942383,5610
2024-03-12 15:10:00-04:00,16.184999465942383,16.190000534057617,16.18000030517578,16.190000534057617,16.190000534057617,12587
2024-03-12 15:11:00-04:00,16.18899917602539,16.190000534057617,16.18000030517578,16.1825008392334,16.1825008392334,14018
2024-03-12 15:12:00-04:00,16.190000534057617,16.200000762939453,16.1825008392334,16.200000762939453,16.200000762939453,40144
2024-03-12 15:13:00-04:00,16.200000762939453,16.204999923706055,16.190099716186523,16.204999923706055,16.204999923706055,62418
2024-03-12 15:14:00-04:00,16.20599937438965,16.209999084472656,16.20009994506836,16.20009994506836,16.20009994506836,20490
2024-03-12 15:15:00-04:00,16.209999084472656,16.209999084472656,16.203100204467773,16.209999084472656,16.209999084472656,14429
2024-03-12 15:16:00-04:00,16.209999084472656,16.209999084472656,16.18000030517578,16.184999465942383,16.184999465942383,162660
2024-03-12 15:17:00-04:00,16.190000534057617,16.190000534057617,16.170000076293945,16.170000076293945,16.170000076293945,38091
2024-03-12 15:18:00-04:00,16.174999237060547,16.174999237060547,16.15999984741211,16.15999984741211,16.15999984741211,20953
2024-03-12 15:19:00-04:00,16.15999984741211,16.166500091552734,16.1299991607666,16.1564998626709,16.1564998626709,123146
2024-03-12 15:20:00-04:00,16.155000686645508,16.170000076293945,16.149999618530273,16.170000076293945,16.170000076293945,78234
2024-03-12 15:21:00-04:00,16.16010093688965,16.174999237060547,16.16010093688965,16.170000076293945,16.170000076293945,42083
2024-03-12 15:22:00-04:00,16.166099548339844,16.18000030517578,16.166099548339844,16.18000030517578,16.18000030517578,21643
2024-03-12 15:23:00-04:00,16.178199768066406,16.18000030517578,16.170000076293945,16.18000030517578,16.18000030517578,18985
2024-03-12 15:24:00-04:00,16.174999237060547,16.18000030517578,16.172500610351562,16.179899215698242,16.179899215698242,21921
2024-03-12 15:25:00-04:00,16.18000030517578,16.184999465942383,16.170000076293945,16.18000030517578,16.18000030517578,103695
2024-03-12 15:26:00-04:00,16.174999237060547,16.18000030517578,16.17009925842285,16.18000030517578,16.18000030517578,14054
2024-03-12 15:27:00-04:00,16.18000030517578,16.18000030517578,16.149999618530273,16.1560001373291,16.1560001373291,62307
2024-03-12 15:28:00-04:00,16.155000686645508,16.15999984741211,16.149999618530273,16.155000686645508,16.155000686645508,14084
2024-03-12 15:29:00-04:00,16.155000686645508,16.15999984741211,16.149999618530273,16.155000686645508,16.155000686645508,14892
2024-03-12 15:30:00-04:00,16.155000686645508,16.15999984741211,16.149999618530273,16.149999618530273,16.149999618530273,18142
2024-03-12 15:31:00-04:00,16.15999984741211,16.15999984741211,16.149999618530273,16.159900665283203,16.159900665283203,13876
2024-03-12 15:32:00-04:00,16.15999984741211,16.15999984741211,16.141000747680664,16.149999618530273,16.149999618530273,77743
2024-03-12 15:33:00-04:00,16.149999618530273,16.170000076293945,16.142499923706055,16.165000915527344,16.165000915527344,43370
2024-03-12 15:34:00-04:00,16.16900062561035,16.170000076293945,16.15999984741211,16.165000915527344,16.165000915527344,20462
2024-03-12 15:35:00-04:00,16.165000915527344,16.165000915527344,16.149999618530273,16.159900665283203,16.159900665283203,42772
2024-03-12 15:36:00-04:00,16.152999877929688,16.15999984741211,16.149999618530273,16.15999984741211,16.15999984741211,34055
2024-03-12 15:37:00-04:00,16.157699584960938,16.15999984741211,16.1299991607666,16.135000228881836,16.135000228881836,78265
2024-03-12 15:38:00-04:00,16.137800216674805,16.139999389648438,16.1299991607666,16.13990020751953,16.13990020751953,21384
2024-03-12 15:39:00-04:00,16.1299991607666,16.149999618530273,16.1299991607666,16.149999618530273,16.149999618530273,49731
2024-03-12 15:40:00-04:00,16.149999618530273,16.155000686645508,16.139999389648438,16.142499923706055,16.142499923706055,50855
2024-03-12 15:41:00-04:00,16.149999618530273,16.15999984741211,16.145000457763672,16.15999984741211,16.15999984741211,38782
2024-03-12 15:42:00-04:00,16.155000686645508,16.170000076293945,16.149999618530273,16.170000076293945,16.170000076293945,32123
2024-03-12 15:43:00-04:00,16.170000076293945,16.18000030517578,16.170000076293945,16.174999237060547,16.174999237060547,59639
2024-03-12 15:44:00-04:00,16.18000030517578,16.184999465942383,16.15999984741211,16.165000915527344,16.165000915527344,149434
2024-03-12 15:45:00-04:00,16.165000915527344,16.18000030517578,16.165000915527344,16.170499801635742,16.170499801635742,20825
2024-03-12 15:46:00-04:00,16.174999237060547,16.184999465942383,16.15999984741211,16.18000030517578,16.18000030517578,250241
2024-03-12 15:47:00-04:00,16.18000030517578,16.190000534057617,16.170000076293945,16.190000534057617,16.190000534057617,37180
2024-03-12 15:48:00-04:00,16.190000534057617,16.204999923706055,16.184999465942383,16.200000762939453,16.200000762939453,186911
2024-03-12 15:49:00-04:00,16.200000762939453,16.209999084472656,16.200000762939453,16.200000762939453,16.200000762939453,54305
2024-03-12 15:50:00-04:00,16.204999923706055,16.204999923706055,16.18000030517578,16.184999465942383,16.184999465942383,125535
2024-03-12 15:51:00-04:00,16.184999465942383,16.204999923706055,16.18000030517578,16.204999923706055,16.204999923706055,79681
2024-03-12 15:52:00-04:00,16.204999923706055,16.209999084472656,16.200000762939453,16.20009994506836,16.20009994506836,49726
2024-03-12 15:53:00-04:00,16.204999923706055,16.209999084472656,16.20009994506836,16.204999923706055,16.204999923706055,41773
2024-03-12 15:54:00-04:00,16.204999923706055,16.209999084472656,16.200000762939453,16.200000762939453,16.200000762939453,91155
2024-03-12 15:55:00-04:00,16.204999923706055,16.209999084472656,16.200000762939453,16.209999084472656,16.209999084472656,74165
2024-03-12 15:56:00-04:00,16.20009994506836,16.209999084472656,16.200000762939453,16.209999084472656,16.209999084472656,133266
2024-03-12 15:57:00-04:00,16.204999923706055,16.229999542236328,16.200000762939453,16.229999542236328,16.229999542236328,218201
2024-03-12 15:58:00-04:00,16.229999542236328,16.239999771118164,16.219999313354492,16.225000381469727,16.225000381469727,473880
2024-03-12 15:59:00-04:00,16.229999542236328,16.239999771118164,16.219999313354492,16.239999771118164,16.239999771118164,308401
2024-03-13 09:30:00-04:00,16.399999618530273,16.489999771118164,16.350000381469727,16.479999542236328,16.479999542236328,1228602
2024-03-13 09:31:00-04:00,16.479999542236328,16.639999389648438,16.479999542236328,16.606000900268555,16.606000900268555,473379
2024-03-13 09:32:00-04:00,16.604000091552734,16.670000076293945,16.56999969482422,16.594999313354492,16.594999313354492,234554
2024-03-13 09:33:00-04:00,16.594999313354492,16.639299392700195,16.559999465942383,16.600000381469727,16.600000381469727,293705
2024-03-13 09:34:00-04:00,16.600000381469727,16.6299991607666,16.559999465942383,16.584999084472656,16.584999084472656,180870
2024-03-13 09:35:00-04:00,16.584999084472656,16.6200008392334,16.565000534057617,16.575000762939453,16.575000762939453,338502
2024-03-13 09:36:00-04:00,16.579999923706055,16.600000381469727,16.565000534057617,16.600000381469727,16.600000381469727,89160
2024-03-13 09:37:00-04:00,16.600000381469727,16.6200008392334,16.579999923706055,16.600000381469727,16.600000381469727,227949
2024-03-13 09:38:00-04:00,16.594999313354492,16.6200008392334,16.579999923706055,16.600000381469727,16.600000381469727,138506
2024-03-13 09:39:00-04:00,16.594999313354492,16.670000076293945,16.584999084472656,16.65999984741211,16.65999984741211,154207
2024-03-13 09:40:00-04:00,16.66029930114746,16.739999771118164,16.66029930114746,16.735000610351562,16.735000610351562,250416
2024-03-13 09:41:00-04:00,16.729999542236328,16.760000228881836,16.690099716186523,16.709999084472656,16.709999084472656,271799
2024-03-13 09:42:00-04:00,16.709999084472656,16.71500015258789,16.670000076293945,16.709999084472656,16.709999084472656,138579
2024-03-13 09:43:00-04:00,16.709999084472656,16.709999084472656,16.655000686645508,16.670000076293945,16.670000076293945,97274
2024-03-13 09:44:00-04:00,16.65999984741211,16.700000762939453,16.649999618530273,16.658199310302734,16.658199310302734,67859
2024-03-13 09:45:00-04:00,16.655000686645508,16.690000534057617,16.649999618530273,16.68000030517578,16.68000030517578,95487
2024-03-13 09:46:00-04:00,16.670000076293945,16.68000030517578,16.6200008392334,16.67959976196289,16.67959976196289,98118
2024-03-13 09:47:00-04:00,16.674999237060547,16.709999084472656,16.649999618530273,16.690000534057617,16.690000534057617,114933
2024-03-13 09:48:00-04:00,16.684999465942383,16.690000534057617,16.655000686645508,16.670000076293945,16.670000076293945,115542
2024-03-13 09:49:00-04:00,16.670000076293945,16.690000534057617,16.665000915527344,16.670000076293945,16.670000076293945,40018
2024-03-13 09:50:00-04:00,16.65999984741211,16.674999237060547,16.6299991607666,16.655000686645508,16.655000686645508,106573
2024-03-13 09:51:00-04:00,16.6560001373291,16.69499969482422,16.64080047607422,16.687000274658203,16.687000274658203,96523
2024-03-13 09:52:00-04:00,16.69230079650879,16.729900360107422,16.674999237060547,16.71500015258789,16.71500015258789,164545
2024-03-13 09:53:00-04:00,16.704999923706055,16.75,16.700000762939453,16.7450008392334,16.7450008392334,157888
2024-03-13 09:54:00-04:00,16.7450008392334,16.760000228881836,16.729999542236328,16.749099731445312,16.749099731445312,463888
2024-03-13 09:55:00-04:00,16.740100860595703,16.829999923706055,16.731000900268555,16.789899826049805,16.789899826049805,318972
2024-03-13 09:56:00-04:00,16.78499984741211,16.790000915527344,16.739999771118164,16.7450008392334,16.7450008392334,140046
2024-03-13 09:57:00-04:00,16.749000549316406,16.780000686645508,16.739999771118164,16.760000228881836,16.760000228881836,113703
2024-03-13 09:58:00-04:00,16.760000228881836,16.81999969482422,16.7549991607666,16.815000534057617,16.815000534057617,102069
2024-03-13 09:59:00-04:00,16.81999969482422,16.84000015258789,16.799999237060547,16.829999923706055,16.829999923706055,272531
2024-03-13 10:00:00-04:00,16.834999084472656,16.84000015258789,16.75,16.75,16.75,125140
2024-03-13 10:01:00-04:00,16.750099182128906,16.760000228881836,16.71139907836914,16.729999542236328,16.729999542236328,112206
2024-03-13 10:02:00-04:00,16.739999771118164,16.739999771118164,16.680099487304688,16.699399948120117,16.699399948120117,159386
2024-03-13 10:03:00-04:00,16.700000762939453,16.719900131225586,16.684999465942383,16.69499969482422,16.69499969482422,82647
2024-03-13 10:04:00-04:00,16.700000762939453,16.709999084472656,16.684999465942383,16.690000534057617,16.690000534057617,82567
2024-03-13 10:05:00-04:00,16.68000030517578,16.704999923706055,16.670000076293945,16.68950080871582,16.68950080871582,138195
2024-03-13 10:06:00-04:00,16.690000534057617,16.709999084472656,16.68000030517578,16.709999084472656,16.709999084472656,83167
2024-03-13 10:07:00-04:00,16.700000762939453,16.709999084472656,16.684999465942383,16.690000534057617,16.690000534057617,77628
2024-03-13 10:08:00-04:00,16.69499969482422,16.709999084472656,16.690000534057617,16.704999923706055,16.704999923706055,92410
2024-03-13 10:09:00-04:00,16.700000762939453,16.719999313354492,16.690000534057617,16.709999084472656,16.709999084472656,83287
2024-03-13 10:10:00-04:00,16.71500015258789,16.7450008392334,16.69499969482422,16.739999771118164,16.739999771118164,125509
2024-03-13 10:11:00-04:00,16.748300552368164,16.780000686645508,16.739999771118164,16.770000457763672,16.770000457763672,157775
2024-03-13 10:12:00-04:00,16.774999618530273,16.795000076293945,16.760000228881836,16.764999389648438,16.764999389648438,146835
2024-03-13 10:13:00-04:00,16.764999389648438,16.774999618530273,16.760000228881836,16.770000457763672,16.770000457763672,79606
2024-03-13 10:14:00-04:00,16.764999389648438,16.780000686645508,16.739999771118164,16.780000686645508,16.780000686645508,109974
2024-03-13 10:15:00-04:00,16.774999618530273,16.78499984741211,16.760000228881836,16.77400016784668,16.77400016784668,107271
2024-03-13 10:16:00-04:00,16.77989959716797,16.780000686645508,16.743999481201172,16.7549991607666,16.7549991607666,76450
2024-03-13 10:17:00-04:00,16.760000228881836,16.760000228881836,16.739999771118164,16.746000289916992,16.746000289916992,37319
2024-03-13 10:18:00-04:00,16.7406005859375,16.749900817871094,16.729999542236328,16.739999771118164,16.739999771118164,91048
2024-03-13 10:19:00-04:00,16.739999771118164,16.770000457763672,16.729999542236328,16.739999771118164,16.739999771118164,73344
2024-03-13 10:20:00-04:00,16.739999771118164,16.760000228881836,16.729999542236328,16.760000228881836,16.760000228881836,46566
2024-03-13 10:21:00-04:00,16.7549991607666,16.760000228881836,16.704999923706055,16.704999923706055,16.704999923706055,69210
2024-03-13 10:22:00-04:00,16.704999923706055,16.729999542236328,16.700000762939453,16.719999313354492,16.719999313354492,60848
2024-03-13 10:23:00-04:00,16.72010040283203,16.725000381469727,16.700000762939453,16.71500015258789,16.71500015258789,61368
2024-03-13 10:24:00-04:00,16.71579933166504,16.719999313354492,16.700000762939453,16.704999923706055,16.704999923706055,31956
2024-03-13 10:25:00-04:00,16.704999923706055,16.709999084472656,16.68000030517578,16.690000534057617,16.690000534057617,161167
2024-03-13 10:26:00-04:00,16.694700241088867,16.719999313354492,16.690000534057617,16.69499969482422,16.69499969482422,89146
2024-03-13 10:27:00-04:00,16.69499969482422,16.700000762939453,16.68000030517578,16.690000534057617,16.690000534057617,86431
2024-03-13 10:28:00-04:00,16.690000534057617,16.700000762939453,16.6825008392334,16.700000762939453,16.700000762939453,60040
2024-03-13 10:29:00-04:00,16.690000534057617,16.709999084472656,16.690000534057617,16.704999923706055,16.704999923706055,61518
2024-03-13 10:30:00-04:00,16.700000762939453,16.704999923706055,16.68000030517578,16.700000762939453,16.700000762939453,76070
2024-03-13 10:31:00-04:00,16.700000762939453,16.73900032043457,16.69499969482422,16.73900032043457,16.73900032043457,94182
2024-03-13 10:32:00-04:00,16.739999771118164,16.739999771118164,16.700000762939453,16.700000762939453,16.700000762939453,98005
2024-03-13 10:33:00-04:00,16.709800720214844,16.74839973449707,16.700000762939453,16.719999313354492,16.719999313354492,60208
2024-03-13 10:34:00-04:00,16.719999313354492,16.729999542236328,16.709999084472656,16.7185001373291,16.7185001373291,28154
2024-03-13 10:35:00-04:00,16.709999084472656,16.729999542236328,16.709999084472656,16.719999313354492,16.719999313354492,38768
2024-03-13 10:36:00-04:00,16.719999313354492,16.729999542236328,16.709999084472656,16.71500015258789,16.71500015258789,42251
2024-03-13 10:37:00-04:00,16.71500015258789,16.719999313354492,16.700000762939453,16.704999923706055,16.704999923706055,24885
2024-03-13 10:38:00-04:00,16.704999923706055,16.719999313354492,16.704999923706055,16.709999084472656,16.709999084472656,28836
2024-03-13 10:39:00-04:00,16.709999084472656,16.719999313354492,16.700000762939453,16.70009994506836,16.70009994506836,14926
2024-03-13 10:40:00-04:00,16.700000762939453,16.70989990234375,16.690000534057617,16.70789909362793,16.70789909362793,58916
2024-03-13 10:41:00-04:00,16.700300216674805,16.718299865722656,16.69499969482422,16.718299865722656,16.718299865722656,41566
2024-03-13 10:42:00-04:00,16.717899322509766,16.719999313354492,16.709999084472656,16.709999084472656,16.709999084472656,6421
2024-03-13 10:43:00-04:00,16.71500015258789,16.719900131225586,16.702499389648438,16.710899353027344,16.710899353027344,50990
2024-03-13 10:44:00-04:00,16.710100173950195,16.719999313354492,16.709999084472656,16.71500015258789,16.71500015258789,9909
2024-03-13 10:45:00-04:00,16.71500015258789,16.729999542236328,16.709999084472656,16.725000381469727,16.725000381469727,28256
2024-03-13 10:46:00-04:00,16.725000381469727,16.729999542236328,16.700000762939453,16.7012996673584,16.7012996673584,72860
2024-03-13 10:47:00-04:00,16.700000762939453,16.719999313354492,16.700000762939453,16.717500686645508,16.717500686645508,31665
2024-03-13 10:48:00-04:00,16.719999313354492,16.739999771118164,16.719999313354492,16.721900939941406,16.721900939941406,35708
2024-03-13 10:49:00-04:00,16.72100067138672,16.72100067138672,16.690000534057617,16.704999923706055,16.704999923706055,85997
2024-03-13 10:50:00-04:00,16.708499908447266,16.709999084472656,16.700000762939453,16.709999084472656,16.709999084472656,28400
2024-03-13 10:51:00-04:00,16.70989990234375,16.70989990234375,16.690000534057617,16.69499969482422,16.69499969482422,42047
2024-03-13 10:52:00-04:00,16.69499969482422,16.698999404907227,16.68000030517578,16.692899703979492,16.692899703979492,116817
2024-03-13 10:53:00-04:00,16.690099716186523,16.699899673461914,16.690000534057617,16.697500228881836,16.697500228881836,29299
2024-03-13 10:54:00-04:00,16.69499969482422,16.69499969482422,16.655000686645508,16.665000915527344,16.665000915527344,106464
2024-03-13 10:55:00-04:00,16.662500381469727,16.67889976501465,16.65999984741211,16.670000076293945,16.670000076293945,46388
2024-03-13 10:56:00-04:00,16.67009925842285,16.709999084472656,16.67009925842285,16.70989990234375,16.70989990234375,134962
2024-03-13 10:57:00-04:00,16.707599639892578,16.719900131225586,16.670000076293945,16.68000030517578,16.68000030517578,211581
2024-03-13 10:58:00-04:00,16.690000534057617,16.709999084472656,16.68000030517578,16.70789909362793,16.70789909362793,62397
2024-03-13 10:59:00-04:00,16.704999923706055,16.73819923400879,16.700000762939453,16.721399307250977,16.721399307250977,76565
2024-03-13 11:00:00-04:00,16.72010040283203,16.739999771118164,16.719999313354492,16.739999771118164,16.739999771118164,51547
2024-03-13 11:01:00-04:00,16.739999771118164,16.747900009155273,16.729999542236328,16.735000610351562,16.735000610351562,49891
2024-03-13 11:02:00-04:00,16.735000610351562,16.770000457763672,16.729999542236328,16.756000518798828,16.756000518798828,112556
2024-03-13 11:03:00-04:00,16.7549991607666,16.770000457763672,16.75,16.760000228881836,16.760000228881836,63982
2024-03-13 11:04:00-04:00,16.7549991607666,16.760000228881836,16.75,16.760000228881836,16.760000228881836,45087
2024-03-13 11:05:00-04:00,16.765399932861328,16.780000686645508,16.760000228881836,16.764999389648438,16.764999389648438,72616
2024-03-13 11:06:00-04:00,16.770000457763672,16.81999969482422,16.760499954223633,16.810100555419922,16.810100555419922,216933
2024-03-13 11:07:00-04:00,16.81999969482422,16.828899383544922,16.799999237060547,16.799999237060547,16.799999237060547,131152
2024-03-13 11:08:00-04:00,16.799999237060547,16.81999969482422,16.799999237060547,16.809900283813477,16.809900283813477,105658
2024-03-13 11:09:00-04:00,16.809900283813477,16.81999969482422,16.799999237060547,16.80500030517578,16.80500030517578,69102
2024-03-13 11:10:00-04:00,16.809900283813477,16.809999465942383,16.790000915527344,16.80500030517578,16.80500030517578,50890
2024-03-13 11:11:00-04:00,16.80500030517578,16.81999969482422,16.795000076293945,16.808799743652344,16.808799743652344,57398
2024-03-13 11:12:00-04:00,16.80500030517578,16.809999465942383,16.770000457763672,16.779699325561523,16.779699325561523,79369
2024-03-13 11:13:00-04:00,16.780000686645508,16.790000915527344,16.770000457763672,16.774999618530273,16.774999618530273,66482
2024-03-13 11:14:00-04:00,16.780000686645508,16.790000915527344,16.770000457763672,16.774999618530273,16.774999618530273,24166
2024-03-13 11:15:00-04:00,16.774999618530273,16.774999618530273,16.735000610351562,16.74169921875,16.74169921875,56940
2024-03-13 11:16:00-04:00,16.7450008392334,16.764999389648438,16.739999771118164,16.760000228881836,16.760000228881836,79946
2024-03-13 11:17:00-04:00,16.7549991607666,16.760000228881836,16.739999771118164,16.7450008392334,16.7450008392334,49606
2024-03-13 11:18:00-04:00,16.7450008392334,16.760000228881836,16.739999771118164,16.75749969482422,16.75749969482422,40793
2024-03-13 11:19:00-04:00,16.756000518798828,16.764999389648438,16.739999771118164,16.757999420166016,16.757999420166016,55219
2024-03-13 11:20:00-04:00,16.75,16.770000457763672,16.75,16.764999389648438,16.764999389648438,33679
2024-03-13 11:21:00-04:00,16.760000228881836,16.780000686645508,16.760000228881836,16.770099639892578,16.770099639892578,57600
2024-03-13 11:22:00-04:00,16.774999618530273,16.780000686645508,16.770000457763672,16.780000686645508,16.780000686645508,34233
2024-03-13 11:23:00-04:00,16.789899826049805,16.790000915527344,16.780000686645508,16.790000915527344,16.790000915527344,22711
2024-03-13 11:24:00-04:00,16.78499984741211,16.790000915527344,16.780000686645508,16.780000686645508,16.780000686645508,11579
2024-03-13 11:25:00-04:00,16.790000915527344,16.799999237060547,16.780099868774414,16.797399520874023,16.797399520874023,81524
2024-03-13 11:26:00-04:00,16.791200637817383,16.799999237060547,16.780000686645508,16.780000686645508,16.780000686645508,20623
2024-03-13 11:27:00-04:00,16.78499984741211,16.7903995513916,16.780000686645508,16.789899826049805,16.789899826049805,42521
2024-03-13 11:28:00-04:00,16.780099868774414,16.795000076293945,16.770000457763672,16.78499984741211,16.78499984741211,82203
2024-03-13 11:29:00-04:00,16.78860092163086,16.799999237060547,16.774999618530273,16.795000076293945,16.795000076293945,61976
2024-03-13 11:30:00-04:00,16.795000076293945,16.799999237060547,16.790000915527344,16.790000915527344,16.790000915527344,415642
2024-03-13 11:31:00-04:00,16.799699783325195,16.850000381469727,16.795000076293945,16.849899291992188,16.849899291992188,191692
2024-03-13 11:32:00-04:00,16.850000381469727,16.850000381469727,16.84000015258789,16.850000381469727,16.850000381469727,45780
2024-03-13 11:33:00-04:00,16.84000015258789,16.879899978637695,16.84000015258789,16.840099334716797,16.840099334716797,224493
2024-03-13 11:34:00-04:00,16.850000381469727,16.860000610351562,16.84000015258789,16.854999542236328,16.854999542236328,54718
2024-03-13 11:35:00-04:00,16.854999542236328,16.860000610351562,16.829999923706055,16.844900131225586,16.844900131225586,64879
2024-03-13 11:36:00-04:00,16.844999313354492,16.860000610351562,16.84000015258789,16.860000610351562,16.860000610351562,56926
2024-03-13 11:37:00-04:00,16.851699829101562,16.8700008392334,16.850000381469727,16.864999771118164,16.864999771118164,45049
2024-03-13 11:38:00-04:00,16.864999771118164,16.88990020751953,16.860000610351562,16.877899169921875,16.877899169921875,88662
2024-03-13 11:39:00-04:00,16.8799991607666,16.889999389648438,16.8700008392334,16.8799991607666,16.8799991607666,80273
2024-03-13 11:40:00-04:00,16.889999389648438,16.889999389648438,16.860000610351562,16.86319923400879,16.86319923400879,81462
2024-03-13 11:41:00-04:00,16.864900588989258,16.889999389648438,16.864900588989258,16.875,16.875,60615
2024-03-13 11:42:00-04:00,16.872800827026367,16.879899978637695,16.860000610351562,16.861600875854492,16.861600875854492,75583
2024-03-13 11:43:00-04:00,16.860000610351562,16.8799991607666,16.860000610351562,16.875,16.875,34727
2024-03-13 11:44:00-04:00,16.875,16.8799991607666,16.86280059814453,16.864999771118164,16.864999771118164,86677
2024-03-13 11:45:00-04:00,16.864999771118164,16.8700008392334,16.834999084472656,16.844999313354492,16.844999313354492,111116
2024-03-13 11:46:00-04:00,16.850000381469727,16.8700008392334,16.850000381469727,16.868999481201172,16.868999481201172,39710
2024-03-13 11:47:00-04:00,16.86989974975586,16.86989974975586,16.83329963684082,16.850000381469727,16.850000381469727,90608
2024-03-13 11:48:00-04:00,16.854999542236328,16.859899520874023,16.840099334716797,16.844999313354492,16.844999313354492,26828
2024-03-13 11:49:00-04:00,16.84910011291504,16.850000381469727,16.84000015258789,16.84000015258789,16.84000015258789,7742
2024-03-13 11:50:00-04:00,16.844999313354492,16.860000610351562,16.84000015258789,16.84280014038086,16.84280014038086,43132
2024-03-13 11:51:00-04:00,16.844999313354492,16.844999313354492,16.829999923706055,16.834999084472656,16.834999084472656,53952
2024-03-13 11:52:00-04:00,16.836000442504883,16.84000015258789,16.834999084472656,16.834999084472656,16.834999084472656,4416
2024-03-13 11:53:00-04:00,16.850000381469727,16.850000381469727,16.834999084472656,16.834999084472656,16.834999084472656,48470
2024-03-13 11:54:00-04:00,16.83970069885254,16.860000610351562,16.834999084472656,16.854999542236328,16.854999542236328,97441
2024-03-13 11:55:00-04:00,16.854999542236328,16.875,16.854999542236328,16.862499237060547,16.862499237060547,61204
2024-03-13 11:56:00-04:00,16.868799209594727,16.8799991607666,16.860000610351562,16.8799991607666,16.8799991607666,84566
2024-03-13 11:57:00-04:00,16.87980079650879,16.889999389648438,16.875,16.885000228881836,16.885000228881836,57725
2024-03-13 11:58:00-04:00,16.8799991607666,16.889999389648438,16.8700008392334,16.8700008392334,16.8700008392334,47315
2024-03-13 11:59:00-04:00,16.875,16.8799991607666,16.850000381469727,16.875,16.875,290997
2024-03-13 12:00:00-04:00,16.875,16.889999389648438,16.873199462890625,16.88010025024414,16.88010025024414,36263
2024-03-13 12:01:00-04:00,16.885000228881836,16.899999618530273,16.8799991607666,16.889999389648438,16.889999389648438,92797
2024-03-13 12:02:00-04:00,16.891599655151367,16.899999618530273,16.8700008392334,16.87700080871582,16.87700080871582,42978
2024-03-13 12:03:00-04:00,16.8799991607666,16.8799991607666,16.854999542236328,16.854999542236328,16.854999542236328,76478
2024-03-13 12:04:00-04:00,16.854999542236328,16.860000610351562,16.850000381469727,16.85770034790039,16.85770034790039,53507
2024-03-13 12:05:00-04:00,16.854999542236328,16.855100631713867,16.84000015258789,16.850000381469727,16.850000381469727,49800
2024-03-13 12:06:00-04:00,16.854999542236328,16.860000610351562,16.851299285888672,16.854999542236328,16.854999542236328,10687
2024-03-13 12:07:00-04:00,16.850000381469727,16.860000610351562,16.84000015258789,16.84980010986328,16.84980010986328,70550
2024-03-13 12:08:00-04:00,16.848499298095703,16.850000381469727,16.84000015258789,16.850000381469727,16.850000381469727,11498
2024-03-13 12:09:00-04:00,16.84000015258789,16.860000610351562,16.84000015258789,16.850000381469727,16.850000381469727,75936
2024-03-13 12:10:00-04:00,16.854999542236328,16.860000610351562,16.842500686645508,16.842500686645508,16.842500686645508,32552
2024-03-13 12:11:00-04:00,16.850000381469727,16.860000610351562,16.84000015258789,16.860000610351562,16.860000610351562,33993
2024-03-13 12:12:00-04:00,16.860000610351562,16.860000610351562,16.850000381469727,16.854999542236328,16.854999542236328,8256
2024-03-13 12:13:00-04:00,16.850000381469727,16.860000610351562,16.840099334716797,16.85260009765625,16.85260009765625,39116
2024-03-13 12:14:00-04:00,16.850000381469727,16.860000610351562,16.850000381469727,16.857999801635742,16.857999801635742,6919
2024-03-13 12:15:00-04:00,16.850000381469727,16.860000610351562,16.850000381469727,16.859699249267578,16.859699249267578,10823
2024-03-13 12:16:00-04:00,16.854999542236328,16.860000610351562,16.850000381469727,16.854999542236328,16.854999542236328,9680
2024-03-13 12:17:00-04:00,16.850500106811523,16.860000610351562,16.850000381469727,16.850000381469727,16.850000381469727,30006
2024-03-13 12:18:00-04:00,16.850000381469727,16.859899520874023,16.829999923706055,16.83300018310547,16.83300018310547,346446
2024-03-13 12:19:00-04:00,16.84000015258789,16.850000381469727,16.84000015258789,16.844999313354492,16.844999313354492,22284
2024-03-13 12:20:00-04:00,16.84000015258789,16.850000381469727,16.84000015258789,16.850000381469727,16.850000381469727,22529
2024-03-13 12:21:00-04:00,16.849899291992188,16.860000610351562,16.84000015258789,16.855499267578125,16.855499267578125,44649
2024-03-13 12:22:00-04:00,16.860000610351562,16.8799991607666,16.853900909423828,16.87619972229004,16.87619972229004,37184
2024-03-13 12:23:00-04:00,16.8700008392334,16.8799991607666,16.844999313354492,16.85700035095215,16.85700035095215,119688
2024-03-13 12:24:00-04:00,16.858400344848633,16.8799991607666,16.854999542236328,16.8799991607666,16.8799991607666,62189
2024-03-13 12:25:00-04:00,16.875,16.889999389648438,16.860000610351562,16.864999771118164,16.864999771118164,87905
2024-03-13 12:26:00-04:00,16.86440086364746,16.8700008392334,16.860000610351562,16.860000610351562,16.860000610351562,33158
2024-03-13 12:27:00-04:00,16.860000610351562,16.8700008392334,16.854999542236328,16.8700008392334,16.8700008392334,47860
2024-03-13 12:28:00-04:00,16.8700008392334,16.8700008392334,16.84000015258789,16.849899291992188,16.849899291992188,64461
2024-03-13 12:29:00-04:00,16.844999313354492,16.854999542236328,16.84000015258789,16.84000015258789,16.84000015258789,110936
2024-03-13 12:30:00-04:00,16.843000411987305,16.850000381469727,16.790000915527344,16.795000076293945,16.795000076293945,228646
2024-03-13 12:31:00-04:00,16.790000915527344,16.795000076293945,16.774999618530273,16.774999618530273,16.774999618530273,63976
2024-03-13 12:32:00-04:00,16.770000457763672,16.799999237060547,16.770000457763672,16.799999237060547,16.799999237060547,75313
2024-03-13 12:33:00-04:00,16.790000915527344,16.81999969482422,16.790000915527344,16.809999465942383,16.809999465942383,100211
2024-03-13 12:34:00-04:00,16.809999465942383,16.829999923706055,16.799999237060547,16.81999969482422,16.81999969482422,50136
2024-03-13 12:35:00-04:00,16.81999969482422,16.829999923706055,16.81999969482422,16.829999923706055,16.829999923706055,32296
2024-03-13 12:36:00-04:00,16.825000762939453,16.825000762939453,16.799999237060547,16.81999969482422,16.81999969482422,36356
2024-03-13 12:37:00-04:00,16.815000534057617,16.81999969482422,16.809999465942383,16.809999465942383,16.809999465942383,13677
2024-03-13 12:38:00-04:00,16.81999969482422,16.81999969482422,16.800100326538086,16.815000534057617,16.815000534057617,46720
2024-03-13 12:39:00-04:00,16.809999465942383,16.825000762939453,16.795000076293945,16.815000534057617,16.815000534057617,82229
2024-03-13 12:40:00-04:00,16.815000534057617,16.81999969482422,16.799999237060547,16.809900283813477,16.809900283813477,21920
2024-03-13 12:41:00-04:00,16.80970001220703,16.809999465942383,16.774999618530273,16.780000686645508,16.780000686645508,61730
2024-03-13 12:42:00-04:00,16.770000457763672,16.780000686645508,16.762300491333008,16.770000457763672,16.770000457763672,27397
2024-03-13 12:43:00-04:00,16.770000457763672,16.799999237060547,16.762399673461914,16.7731990814209,16.7731990814209,107825
2024-03-13 12:44:00-04:00,16.774999618530273,16.795000076293945,16.770000457763672,16.78499984741211,16.78499984741211,56932
2024-03-13 12:45:00-04:00,16.790000915527344,16.790000915527344,16.764999389648438,16.764999389648438,16.764999389648438,23394
2024-03-13 12:46:00-04:00,16.770000457763672,16.780000686645508,16.770000457763672,16.774999618530273,16.774999618530273,9974
2024-03-13 12:47:00-04:00,16.774999618530273,16.780000686645508,16.770000457763672,16.774999618530273,16.774999618530273,10407
2024-03-13 12:48:00-04:00,16.772499084472656,16.799999237060547,16.772499084472656,16.799800872802734,16.799800872802734,79578
2024-03-13 12:49:00-04:00,16.799999237060547,16.799999237060547,16.7810001373291,16.7810001373291,16.7810001373291,25749
2024-03-13 12:50:00-04:00,16.790000915527344,16.799999237060547,16.774999618530273,16.795000076293945,16.795000076293945,128643
2024-03-13 12:51:00-04:00,16.795000076293945,16.809999465942383,16.790000915527344,16.809999465942383,16.809999465942383,72276
2024-03-13 12:52:00-04:00,16.799999237060547,16.81999969482422,16.799999237060547,16.815000534057617,16.815000534057617,50217
2024-03-13 12:53:00-04:00,16.815000534057617,16.84000015258789,16.815000534057617,16.829999923706055,16.829999923706055,39484
2024-03-13 12:54:00-04:00,16.834999084472656,16.844999313354492,16.829999923706055,16.832199096679688,16.832199096679688,100863
2024-03-13 12:55:00-04:00,16.84000015258789,16.84000015258789,16.809999465942383,16.809999465942383,16.809999465942383,72348
2024-03-13 12:56:00-04:00,16.809999465942383,16.81999969482422,16.809999465942383,16.81999969482422,16.81999969482422,33916
2024-03-13 12:57:00-04:00,16.825000762939453,16.829999923706055,16.809999465942383,16.809999465942383,16.809999465942383,37697
2024-03-13 12:58:00-04:00,16.815000534057617,16.825000762939453,16.809999465942383,16.822099685668945,16.822099685668945,36336
2024-03-13 12:59:00-04:00,16.829999923706055,16.829999923706055,16.81999969482422,16.829999923706055,16.829999923706055,14097
2024-03-13 13:00:00-04:00,16.82990074157715,16.849899291992188,16.81999969482422,16.849899291992188,16.849899291992188,42756
2024-03-13 13:02:00-04:00,16.850099563598633,16.860000610351562,16.840099334716797,16.854999542236328,16.854999542236328,168328
2024-03-13 13:03:00-04:00,16.858999252319336,16.8700008392334,16.850000381469727,16.8700008392334,16.8700008392334,50253
2024-03-13 13:04:00-04:00,16.860000610351562,16.8700008392334,16.860000610351562,16.864999771118164,16.864999771118164,23715
2024-03-13 13:05:00-04:00,16.864999771118164,16.8799991607666,16.860000610351562,16.8700008392334,16.8700008392334,49279
2024-03-13 13:06:00-04:00,16.875,16.8799991607666,16.8700008392334,16.875,16.875,18797
2024-03-13 13:07:00-04:00,16.875,16.899999618530273,16.8700008392334,16.895999908447266,16.895999908447266,80381
2024-03-13 13:08:00-04:00,16.899999618530273,16.920000076293945,16.895000457763672,16.920000076293945,16.920000076293945,98812
2024-03-13 13:09:00-04:00,16.920000076293945,16.940000534057617,16.90999984741211,16.940000534057617,16.940000534057617,59285
2024-03-13 13:10:00-04:00,16.939899444580078,16.940000534057617,16.93000030517578,16.934999465942383,16.934999465942383,79942
2024-03-13 13:11:00-04:00,16.93630027770996,16.940000534057617,16.93000030517578,16.934999465942383,16.934999465942383,16606
2024-03-13 13:12:00-04:00,16.934999465942383,16.939899444580078,16.899999618530273,16.90999984741211,16.90999984741211,50808
2024-03-13 13:13:00-04:00,16.90999984741211,16.915000915527344,16.899999618530273,16.90999984741211,16.90999984741211,45771
2024-03-13 13:14:00-04:00,16.91010093688965,16.920000076293945,16.899999618530273,16.905000686645508,16.905000686645508,34178
2024-03-13 13:15:00-04:00,16.905000686645508,16.905000686645508,16.8799991607666,16.885000228881836,16.885000228881836,30336
2024-03-13 13:16:00-04:00,16.885000228881836,16.889999389648438,16.8700008392334,16.8700008392334,16.8700008392334,23208
2024-03-13 13:17:00-04:00,16.875,16.8799991607666,16.860000610351562,16.864999771118164,16.864999771118164,21632
2024-03-13 13:18:00-04:00,16.864999771118164,16.899999618530273,16.864999771118164,16.8700008392334,16.8700008392334,123709
2024-03-13 13:19:00-04:00,16.8700008392334,16.875,16.844999313354492,16.850000381469727,16.850000381469727,51971
2024-03-13 13:20:00-04:00,16.850000381469727,16.860000610351562,16.84000015258789,16.854999542236328,16.854999542236328,33850
2024-03-13 13:21:00-04:00,16.850000381469727,16.860000610351562,16.850000381469727,16.860000610351562,16.860000610351562,26357
2024-03-13 13:22:00-04:00,16.860000610351562,16.875,16.852500915527344,16.858999252319336,16.858999252319336,64796
2024-03-13 13:23:00-04:00,16.860000610351562,16.860000610351562,16.850000381469727,16.860000610351562,16.860000610351562,43046
2024-03-13 13:24:00-04:00,16.854999542236328,16.860000610351562,16.850000381469727,16.850000381469727,16.850000381469727,16109
2024-03-13 13:25:00-04:00,16.854999542236328,16.8700008392334,16.850000381469727,16.854999542236328,16.854999542236328,45280
2024-03-13 13:26:00-04:00,16.854999542236328,16.864999771118164,16.850000381469727,16.860000610351562,16.860000610351562,73366
2024-03-13 13:27:00-04:00,16.860000610351562,16.8700008392334,16.860000610351562,16.868200302124023,16.868200302124023,13803
2024-03-13 13:28:00-04:00,16.860000610351562,16.8700008392334,16.860000610351562,16.860000610351562,16.860000610351562,6923
2024-03-13 13:29:00-04:00,16.860000610351562,16.86989974975586,16.860000610351562,16.860000610351562,16.860000610351562,10289
2024-03-13 13:30:00-04:00,16.860000610351562,16.8700008392334,16.850000381469727,16.860000610351562,16.860000610351562,65617
2024-03-13 13:31:00-04:00,16.860000610351562,16.864999771118164,16.84000015258789,16.84000015258789,16.84000015258789,20868
2024-03-13 13:32:00-04:00,16.844999313354492,16.854999542236328,16.834999084472656,16.834999084472656,16.834999084472656,61677
2024-03-13 13:33:00-04:00,16.833999633789062,16.84000015258789,16.829999923706055,16.834999084472656,16.834999084472656,17520
2024-03-13 13:34:00-04:00,16.829999923706055,16.834999084472656,16.821699142456055,16.829999923706055,16.829999923706055,39825
2024-03-13 13:35:00-04:00,16.829999923706055,16.84000015258789,16.829999923706055,16.84000015258789,16.84000015258789,8288
2024-03-13 13:36:00-04:00,16.829999923706055,16.84000015258789,16.829999923706055,16.829999923706055,16.829999923706055,17032
2024-03-13 13:37:00-04:00,16.837799072265625,16.837799072265625,16.81999969482422,16.822399139404297,16.822399139404297,12884
2024-03-13 13:38:00-04:00,16.829999923706055,16.829999923706055,16.809999465942383,16.815000534057617,16.815000534057617,28469
2024-03-13 13:39:00-04:00,16.809999465942383,16.815000534057617,16.790000915527344,16.795000076293945,16.795000076293945,81079
2024-03-13 13:40:00-04:00,16.795000076293945,16.795000076293945,16.780000686645508,16.790000915527344,16.790000915527344,28746
2024-03-13 13:41:00-04:00,16.78499984741211,16.789899826049805,16.760000228881836,16.761999130249023,16.761999130249023,41345
2024-03-13 13:42:00-04:00,16.760000228881836,16.760000228881836,16.75,16.7549991607666,16.7549991607666,21059
2024-03-13 13:43:00-04:00,16.760000228881836,16.789899826049805,16.7549991607666,16.770000457763672,16.770000457763672,122358
2024-03-13 13:44:00-04:00,16.770700454711914,16.777799606323242,16.75,16.760000228881836,16.760000228881836,49653
2024-03-13 13:45:00-04:00,16.760000228881836,16.78499984741211,16.75,16.780000686645508,16.780000686645508,61683
2024-03-13 13:46:00-04:00,16.78499984741211,16.790000915527344,16.774999618530273,16.77989959716797,16.77989959716797,23296
2024-03-13 13:47:00-04:00,16.774999618530273,16.799999237060547,16.774999618530273,16.79599952697754,16.79599952697754,32156
2024-03-13 13:48:00-04:00,16.79400062561035,16.809999465942383,16.79010009765625,16.809999465942383,16.809999465942383,27785
2024-03-13 13:49:00-04:00,16.799999237060547,16.809999465942383,16.790000915527344,16.80500030517578,16.80500030517578,57861
2024-03-13 13:50:00-04:00,16.799999237060547,16.799999237060547,16.774999618530273,16.78499984741211,16.78499984741211,112277
2024-03-13 13:51:00-04:00,16.789899826049805,16.80500030517578,16.789899826049805,16.795000076293945,16.795000076293945,53410
2024-03-13 13:52:00-04:00,16.790000915527344,16.799999237060547,16.774999618530273,16.780000686645508,16.780000686645508,34978
2024-03-13 13:53:00-04:00,16.789899826049805,16.799999237060547,16.780000686645508,16.795000076293945,16.795000076293945,25381
2024-03-13 13:54:00-04:00,16.795000076293945,16.799999237060547,16.78700065612793,16.795000076293945,16.795000076293945,18911
2024-03-13 13:55:00-04:00,16.790000915527344,16.80500030517578,16.78510093688965,16.78510093688965,16.78510093688965,65254
2024-03-13 13:56:00-04:00,16.788400650024414,16.799999237060547,16.780000686645508,16.795000076293945,16.795000076293945,35931
2024-03-13 13:57:00-04:00,16.795000076293945,16.799999237060547,16.78030014038086,16.78499984741211,16.78499984741211,37887
2024-03-13 13:58:00-04:00,16.780000686645508,16.78499984741211,16.770000457763672,16.774999618530273,16.774999618530273,64385
2024-03-13 13:59:00-04:00,16.774999618530273,16.774999618530273,16.739999771118164,16.743000030517578,16.743000030517578,94091
2024-03-13 14:00:00-04:00,16.739999771118164,16.749799728393555,16.729999542236328,16.739999771118164,16.739999771118164,78731
2024-03-13 14:01:00-04:00,16.739999771118164,16.739999771118164,16.729999542236328,16.736600875854492,16.736600875854492,16616
2024-03-13 14:02:00-04:00,16.73979949951172,16.75,16.729999542236328,16.7450008392334,16.7450008392334,56744
2024-03-13 14:03:00-04:00,16.7450008392334,16.760000228881836,16.739999771118164,16.756000518798828,16.756000518798828,34251
2024-03-13 14:04:00-04:00,16.7549991607666,16.760000228881836,16.739999771118164,16.739999771118164,16.739999771118164,28597
2024-03-13 14:05:00-04:00,16.7450008392334,16.760000228881836,16.739999771118164,16.760000228881836,16.760000228881836,16423
2024-03-13 14:06:00-04:00,16.7549991607666,16.760000228881836,16.741100311279297,16.741100311279297,16.741100311279297,18081
2024-03-13 14:07:00-04:00,16.75,16.75,16.739999771118164,16.7450008392334,16.7450008392334,12967
2024-03-13 14:08:00-04:00,16.739999771118164,16.75,16.739999771118164,16.7450008392334,16.7450008392334,7316
2024-03-13 14:09:00-04:00,16.739999771118164,16.760000228881836,16.739999771118164,16.7549991607666,16.7549991607666,48722
2024-03-13 14:10:00-04:00,16.75,16.769899368286133,16.75,16.75,16.75,47428
2024-03-13 14:11:00-04:00,16.75,16.764999389648438,16.75,16.764999389648438,16.764999389648438,31003
2024-03-13 14:12:00-04:00,16.760000228881836,16.760000228881836,16.75,16.75,16.75,23555
2024-03-13 14:13:00-04:00,16.75,16.760000228881836,16.75,16.7549991607666,16.7549991607666,29097
2024-03-13 14:14:00-04:00,16.7549991607666,16.770000457763672,16.75,16.760000228881836,16.760000228881836,26437
2024-03-13 14:15:00-04:00,16.75,16.760000228881836,16.75,16.760000228881836,16.760000228881836,8932
2024-03-13 14:16:00-04:00,16.7549991607666,16.780000686645508,16.75,16.774999618530273,16.774999618530273,19685
2024-03-13 14:17:00-04:00,16.774999618530273,16.780000686645508,16.770000457763672,16.770000457763672,16.770000457763672,34558
2024-03-13 14:18:00-04:00,16.770000457763672,16.774999618530273,16.75,16.7549991607666,16.7549991607666,49600
2024-03-13 14:19:00-04:00,16.75,16.7549991607666,16.739999771118164,16.739999771118164,16.739999771118164,7557
2024-03-13 14:20:00-04:00,16.739999771118164,16.75,16.739999771118164,16.7450008392334,16.7450008392334,12447
2024-03-13 14:21:00-04:00,16.74250030517578,16.75,16.729999542236328,16.729999542236328,16.729999542236328,16827
2024-03-13 14:22:00-04:00,16.734899520874023,16.737499237060547,16.72249984741211,16.725000381469727,16.725000381469727,19187
2024-03-13 14:23:00-04:00,16.725000381469727,16.729999542236328,16.719999313354492,16.725000381469727,16.725000381469727,18998
2024-03-13 14:24:00-04:00,16.729900360107422,16.729999542236328,16.719999313354492,16.72010040283203,16.72010040283203,24664
2024-03-13 14:25:00-04:00,16.719999313354492,16.729999542236328,16.719999313354492,16.729999542236328,16.729999542236328,7994
2024-03-13 14:26:00-04:00,16.725000381469727,16.739999771118164,16.719999313354492,16.725000381469727,16.725000381469727,36735
2024-03-13 14:27:00-04:00,16.72640037536621,16.72640037536621,16.709999084472656,16.725000381469727,16.725000381469727,63686
2024-03-13 14:28:00-04:00,16.725000381469727,16.725000381469727,16.719999313354492,16.721599578857422,16.721599578857422,2725
2024-03-13 14:29:00-04:00,16.729999542236328,16.729999542236328,16.719999313354492,16.725000381469727,16.725000381469727,13913
2024-03-13 14:30:00-04:00,16.729999542236328,16.729999542236328,16.709999084472656,16.719499588012695,16.719499588012695,52931
2024-03-13 14:31:00-04:00,16.71500015258789,16.729999542236328,16.709999084472656,16.729999542236328,16.729999542236328,76907
2024-03-13 14:32:00-04:00,16.725000381469727,16.739999771118164,16.721399307250977,16.725000381469727,16.725000381469727,48021
2024-03-13 14:33:00-04:00,16.725000381469727,16.739999771118164,16.719999313354492,16.735000610351562,16.735000610351562,52429
2024-03-13 14:34:00-04:00,16.735000610351562,16.739999771118164,16.730300903320312,16.739999771118164,16.739999771118164,22855
2024-03-13 14:35:00-04:00,16.739900588989258,16.739999771118164,16.730300903320312,16.735000610351562,16.735000610351562,7059
2024-03-13 14:36:00-04:00,16.735000610351562,16.7450008392334,16.729999542236328,16.73200035095215,16.73200035095215,56711
2024-03-13 14:37:00-04:00,16.729999542236328,16.746000289916992,16.729999542236328,16.729999542236328,16.729999542236328,56185
2024-03-13 14:38:00-04:00,16.736799240112305,16.75,16.729999542236328,16.739999771118164,16.739999771118164,74648
2024-03-13 14:39:00-04:00,16.7450008392334,16.75,16.729999542236328,16.739999771118164,16.739999771118164,78737
2024-03-13 14:40:00-04:00,16.735000610351562,16.73819923400879,16.729999542236328,16.729999542236328,16.729999542236328,25622
2024-03-13 14:41:00-04:00,16.729999542236328,16.739900588989258,16.729999542236328,16.729999542236328,16.729999542236328,20465
2024-03-13 14:42:00-04:00,16.735000610351562,16.739999771118164,16.71500015258789,16.719999313354492,16.719999313354492,26998
2024-03-13 14:43:00-04:00,16.71500015258789,16.719999313354492,16.709999084472656,16.71500015258789,16.71500015258789,12069
2024-03-13 14:44:00-04:00,16.709999084472656,16.71500015258789,16.700000762939453,16.700000762939453,16.700000762939453,34636
2024-03-13 14:45:00-04:00,16.704999923706055,16.709999084472656,16.700000762939453,16.704999923706055,16.704999923706055,9308
2024-03-13 14:46:00-04:00,16.702499389648438,16.719999313354492,16.700000762939453,16.709999084472656,16.709999084472656,40986
2024-03-13 14:47:00-04:00,16.700000762939453,16.70989990234375,16.690000534057617,16.697500228881836,16.697500228881836,54813
2024-03-13 14:48:00-04:00,16.69969940185547,16.69969940185547,16.670000076293945,16.674999237060547,16.674999237060547,59496
2024-03-13 14:49:00-04:00,16.670000076293945,16.68000030517578,16.670000076293945,16.674999237060547,16.674999237060547,9131
2024-03-13 14:50:00-04:00,16.674999237060547,16.684999465942383,16.665000915527344,16.665000915527344,16.665000915527344,99158
2024-03-13 14:51:00-04:00,16.670000076293945,16.690000534057617,16.665000915527344,16.671899795532227,16.671899795532227,97373
2024-03-13 14:52:00-04:00,16.68000030517578,16.690000534057617,16.674999237060547,16.690000534057617,16.690000534057617,21282
2024-03-13 14:53:00-04:00,16.68000030517578,16.690000534057617,16.68000030517578,16.690000534057617,16.690000534057617,24642
2024-03-13 14:54:00-04:00,16.681800842285156,16.690000534057617,16.68000030517578,16.68000030517578,16.68000030517578,35140
2024-03-13 14:55:00-04:00,16.68000030517578,16.684999465942383,16.665000915527344,16.665000915527344,16.665000915527344,98310
2024-03-13 14:56:00-04:00,16.665000915527344,16.670000076293945,16.655000686645508,16.65999984741211,16.65999984741211,32597
2024-03-13 14:57:00-04:00,16.65999984741211,16.670000076293945,16.655000686645508,16.65999984741211,16.65999984741211,47250
2024-03-13 14:58:00-04:00,16.65999984741211,16.65999984741211,16.62030029296875,16.625,16.625,114749
2024-03-13 14:59:00-04:00,16.62700080871582,16.63610076904297,16.6200008392334,16.6299991607666,16.6299991607666,65469
2024-03-13 15:00:00-04:00,16.625,16.6299991607666,16.625,16.625,16.625,18032
2024-03-13 15:01:00-04:00,16.62969970703125,16.6299991607666,16.6200008392334,16.625,16.625,16601
2024-03-13 15:02:00-04:00,16.6200008392334,16.6299991607666,16.6200008392334,16.6200008392334,16.6200008392334,19028
2024-03-13 15:03:00-04:00,16.625,16.637500762939453,16.6200008392334,16.625,16.625,79038
2024-03-13 15:04:00-04:00,16.6299991607666,16.639999389648438,16.625,16.635000228881836,16.635000228881836,22611
2024-03-13 15:05:00-04:00,16.635000228881836,16.639999389648438,16.6299991607666,16.635000228881836,16.635000228881836,56615
2024-03-13 15:06:00-04:00,16.6299991607666,16.649999618530273,16.6299991607666,16.645000457763672,16.645000457763672,52157
2024-03-13 15:07:00-04:00,16.649999618530273,16.649999618530273,16.634300231933594,16.635000228881836,16.635000228881836,32207
2024-03-13 15:08:00-04:00,16.631999969482422,16.670000076293945,16.631999969482422,16.665000915527344,16.665000915527344,58790
2024-03-13 15:09:00-04:00,16.665000915527344,16.670000076293945,16.65999984741211,16.670000076293945,16.670000076293945,72012
2024-03-13 15:10:00-04:00,16.665000915527344,16.670000076293945,16.65999984741211,16.669700622558594,16.669700622558594,24938
2024-03-13 15:11:00-04:00,16.65999984741211,16.65999984741211,16.649999618530273,16.655000686645508,16.655000686645508,46054
2024-03-13 15:12:00-04:00,16.65250015258789,16.65999984741211,16.649999618530273,16.65250015258789,16.65250015258789,25397
2024-03-13 15:13:00-04:00,16.655000686645508,16.655000686645508,16.642499923706055,16.649999618530273,16.649999618530273,35843
2024-03-13 15:14:00-04:00,16.645000457763672,16.649999618530273,16.639999389648438,16.645000457763672,16.645000457763672,11324
2024-03-13 15:15:00-04:00,16.645000457763672,16.674999237060547,16.645000457763672,16.66659927368164,16.66659927368164,80019
2024-03-13 15:16:00-04:00,16.6697998046875,16.670000076293945,16.645000457763672,16.645000457763672,16.645000457763672,79106
2024-03-13 15:17:00-04:00,16.640100479125977,16.649900436401367,16.6299991607666,16.635000228881836,16.635000228881836,92941
2024-03-13 15:18:00-04:00,16.639999389648438,16.65999984741211,16.639999389648438,16.659900665283203,16.659900665283203,44939
2024-03-13 15:19:00-04:00,16.655000686645508,16.65999984741211,16.649999618530273,16.649999618530273,16.649999618530273,27792
2024-03-13 15:20:00-04:00,16.649999618530273,16.670000076293945,16.649999618530273,16.665000915527344,16.665000915527344,63022
2024-03-13 15:21:00-04:00,16.670000076293945,16.670000076293945,16.66230010986328,16.670000076293945,16.670000076293945,16459
2024-03-13 15:22:00-04:00,16.670000076293945,16.670000076293945,16.655000686645508,16.659799575805664,16.659799575805664,140518
2024-03-13 15:23:00-04:00,16.655000686645508,16.65999984741211,16.649999618530273,16.649999618530273,16.649999618530273,27632
2024-03-13 15:24:00-04:00,16.655000686645508,16.65999984741211,16.64459991455078,16.645000457763672,16.645000457763672,38119
2024-03-13 15:25:00-04:00,16.645000457763672,16.649999618530273,16.639999389648438,16.639999389648438,16.639999389648438,9821
2024-03-13 15:26:00-04:00,16.645000457763672,16.649999618530273,16.6299991607666,16.63909912109375,16.63909912109375,42958
2024-03-13 15:27:00-04:00,16.635000228881836,16.639699935913086,16.6200008392334,16.625,16.625,69329
2024-03-13 15:28:00-04:00,16.6200008392334,16.62969970703125,16.600000381469727,16.600000381469727,16.600000381469727,150107
2024-03-13 15:29:00-04:00,16.610000610351562,16.610000610351562,16.58009910583496,16.604999542236328,16.604999542236328,152113
2024-03-13 15:30:00-04:00,16.604999542236328,16.6299991607666,16.600000381469727,16.6200008392334,16.6200008392334,95380
2024-03-13 15:31:00-04:00,16.62980079650879,16.639999389648438,16.610000610351562,16.6200008392334,16.6200008392334,33508
2024-03-13 15:32:00-04:00,16.614999771118164,16.6200008392334,16.600000381469727,16.600000381469727,16.600000381469727,29867
2024-03-13 15:33:00-04:00,16.600000381469727,16.610000610351562,16.600000381469727,16.600000381469727,16.600000381469727,55639
2024-03-13 15:34:00-04:00,16.600000381469727,16.610000610351562,16.600000381469727,16.604999542236328,16.604999542236328,30445
2024-03-13 15:35:00-04:00,16.600000381469727,16.6200008392334,16.59000015258789,16.61009979248047,16.61009979248047,104554
2024-03-13 15:36:00-04:00,16.614999771118164,16.625,16.610000610351562,16.610000610351562,16.610000610351562,69591
2024-03-13 15:37:00-04:00,16.614999771118164,16.6200008392334,16.604999542236328,16.614999771118164,16.614999771118164,54030
2024-03-13 15:38:00-04:00,16.61989974975586,16.625,16.610000610351562,16.61009979248047,16.61009979248047,94885
2024-03-13 15:39:00-04:00,16.614999771118164,16.6200008392334,16.610000610351562,16.6200008392334,16.6200008392334,14151
2024-03-13 15:40:00-04:00,16.614999771118164,16.6200008392334,16.610000610351562,16.610000610351562,16.610000610351562,27636
2024-03-13 15:41:00-04:00,16.614999771118164,16.6200008392334,16.610000610351562,16.6200008392334,16.6200008392334,34004
2024-03-13 15:42:00-04:00,16.6200008392334,16.6299991607666,16.61210060119629,16.625,16.625,90555
2024-03-13 15:43:00-04:00,16.6200008392334,16.6299991607666,16.6200008392334,16.6299991607666,16.6299991607666,29510
2024-03-13 15:44:00-04:00,16.6299991607666,16.6299991607666,16.610000610351562,16.6200008392334,16.6200008392334,97524
2024-03-13 15:45:00-04:00,16.625,16.628799438476562,16.610000610351562,16.614999771118164,16.614999771118164,90087
2024-03-13 15:46:00-04:00,16.614999771118164,16.6299991607666,16.614999771118164,16.625,16.625,84997
2024-03-13 15:47:00-04:00,16.628000259399414,16.639999389648438,16.610000610351562,16.614999771118164,16.614999771118164,125367
2024-03-13 15:48:00-04:00,16.614999771118164,16.6299991607666,16.610000610351562,16.62779998779297,16.62779998779297,76588
2024-03-13 15:49:00-04:00,16.625,16.6299991607666,16.6200008392334,16.628999710083008,16.628999710083008,37070
2024-03-13 15:50:00-04:00,16.6200008392334,16.6299991607666,16.614999771118164,16.6200008392334,16.6200008392334,115534
2024-03-13 15:51:00-04:00,16.625,16.625,16.59000015258789,16.604999542236328,16.604999542236328,233050
2024-03-13 15:52:00-04:00,16.604999542236328,16.610000610351562,16.59000015258789,16.59000015258789,16.59000015258789,133742
2024-03-13 15:53:00-04:00,16.594999313354492,16.600000381469727,16.59000015258789,16.59000015258789,16.59000015258789,82462
2024-03-13 15:54:00-04:00,16.600000381469727,16.6299991607666,16.59000015258789,16.625,16.625,258742
2024-03-13 15:55:00-04:00,16.625,16.635000228881836,16.6200008392334,16.635000228881836,16.635000228881836,181161
2024-03-13 15:56:00-04:00,16.635000228881836,16.65999984741211,16.6299991607666,16.645000457763672,16.645000457763672,199225
2024-03-13 15:57:00-04:00,16.649999618530273,16.649999618530273,16.639999389648438,16.645000457763672,16.645000457763672,283178
2024-03-13 15:58:00-04:00,16.649999618530273,16.65999984741211,16.639999389648438,16.649999618530273,16.649999618530273,300117
2024-03-13 15:59:00-04:00,16.649999618530273,16.670000076293945,16.639999389648438,16.649999618530273,16.649999618530273,436200
2024-03-14 09:30:00-04:00,16.540000915527344,16.59000015258789,16.510000228881836,16.5625,16.5625,692467
2024-03-14 09:31:00-04:00,16.559200286865234,16.610000610351562,16.558000564575195,16.575000762939453,16.575000762939453,87673
2024-03-14 09:32:00-04:00,16.56999969482422,16.618900299072266,16.540000915527344,16.604999542236328,16.604999542236328,53494
2024-03-14 09:33:00-04:00,16.604999542236328,16.604999542236328,16.54990005493164,16.549999237060547,16.549999237060547,104955
2024-03-14 09:34:00-04:00,16.55120086669922,16.55769920349121,16.450000762939453,16.450300216674805,16.450300216674805,346463
2024-03-14 09:35:00-04:00,16.459999084472656,16.475000381469727,16.399999618530273,16.406400680541992,16.406400680541992,190623
2024-03-14 09:36:00-04:00,16.405000686645508,16.440000534057617,16.3799991607666,16.405000686645508,16.405000686645508,152463
2024-03-14 09:37:00-04:00,16.405000686645508,16.459999084472656,16.405000686645508,16.41990089416504,16.41990089416504,189732
2024-03-14 09:38:00-04:00,16.420000076293945,16.450000762939453,16.389999389648438,16.440000534057617,16.440000534057617,152626
2024-03-14 09:39:00-04:00,16.44540023803711,16.469999313354492,16.40920066833496,16.459999084472656,16.459999084472656,108040
2024-03-14 09:40:00-04:00,16.46500015258789,16.469999313354492,16.38129997253418,16.40999984741211,16.40999984741211,130936
2024-03-14 09:41:00-04:00,16.399999618530273,16.459999084472656,16.3700008392334,16.457500457763672,16.457500457763672,146906
2024-03-14 09:42:00-04:00,16.454999923706055,16.46500015258789,16.420000076293945,16.424999237060547,16.424999237060547,110179
2024-03-14 09:43:00-04:00,16.420000076293945,16.44499969482422,16.399999618530273,16.415000915527344,16.415000915527344,68447
2024-03-14 09:44:00-04:00,16.415000915527344,16.459999084472656,16.399999618530273,16.44499969482422,16.44499969482422,95875
2024-03-14 09:45:00-04:00,16.450000762939453,16.540000915527344,16.44499969482422,16.520000457763672,16.520000457763672,159980
2024-03-14 09:46:00-04:00,16.520000457763672,16.520000457763672,16.459999084472656,16.479999542236328,16.479999542236328,83592
2024-03-14 09:47:00-04:00,16.469999313354492,16.489999771118164,16.450000762939453,16.485000610351562,16.485000610351562,96382
2024-03-14 09:48:00-04:00,16.485000610351562,16.510000228881836,16.479999542236328,16.489999771118164,16.489999771118164,87737
2024-03-14 09:49:00-04:00,16.489999771118164,16.4950008392334,16.450000762939453,16.469999313354492,16.469999313354492,152880
2024-03-14 09:50:00-04:00,16.469999313354492,16.485000610351562,16.440000534057617,16.440099716186523,16.440099716186523,163398
2024-03-14 09:51:00-04:00,16.450000762939453,16.459999084472656,16.3799991607666,16.3799991607666,16.3799991607666,149359
2024-03-14 09:52:00-04:00,16.389999389648438,16.40999984741211,16.360000610351562,16.360000610351562,16.360000610351562,140084
2024-03-14 09:53:00-04:00,16.364999771118164,16.3799991607666,16.34000015258789,16.375,16.375,190312
2024-03-14 09:54:00-04:00,16.370899200439453,16.405000686645508,16.3700008392334,16.393999099731445,16.393999099731445,55474
2024-03-14 09:55:00-04:00,16.389999389648438,16.42970085144043,16.389999389648438,16.405000686645508,16.405000686645508,116957
2024-03-14 09:56:00-04:00,16.405000686645508,16.405000686645508,16.3700008392334,16.399999618530273,16.399999618530273,74228
2024-03-14 09:57:00-04:00,16.40999984741211,16.440000534057617,16.399999618530273,16.440000534057617,16.440000534057617,93395
2024-03-14 09:58:00-04:00,16.434999465942383,16.454999923706055,16.420000076293945,16.43000030517578,16.43000030517578,69083
2024-03-14 09:59:00-04:00,16.43000030517578,16.450000762939453,16.420000076293945,16.426300048828125,16.426300048828125,23715
2024-03-14 10:00:00-04:00,16.429399490356445,16.43000030517578,16.389999389648438,16.415000915527344,16.415000915527344,87862
2024-03-14 10:01:00-04:00,16.415000915527344,16.420000076293945,16.389999389648438,16.399900436401367,16.399900436401367,56206
2024-03-14 10:02:00-04:00,16.399999618530273,16.399999618530273,16.375,16.39900016784668,16.39900016784668,46314
2024-03-14 10:03:00-04:00,16.389999389648438,16.479900360107422,16.3799991607666,16.469999313354492,16.469999313354492,87910
2024-03-14 10:04:00-04:00,16.475000381469727,16.479999542236328,16.459999084472656,16.459999084472656,16.459999084472656,74488
2024-03-14 10:05:00-04:00,16.469900131225586,16.469999313354492,16.424999237060547,16.459999084472656,16.459999084472656,110836
2024-03-14 10:06:00-04:00,16.46500015258789,16.499900817871094,16.459999084472656,16.469999313354492,16.469999313354492,94680
2024-03-14 10:07:00-04:00,16.475000381469727,16.4950008392334,16.450000762939453,16.459999084472656,16.459999084472656,44690
2024-03-14 10:08:00-04:00,16.459999084472656,16.469900131225586,16.43000030517578,16.450000762939453,16.450000762939453,31534
2024-03-14 10:09:00-04:00,16.450000762939453,16.510000228881836,16.440000534057617,16.503999710083008,16.503999710083008,69387
2024-03-14 10:10:00-04:00,16.5,16.510000228881836,16.479999542236328,16.489999771118164,16.489999771118164,86610
2024-03-14 10:11:00-04:00,16.479999542236328,16.514999389648438,16.459999084472656,16.510000228881836,16.510000228881836,112744
2024-03-14 10:12:00-04:00,16.519899368286133,16.52989959716797,16.5,16.5,16.5,52578
2024-03-14 10:13:00-04:00,16.5,16.530000686645508,16.489999771118164,16.520000457763672,16.520000457763672,107539
2024-03-14 10:14:00-04:00,16.520000457763672,16.524999618530273,16.469999313354492,16.469999313354492,16.469999313354492,69565
2024-03-14 10:15:00-04:00,16.479999542236328,16.5,16.469999313354492,16.497499465942383,16.497499465942383,54748
2024-03-14 10:16:00-04:00,16.489999771118164,16.4950008392334,16.450000762939453,16.450000762939453,16.450000762939453,39871
2024-03-14 10:17:00-04:00,16.450000762939453,16.475000381469727,16.440000534057617,16.459999084472656,16.459999084472656,54283
2024-03-14 10:18:00-04:00,16.459999084472656,16.46500015258789,16.450000762939453,16.454999923706055,16.454999923706055,29741
2024-03-14 10:19:00-04:00,16.450000762939453,16.469999313354492,16.450000762939453,16.450000762939453,16.450000762939453,60749
2024-03-14 10:20:00-04:00,16.454999923706055,16.479999542236328,16.452499389648438,16.475000381469727,16.475000381469727,36347
2024-03-14 10:21:00-04:00,16.475000381469727,16.520000457763672,16.469999313354492,16.489999771118164,16.489999771118164,100760
2024-03-14 10:22:00-04:00,16.483999252319336,16.499900817871094,16.479999542236328,16.485000610351562,16.485000610351562,69992
2024-03-14 10:23:00-04:00,16.479999542236328,16.487499237060547,16.469999313354492,16.485000610351562,16.485000610351562,52341
2024-03-14 10:24:00-04:00,16.479999542236328,16.489999771118164,16.469999313354492,16.479999542236328,16.479999542236328,56980
2024-03-14 10:25:00-04:00,16.487499237060547,16.514999389648438,16.479999542236328,16.5,16.5,143010
2024-03-14 10:26:00-04:00,16.4950008392334,16.5,16.479999542236328,16.482500076293945,16.482500076293945,56547
2024-03-14 10:27:00-04:00,16.48870086669922,16.5,16.440000534057617,16.440000534057617,16.440000534057617,133753
2024-03-14 10:28:00-04:00,16.450000762939453,16.450000762939453,16.420000076293945,16.420000076293945,16.420000076293945,74713
2024-03-14 10:29:00-04:00,16.420000076293945,16.420000076293945,16.375,16.375,16.375,160125
2024-03-14 10:30:00-04:00,16.379899978637695,16.420000076293945,16.3700008392334,16.417499542236328,16.417499542236328,77163
2024-03-14 10:31:00-04:00,16.40999984741211,16.424999237060547,16.3799991607666,16.40999984741211,16.40999984741211,69213
2024-03-14 10:32:00-04:00,16.420000076293945,16.440000534057617,16.412099838256836,16.43000030517578,16.43000030517578,29377
2024-03-14 10:33:00-04:00,16.43000030517578,16.440000534057617,16.399999618530273,16.40250015258789,16.40250015258789,32876
2024-03-14 10:34:00-04:00,16.40999984741211,16.434999465942383,16.40999984741211,16.40999984741211,16.40999984741211,42782
2024-03-14 10:35:00-04:00,16.415000915527344,16.424999237060547,16.399999618530273,16.405000686645508,16.405000686645508,18163
2024-03-14 10:36:00-04:00,16.399999618530273,16.420000076293945,16.399999618530273,16.40999984741211,16.40999984741211,23242
2024-03-14 10:37:00-04:00,16.40999984741211,16.419300079345703,16.399999618530273,16.419300079345703,16.419300079345703,39709
2024-03-14 10:38:00-04:00,16.40999984741211,16.420000076293945,16.389999389648438,16.409799575805664,16.409799575805664,32283
2024-03-14 10:39:00-04:00,16.405000686645508,16.405000686645508,16.389999389648438,16.395000457763672,16.395000457763672,42093
2024-03-14 10:40:00-04:00,16.395000457763672,16.399999618530273,16.389999389648438,16.399900436401367,16.399900436401367,28628
2024-03-14 10:41:00-04:00,16.389999389648438,16.399999618530273,16.3799991607666,16.399999618530273,16.399999618530273,56819
2024-03-14 10:42:00-04:00,16.399999618530273,16.43000030517578,16.399999618530273,16.43000030517578,16.43000030517578,41623
2024-03-14 10:43:00-04:00,16.422500610351562,16.440000534057617,16.420000076293945,16.420000076293945,16.420000076293945,55776
2024-03-14 10:44:00-04:00,16.424999237060547,16.43000030517578,16.40999984741211,16.40999984741211,16.40999984741211,23208
2024-03-14 10:45:00-04:00,16.40999984741211,16.440000534057617,16.40999984741211,16.420000076293945,16.420000076293945,83994
2024-03-14 10:46:00-04:00,16.420000076293945,16.43000030517578,16.399999618530273,16.405000686645508,16.405000686645508,30058
2024-03-14 10:47:00-04:00,16.405000686645508,16.440000534057617,16.401399612426758,16.434999465942383,16.434999465942383,59357
2024-03-14 10:48:00-04:00,16.439300537109375,16.439300537109375,16.399999618530273,16.405000686645508,16.405000686645508,33991
2024-03-14 10:49:00-04:00,16.40999984741211,16.40999984741211,16.3700008392334,16.375,16.375,77944
2024-03-14 10:50:00-04:00,16.3700008392334,16.389999389648438,16.3700008392334,16.38010025024414,16.38010025024414,86502
2024-03-14 10:51:00-04:00,16.385000228881836,16.399999618530273,16.3799991607666,16.399999618530273,16.399999618530273,35497
2024-03-14 10:52:00-04:00,16.395000457763672,16.399999618530273,16.389999389648438,16.397499084472656,16.397499084472656,30159
2024-03-14 10:53:00-04:00,16.395000457763672,16.399999618530273,16.3700008392334,16.381399154663086,16.381399154663086,27997
2024-03-14 10:54:00-04:00,16.389999389648438,16.389999389648438,16.375,16.385000228881836,16.385000228881836,26177
2024-03-14 10:55:00-04:00,16.389999389648438,16.399999618530273,16.381200790405273,16.389999389648438,16.389999389648438,22531
2024-03-14 10:56:00-04:00,16.399999618530273,16.420000076293945,16.389999389648438,16.409900665283203,16.409900665283203,30387
2024-03-14 10:57:00-04:00,16.399999618530273,16.40999984741211,16.399999618530273,16.399999618530273,16.399999618530273,34061
2024-03-14 10:58:00-04:00,16.400699615478516,16.405000686645508,16.3799991607666,16.389999389648438,16.389999389648438,34426
2024-03-14 10:59:00-04:00,16.385000228881836,16.40999984741211,16.3799991607666,16.40999984741211,16.40999984741211,25196
2024-03-14 11:00:00-04:00,16.405399322509766,16.40999984741211,16.389999389648438,16.405000686645508,16.405000686645508,34478
2024-03-14 11:01:00-04:00,16.405000686645508,16.40999984741211,16.399999618530273,16.405000686645508,16.405000686645508,30258
2024-03-14 11:02:00-04:00,16.405000686645508,16.415000915527344,16.399999618530273,16.415000915527344,16.415000915527344,38608
2024-03-14 11:03:00-04:00,16.415000915527344,16.439899444580078,16.40999984741211,16.4375,16.4375,47115
2024-03-14 11:04:00-04:00,16.439899444580078,16.440000534057617,16.415000915527344,16.43000030517578,16.43000030517578,36941
2024-03-14 11:05:00-04:00,16.434999465942383,16.440000534057617,16.420000076293945,16.43000030517578,16.43000030517578,17976
2024-03-14 11:06:00-04:00,16.424999237060547,16.43000030517578,16.399999618530273,16.415000915527344,16.415000915527344,71140
2024-03-14 11:07:00-04:00,16.415000915527344,16.420000076293945,16.395000457763672,16.400100708007812,16.400100708007812,39045
2024-03-14 11:08:00-04:00,16.399999618530273,16.40999984741211,16.3799991607666,16.3799991607666,16.3799991607666,67708
2024-03-14 11:09:00-04:00,16.38990020751953,16.389999389648438,16.3799991607666,16.3799991607666,16.3799991607666,34266
2024-03-14 11:10:00-04:00,16.389999389648438,16.399999618530273,16.381099700927734,16.395000457763672,16.395000457763672,23831
2024-03-14 11:11:00-04:00,16.390499114990234,16.405000686645508,16.375,16.3799991607666,16.3799991607666,64497
2024-03-14 11:12:00-04:00,16.3799991607666,16.38990020751953,16.3700008392334,16.38599967956543,16.38599967956543,27417
2024-03-14 11:13:00-04:00,16.389999389648438,16.399999618530273,16.385000228881836,16.397499084472656,16.397499084472656,20129
2024-03-14 11:14:00-04:00,16.395000457763672,16.399999618530273,16.3799991607666,16.3799991607666,16.3799991607666,24933
2024-03-14 11:15:00-04:00,16.3799991607666,16.389999389648438,16.3799991607666,16.385000228881836,16.385000228881836,6854
2024-03-14 11:16:00-04:00,16.3799991607666,16.389999389648438,16.3799991607666,16.3799991607666,16.3799991607666,7157
2024-03-14 11:17:00-04:00,16.389999389648438,16.389999389648438,16.3799991607666,16.385000228881836,16.385000228881836,17505
2024-03-14 11:18:00-04:00,16.3799991607666,16.40999984741211,16.3799991607666,16.399999618530273,16.399999618530273,98916
2024-03-14 11:19:00-04:00,16.405000686645508,16.420000076293945,16.399999618530273,16.405000686645508,16.405000686645508,74344
2024-03-14 11:20:00-04:00,16.389999389648438,16.395000457763672,16.3799991607666,16.395000457763672,16.395000457763672,48549
2024-03-14 11:21:00-04:00,16.395000457763672,16.399999618530273,16.3799991607666,16.3799991607666,16.3799991607666,27693
2024-03-14 11:22:00-04:00,16.385000228881836,16.389999389648438,16.3700008392334,16.375,16.375,32753
2024-03-14 11:23:00-04:00,16.3799991607666,16.389999389648438,16.3700008392334,16.385000228881836,16.385000228881836,101382
2024-03-14 11:24:00-04:00,16.3799991607666,16.389999389648438,16.375,16.385000228881836,16.385000228881836,48657
2024-03-14 11:25:00-04:00,16.3799991607666,16.385000228881836,16.3700008392334,16.375,16.375,13154
2024-03-14 11:26:00-04:00,16.3700008392334,16.377099990844727,16.3700008392334,16.3700008392334,16.3700008392334,10673
2024-03-14 11:27:00-04:00,16.3700008392334,16.3799991607666,16.360000610351562,16.360000610351562,16.360000610351562,45450
2024-03-14 11:28:00-04:00,16.360000610351562,16.36840057373047,16.350000381469727,16.350000381469727,16.350000381469727,75151
2024-03-14 11:29:00-04:00,16.350000381469727,16.360000610351562,16.350000381469727,16.360000610351562,16.360000610351562,21549
2024-03-14 11:30:00-04:00,16.350099563598633,16.3700008392334,16.34000015258789,16.341999053955078,16.341999053955078,105769
2024-03-14 11:31:00-04:00,16.349899291992188,16.360000610351562,16.34000015258789,16.34000015258789,16.34000015258789,33653
2024-03-14 11:32:00-04:00,16.334999084472656,16.334999084472656,16.309999465942383,16.315000534057617,16.315000534057617,53100
2024-03-14 11:33:00-04:00,16.309999465942383,16.334999084472656,16.30500030517578,16.334999084472656,16.334999084472656,80367
2024-03-14 11:34:00-04:00,16.34000015258789,16.360000610351562,16.329999923706055,16.360000610351562,16.360000610351562,56082
2024-03-14 11:35:00-04:00,16.350099563598633,16.360000610351562,16.350000381469727,16.354999542236328,16.354999542236328,11231
2024-03-14 11:36:00-04:00,16.3700008392334,16.387500762939453,16.3700008392334,16.387500762939453,16.387500762939453,112340
2024-03-14 11:37:00-04:00,16.3799991607666,16.389999389648438,16.3799991607666,16.3799991607666,16.3799991607666,45934
2024-03-14 11:38:00-04:00,16.38719940185547,16.389999389648438,16.3799991607666,16.385000228881836,16.385000228881836,29914
2024-03-14 11:39:00-04:00,16.382200241088867,16.389999389648438,16.3700008392334,16.372499465942383,16.372499465942383,28133
2024-03-14 11:40:00-04:00,16.3700008392334,16.399999618530273,16.3700008392334,16.389999389648438,16.389999389648438,74644
2024-03-14 11:41:00-04:00,16.389999389648438,16.399999618530273,16.3799991607666,16.390199661254883,16.390199661254883,53109
2024-03-14 11:42:00-04:00,16.399999618530273,16.399999618530273,16.38249969482422,16.389999389648438,16.389999389648438,25536
2024-03-14 11:43:00-04:00,16.395000457763672,16.40999984741211,16.395000457763672,16.405000686645508,16.405000686645508,57471
2024-03-14 11:44:00-04:00,16.399999618530273,16.405000686645508,16.385000228881836,16.399999618530273,16.399999618530273,114118
2024-03-14 11:45:00-04:00,16.399999618530273,16.40999984741211,16.389999389648438,16.40999984741211,16.40999984741211,27090
2024-03-14 11:46:00-04:00,16.40999984741211,16.40999984741211,16.399999618530273,16.40999984741211,16.40999984741211,24139
2024-03-14 11:47:00-04:00,16.399999618530273,16.399999618530273,16.389999389648438,16.390100479125977,16.390100479125977,38234
2024-03-14 11:48:00-04:00,16.389999389648438,16.40999984741211,16.389999389648438,16.405000686645508,16.405000686645508,51982
2024-03-14 11:49:00-04:00,16.401500701904297,16.40999984741211,16.389999389648438,16.395000457763672,16.395000457763672,23068
2024-03-14 11:50:00-04:00,16.395000457763672,16.40999984741211,16.389999389648438,16.40049934387207,16.40049934387207,22267
2024-03-14 11:51:00-04:00,16.405000686645508,16.40999984741211,16.399999618530273,16.40999984741211,16.40999984741211,20386
2024-03-14 11:52:00-04:00,16.40250015258789,16.43000030517578,16.400100708007812,16.424999237060547,16.424999237060547,83599
2024-03-14 11:53:00-04:00,16.424999237060547,16.43000030517578,16.399999618530273,16.399999618530273,16.399999618530273,44686
2024-03-14 11:54:00-04:00,16.399999618530273,16.399999618530273,16.3799991607666,16.3799991607666,16.3799991607666,41051
2024-03-14 11:55:00-04:00,16.3799991607666,16.399999618530273,16.3799991607666,16.385000228881836,16.385000228881836,57883
2024-03-14 11:56:00-04:00,16.385000228881836,16.389999389648438,16.3799991607666,16.389999389648438,16.389999389648438,20587
2024-03-14 11:57:00-04:00,16.385000228881836,16.389999389648438,16.3799991607666,16.385000228881836,16.385000228881836,22342
2024-03-14 11:58:00-04:00,16.385000228881836,16.389999389648438,16.3799991607666,16.389999389648438,16.389999389648438,17343
2024-03-14 11:59:00-04:00,16.389999389648438,16.40999984741211,16.38010025024414,16.395000457763672,16.395000457763672,77815
2024-03-14 12:00:00-04:00,16.395000457763672,16.399999618530273,16.389999389648438,16.399700164794922,16.399700164794922,11542
2024-03-14 12:01:00-04:00,16.395000457763672,16.40999984741211,16.389999389648438,16.405000686645508,16.405000686645508,23798
2024-03-14 12:02:00-04:00,16.405000686645508,16.40999984741211,16.389999389648438,16.395000457763672,16.395000457763672,42933
2024-03-14 12:03:00-04:00,16.389999389648438,16.399999618530273,16.389999389648438,16.395000457763672,16.395000457763672,7823
2024-03-14 12:04:00-04:00,16.395000457763672,16.399999618530273,16.389999389648438,16.392499923706055,16.392499923706055,13562
2024-03-14 12:05:00-04:00,16.399999618530273,16.40999984741211,16.389999389648438,16.389999389648438,16.389999389648438,43305
2024-03-14 12:06:00-04:00,16.399999618530273,16.399999618530273,16.3799991607666,16.38990020751953,16.38990020751953,35101
2024-03-14 12:07:00-04:00,16.389999389648438,16.389999389648438,16.3799991607666,16.3799991607666,16.3799991607666,16716
2024-03-14 12:08:00-04:00,16.3799991607666,16.385000228881836,16.3700008392334,16.37070083618164,16.37070083618164,57022
2024-03-14 12:09:00-04:00,16.375,16.3799991607666,16.3700008392334,16.3799991607666,16.3799991607666,9827
2024-03-14 12:10:00-04:00,16.3700008392334,16.3799991607666,16.3700008392334,16.37660026550293,16.37660026550293,14444
2024-03-14 12:11:00-04:00,16.3700008392334,16.389999389648438,16.3700008392334,16.3799991607666,16.3799991607666,41067
2024-03-14 12:12:00-04:00,16.374900817871094,16.399999618530273,16.3700008392334,16.389999389648438,16.389999389648438,32645
2024-03-14 12:13:00-04:00,16.385000228881836,16.40999984741211,16.370100021362305,16.399900436401367,16.399900436401367,86527
2024-03-14 12:14:00-04:00,16.399999618530273,16.405000686645508,16.3799991607666,16.385000228881836,16.385000228881836,45065
2024-03-14 12:15:00-04:00,16.3799991607666,16.385000228881836,16.350000381469727,16.350000381469727,16.350000381469727,139663
2024-03-14 12:16:00-04:00,16.354999542236328,16.360000610351562,16.34000015258789,16.344999313354492,16.344999313354492,26804
2024-03-14 12:17:00-04:00,16.344999313354492,16.359899520874023,16.34000015258789,16.359899520874023,16.359899520874023,23249
2024-03-14 12:18:00-04:00,16.360000610351562,16.360000610351562,16.34000015258789,16.344999313354492,16.344999313354492,18572
2024-03-14 12:19:00-04:00,16.344999313354492,16.350000381469727,16.34000015258789,16.340200424194336,16.340200424194336,7917
2024-03-14 12:20:00-04:00,16.34000015258789,16.350000381469727,16.325000762939453,16.329999923706055,16.329999923706055,25787
2024-03-14 12:21:00-04:00,16.329999923706055,16.34000015258789,16.329999923706055,16.33810043334961,16.33810043334961,12710
2024-03-14 12:22:00-04:00,16.330400466918945,16.34000015258789,16.31999969482422,16.329999923706055,16.329999923706055,45473
2024-03-14 12:23:00-04:00,16.322799682617188,16.329999923706055,16.31999969482422,16.329999923706055,16.329999923706055,10448
2024-03-14 12:24:00-04:00,16.325000762939453,16.34000015258789,16.31999969482422,16.31999969482422,16.31999969482422,38861
2024-03-14 12:25:00-04:00,16.329999923706055,16.329999923706055,16.309999465942383,16.315000534057617,16.315000534057617,18322
2024-03-14 12:26:00-04:00,16.315000534057617,16.32990074157715,16.309999465942383,16.325000762939453,16.325000762939453,19548
2024-03-14 12:27:00-04:00,16.32990074157715,16.34000015258789,16.309999465942383,16.309999465942383,16.309999465942383,47715
2024-03-14 12:28:00-04:00,16.315000534057617,16.31999969482422,16.299999237060547,16.31999969482422,16.31999969482422,40732
2024-03-14 12:29:00-04:00,16.319900512695312,16.31999969482422,16.299999237060547,16.299999237060547,16.299999237060547,33536
2024-03-14 12:30:00-04:00,16.299999237060547,16.309999465942383,16.299999237060547,16.309999465942383,16.309999465942383,41848
2024-03-14 12:31:00-04:00,16.309999465942383,16.31999969482422,16.299999237060547,16.31999969482422,16.31999969482422,35364
2024-03-14 12:32:00-04:00,16.31999969482422,16.34000015258789,16.31999969482422,16.34000015258789,16.34000015258789,27690
2024-03-14 12:33:00-04:00,16.334999084472656,16.34000015258789,16.325000762939453,16.33970069885254,16.33970069885254,36730
2024-03-14 12:34:00-04:00,16.33009910583496,16.3700008392334,16.33009910583496,16.3700008392334,16.3700008392334,68700
2024-03-14 12:35:00-04:00,16.364999771118164,16.385000228881836,16.360000610351562,16.385000228881836,16.385000228881836,94649
2024-03-14 12:36:00-04:00,16.385000228881836,16.385000228881836,16.360000610351562,16.360000610351562,16.360000610351562,67663
2024-03-14 12:37:00-04:00,16.360000610351562,16.3700008392334,16.350000381469727,16.360000610351562,16.360000610351562,18099
2024-03-14 12:38:00-04:00,16.354999542236328,16.354999542236328,16.350000381469727,16.350000381469727,16.350000381469727,12792
2024-03-14 12:39:00-04:00,16.350299835205078,16.3700008392334,16.34000015258789,16.34000015258789,16.34000015258789,91006
2024-03-14 12:40:00-04:00,16.340099334716797,16.340099334716797,16.329999923706055,16.334999084472656,16.334999084472656,29077
2024-03-14 12:41:00-04:00,16.329999923706055,16.34000015258789,16.329999923706055,16.334999084472656,16.334999084472656,4972
2024-03-14 12:42:00-04:00,16.334999084472656,16.334999084472656,16.329999923706055,16.329999923706055,16.329999923706055,13529
2024-03-14 12:43:00-04:00,16.334999084472656,16.34000015258789,16.329999923706055,16.329999923706055,16.329999923706055,6166
2024-03-14 12:44:00-04:00,16.334999084472656,16.34000015258789,16.329999923706055,16.329999923706055,16.329999923706055,4646
2024-03-14 12:45:00-04:00,16.329999923706055,16.350000381469727,16.329999923706055,16.34000015258789,16.34000015258789,23618
2024-03-14 12:46:00-04:00,16.34000015258789,16.350500106811523,16.34000015258789,16.350000381469727,16.350000381469727,35210
2024-03-14 12:47:00-04:00,16.344999313354492,16.349899291992188,16.329999923706055,16.334999084472656,16.334999084472656,23450
2024-03-14 12:48:00-04:00,16.336999893188477,16.350000381469727,16.336999893188477,16.344999313354492,16.344999313354492,21035
2024-03-14 12:49:00-04:00,16.34000015258789,16.350000381469727,16.34000015258789,16.346599578857422,16.346599578857422,16536
2024-03-14 12:50:00-04:00,16.341699600219727,16.350000381469727,16.332599639892578,16.344999313354492,16.344999313354492,38553
2024-03-14 12:51:00-04:00,16.344999313354492,16.360000610351562,16.329999923706055,16.334999084472656,16.334999084472656,55017
2024-03-14 12:52:00-04:00,16.334199905395508,16.334999084472656,16.309999465942383,16.310100555419922,16.310100555419922,46955
2024-03-14 12:53:00-04:00,16.309999465942383,16.329999923706055,16.309999465942383,16.319900512695312,16.319900512695312,34949
2024-03-14 12:54:00-04:00,16.315000534057617,16.318199157714844,16.309999465942383,16.315000534057617,16.315000534057617,6766
2024-03-14 12:55:00-04:00,16.309999465942383,16.31999969482422,16.309999465942383,16.318199157714844,16.318199157714844,13393
2024-03-14 12:56:00-04:00,16.309999465942383,16.315000534057617,16.299999237060547,16.310199737548828,16.310199737548828,67843
2024-03-14 12:57:00-04:00,16.315000534057617,16.31999969482422,16.309999465942383,16.317699432373047,16.317699432373047,21066
2024-03-14 12:58:00-04:00,16.315000534057617,16.34000015258789,16.309999465942383,16.338600158691406,16.338600158691406,30706
2024-03-14 12:59:00-04:00,16.34000015258789,16.34000015258789,16.329999923706055,16.334999084472656,16.334999084472656,10657
2024-03-14 13:00:00-04:00,16.329999923706055,16.349899291992188,16.329999923706055,16.34000015258789,16.34000015258789,23448
2024-03-14 13:01:00-04:00,16.350000381469727,16.350000381469727,16.334999084472656,16.334999084472656,16.334999084472656,33626
2024-03-14 13:02:00-04:00,16.329999923706055,16.34000015258789,16.329999923706055,16.337799072265625,16.337799072265625,4560
2024-03-14 13:03:00-04:00,16.33009910583496,16.334999084472656,16.31999969482422,16.31999969482422,16.31999969482422,12594
2024-03-14 13:04:00-04:00,16.31999969482422,16.329999923706055,16.31999969482422,16.329999923706055,16.329999923706055,9054
2024-03-14 13:05:00-04:00,16.325000762939453,16.329999923706055,16.315000534057617,16.323999404907227,16.323999404907227,21538
2024-03-14 13:06:00-04:00,16.329700469970703,16.32990074157715,16.310100555419922,16.319900512695312,16.319900512695312,39182
2024-03-14 13:07:00-04:00,16.317100524902344,16.319900512695312,16.309999465942383,16.315000534057617,16.315000534057617,7555
2024-03-14 13:08:00-04:00,16.315000534057617,16.31999969482422,16.309999465942383,16.315000534057617,16.315000534057617,37381
2024-03-14 13:09:00-04:00,16.315000534057617,16.31999969482422,16.309999465942383,16.309999465942383,16.309999465942383,6325
2024-03-14 13:10:00-04:00,16.315000534057617,16.31999969482422,16.309999465942383,16.315000534057617,16.315000534057617,16096
2024-03-14 13:11:00-04:00,16.315000534057617,16.31999969482422,16.270000457763672,16.274999618530273,16.274999618530273,312042
2024-03-14 13:12:00-04:00,16.280000686645508,16.280000686645508,16.270000457763672,16.27989959716797,16.27989959716797,19229
2024-03-14 13:13:00-04:00,16.271099090576172,16.290000915527344,16.270000457763672,16.280000686645508,16.280000686645508,79329
2024-03-14 13:14:00-04:00,16.280099868774414,16.290000915527344,16.264999389648438,16.274999618530273,16.274999618530273,72217
2024-03-14 13:15:00-04:00,16.274999618530273,16.290000915527344,16.270000457763672,16.290000915527344,16.290000915527344,14899
2024-03-14 13:16:00-04:00,16.285900115966797,16.295000076293945,16.280000686645508,16.28499984741211,16.28499984741211,50923
2024-03-14 13:17:00-04:00,16.28499984741211,16.290000915527344,16.264999389648438,16.269699096679688,16.269699096679688,30602
2024-03-14 13:18:00-04:00,16.264999389648438,16.274999618530273,16.260000228881836,16.264999389648438,16.264999389648438,52133
2024-03-14 13:19:00-04:00,16.260000228881836,16.267000198364258,16.25,16.259899139404297,16.259899139404297,23843
2024-03-14 13:20:00-04:00,16.2549991607666,16.270000457763672,16.2549991607666,16.264999389648438,16.264999389648438,50668
2024-03-14 13:21:00-04:00,16.260000228881836,16.260000228881836,16.239999771118164,16.2450008392334,16.2450008392334,60590
2024-03-14 13:22:00-04:00,16.239999771118164,16.25,16.219999313354492,16.219999313354492,16.219999313354492,39892
2024-03-14 13:23:00-04:00,16.227100372314453,16.2450008392334,16.225000381469727,16.235000610351562,16.235000610351562,71652
2024-03-14 13:24:00-04:00,16.229999542236328,16.239999771118164,16.229999542236328,16.230199813842773,16.230199813842773,18558
2024-03-14 13:25:00-04:00,16.229999542236328,16.239999771118164,16.229999542236328,16.239999771118164,16.239999771118164,10983
2024-03-14 13:26:00-04:00,16.239999771118164,16.260000228881836,16.239999771118164,16.2549991607666,16.2549991607666,29353
2024-03-14 13:27:00-04:00,16.250099182128906,16.274999618530273,16.250099182128906,16.274999618530273,16.274999618530273,30625
2024-03-14 13:28:00-04:00,16.270000457763672,16.270000457763672,16.25,16.25,16.25,20393
2024-03-14 13:29:00-04:00,16.2549991607666,16.259899139404297,16.25,16.25,16.25,6814
2024-03-14 13:30:00-04:00,16.2549991607666,16.2549991607666,16.235000610351562,16.239999771118164,16.239999771118164,35273
2024-03-14 13:31:00-04:00,16.239900588989258,16.25,16.229999542236328,16.2450008392334,16.2450008392334,22116
2024-03-14 13:32:00-04:00,16.2450008392334,16.2549991607666,16.2450008392334,16.2450008392334,16.2450008392334,15581
2024-03-14 13:33:00-04:00,16.2450008392334,16.2549991607666,16.2450008392334,16.25,16.25,30445
2024-03-14 13:34:00-04:00,16.25,16.260000228881836,16.25,16.251399993896484,16.251399993896484,7789
2024-03-14 13:35:00-04:00,16.2549991607666,16.260000228881836,16.252500534057617,16.2549991607666,16.2549991607666,10018
2024-03-14 13:36:00-04:00,16.2549991607666,16.260000228881836,16.239999771118164,16.260000228881836,16.260000228881836,25946
2024-03-14 13:37:00-04:00,16.2549991607666,16.267799377441406,16.250099182128906,16.264999389648438,16.264999389648438,38318
2024-03-14 13:38:00-04:00,16.264999389648438,16.270000457763672,16.252500534057617,16.259700775146484,16.259700775146484,25250
2024-03-14 13:39:00-04:00,16.2544002532959,16.264999389648438,16.25,16.264999389648438,16.264999389648438,22830
2024-03-14 13:40:00-04:00,16.264999389648438,16.276100158691406,16.260000228881836,16.27400016784668,16.27400016784668,38695
2024-03-14 13:41:00-04:00,16.274999618530273,16.278799057006836,16.270000457763672,16.274999618530273,16.274999618530273,9080
2024-03-14 13:42:00-04:00,16.274999618530273,16.290000915527344,16.270000457763672,16.290000915527344,16.290000915527344,34169
2024-03-14 13:43:00-04:00,16.290000915527344,16.299999237060547,16.290000915527344,16.299999237060547,16.299999237060547,21045
2024-03-14 13:44:00-04:00,16.295000076293945,16.309999465942383,16.290000915527344,16.299999237060547,16.299999237060547,20192
2024-03-14 13:45:00-04:00,16.309999465942383,16.309999465942383,16.294599533081055,16.30500030517578,16.30500030517578,37403
2024-03-14 13:46:00-04:00,16.299999237060547,16.315000534057617,16.299999237060547,16.315000534057617,16.315000534057617,15893
2024-03-14 13:47:00-04:00,16.309999465942383,16.31999969482422,16.309999465942383,16.315000534057617,16.315000534057617,9034
2024-03-14 13:48:00-04:00,16.315000534057617,16.31999969482422,16.309999465942383,16.315000534057617,16.315000534057617,16548
2024-03-14 13:49:00-04:00,16.31999969482422,16.325000762939453,16.309999465942383,16.316699981689453,16.316699981689453,34374
2024-03-14 13:50:00-04:00,16.315000534057617,16.31999969482422,16.31130027770996,16.3125,16.3125,11508
2024-03-14 13:51:00-04:00,16.319900512695312,16.31999969482422,16.299999237060547,16.299999237060547,16.299999237060547,29273
2024-03-14 13:52:00-04:00,16.30030059814453,16.309999465942383,16.299999237060547,16.309999465942383,16.309999465942383,11488
2024-03-14 13:53:00-04:00,16.309999465942383,16.325000762939453,16.30500030517578,16.315000534057617,16.315000534057617,72122
2024-03-14 13:54:00-04:00,16.31999969482422,16.329999923706055,16.319700241088867,16.3262996673584,16.3262996673584,12847
2024-03-14 13:55:00-04:00,16.329099655151367,16.329999923706055,16.320100784301758,16.329999923706055,16.329999923706055,5684
2024-03-14 13:56:00-04:00,16.329999923706055,16.329999923706055,16.31999969482422,16.329999923706055,16.329999923706055,11996
2024-03-14 13:57:00-04:00,16.329999923706055,16.34000015258789,16.32740020751953,16.34000015258789,16.34000015258789,40588
2024-03-14 13:58:00-04:00,16.34000015258789,16.34000015258789,16.329999923706055,16.3346004486084,16.3346004486084,7249
2024-03-14 13:59:00-04:00,16.334999084472656,16.34000015258789,16.329999923706055,16.34000015258789,16.34000015258789,24791
2024-03-14 14:00:00-04:00,16.334999084472656,16.34000015258789,16.329999923706055,16.329999923706055,16.329999923706055,8130
2024-03-14 14:01:00-04:00,16.334999084472656,16.344999313354492,16.329999923706055,16.344999313354492,16.344999313354492,40190
2024-03-14 14:02:00-04:00,16.344999313354492,16.350000381469727,16.334999084472656,16.33989906311035,16.33989906311035,19048
2024-03-14 14:03:00-04:00,16.34000015258789,16.34000015258789,16.329999923706055,16.334999084472656,16.334999084472656,3869
2024-03-14 14:04:00-04:00,16.336000442504883,16.344999313354492,16.329999923706055,16.334999084472656,16.334999084472656,38557
2024-03-14 14:05:00-04:00,16.334999084472656,16.350000381469727,16.325000762939453,16.344999313354492,16.344999313354492,56626
2024-03-14 14:06:00-04:00,16.340900421142578,16.345399856567383,16.325000762939453,16.325000762939453,16.325000762939453,30714
2024-03-14 14:07:00-04:00,16.329999923706055,16.329999923706055,16.325000762939453,16.329999923706055,16.329999923706055,6196
2024-03-14 14:08:00-04:00,16.3262996673584,16.329999923706055,16.31999969482422,16.325000762939453,16.325000762939453,2952
2024-03-14 14:09:00-04:00,16.325000762939453,16.334999084472656,16.31999969482422,16.33009910583496,16.33009910583496,9091
2024-03-14 14:10:00-04:00,16.34000015258789,16.34000015258789,16.329999923706055,16.334999084472656,16.334999084472656,12148
2024-03-14 14:11:00-04:00,16.33989906311035,16.34000015258789,16.329999923706055,16.334999084472656,16.334999084472656,8633
2024-03-14 14:12:00-04:00,16.333099365234375,16.34000015258789,16.329999923706055,16.332500457763672,16.332500457763672,2517
2024-03-14 14:13:00-04:00,16.329999923706055,16.34000015258789,16.329999923706055,16.329999923706055,16.329999923706055,75756
2024-03-14 14:14:00-04:00,16.333900451660156,16.34000015258789,16.329999923706055,16.34000015258789,16.34000015258789,5710
2024-03-14 14:15:00-04:00,16.334999084472656,16.350000381469727,16.33009910583496,16.344999313354492,16.344999313354492,22599
2024-03-14 14:16:00-04:00,16.344999313354492,16.344999313354492,16.334999084472656,16.34000015258789,16.34000015258789,19550
2024-03-14 14:17:00-04:00,16.334999084472656,16.34000015258789,16.334999084472656,16.334999084472656,16.334999084472656,4687
2024-03-14 14:18:00-04:00,16.334999084472656,16.34000015258789,16.329999923706055,16.332500457763672,16.332500457763672,7786
2024-03-14 14:19:00-04:00,16.334999084472656,16.34000015258789,16.33009910583496,16.334999084472656,16.334999084472656,6227
2024-03-14 14:20:00-04:00,16.34000015258789,16.350000381469727,16.332399368286133,16.334999084472656,16.334999084472656,39640
2024-03-14 14:21:00-04:00,16.33989906311035,16.344999313354492,16.329999923706055,16.329999923706055,16.329999923706055,27082
2024-03-14 14:22:00-04:00,16.34000015258789,16.34000015258789,16.329999923706055,16.34000015258789,16.34000015258789,14616
2024-03-14 14:23:00-04:00,16.334999084472656,16.34000015258789,16.322599411010742,16.32830047607422,16.32830047607422,41782
2024-03-14 14:24:00-04:00,16.325000762939453,16.329999923706055,16.31999969482422,16.325000762939453,16.325000762939453,28911
2024-03-14 14:25:00-04:00,16.31999969482422,16.329999923706055,16.31999969482422,16.31999969482422,16.31999969482422,13170
2024-03-14 14:26:00-04:00,16.325000762939453,16.34000015258789,16.31999969482422,16.334999084472656,16.334999084472656,10771
2024-03-14 14:27:00-04:00,16.34000015258789,16.34000015258789,16.329999923706055,16.329999923706055,16.329999923706055,24840
2024-03-14 14:28:00-04:00,16.329999923706055,16.34000015258789,16.329999923706055,16.334999084472656,16.334999084472656,6549
2024-03-14 14:29:00-04:00,16.334999084472656,16.34000015258789,16.329999923706055,16.334999084472656,16.334999084472656,9757
2024-03-14 14:30:00-04:00,16.334999084472656,16.34000015258789,16.329999923706055,16.334999084472656,16.334999084472656,25401
2024-03-14 14:31:00-04:00,16.334999084472656,16.34000015258789,16.309999465942383,16.309999465942383,16.309999465942383,65383
2024-03-14 14:32:00-04:00,16.31999969482422,16.329999923706055,16.31999969482422,16.325000762939453,16.325000762939453,79446
2024-03-14 14:33:00-04:00,16.320100784301758,16.329999923706055,16.31999969482422,16.325000762939453,16.325000762939453,8997
2024-03-14 14:34:00-04:00,16.321199417114258,16.329999923706055,16.31999969482422,16.329999923706055,16.329999923706055,10324
2024-03-14 14:35:00-04:00,16.325000762939453,16.329999923706055,16.31999969482422,16.31999969482422,16.31999969482422,7876
2024-03-14 14:36:00-04:00,16.31999969482422,16.31999969482422,16.290000915527344,16.290000915527344,16.290000915527344,46895
2024-03-14 14:37:00-04:00,16.29829978942871,16.299999237060547,16.290000915527344,16.290000915527344,16.290000915527344,22215
2024-03-14 14:38:00-04:00,16.299999237060547,16.299999237060547,16.28499984741211,16.290000915527344,16.290000915527344,26534
2024-03-14 14:39:00-04:00,16.28499984741211,16.290000915527344,16.2726993560791,16.280099868774414,16.280099868774414,31676
2024-03-14 14:40:00-04:00,16.28499984741211,16.290000915527344,16.280000686645508,16.28499984741211,16.28499984741211,7772
2024-03-14 14:41:00-04:00,16.280099868774414,16.290000915527344,16.280000686645508,16.290000915527344,16.290000915527344,6176
2024-03-14 14:42:00-04:00,16.28499984741211,16.299999237060547,16.280099868774414,16.299999237060547,16.299999237060547,30234
2024-03-14 14:43:00-04:00,16.299999237060547,16.299999237060547,16.290000915527344,16.297800064086914,16.297800064086914,22241
2024-03-14 14:44:00-04:00,16.299999237060547,16.309999465942383,16.295000076293945,16.30500030517578,16.30500030517578,27751
2024-03-14 14:45:00-04:00,16.299999237060547,16.309999465942383,16.299999237060547,16.30500030517578,16.30500030517578,6644
2024-03-14 14:46:00-04:00,16.309999465942383,16.309999465942383,16.290000915527344,16.295000076293945,16.295000076293945,33174
2024-03-14 14:47:00-04:00,16.290000915527344,16.299999237060547,16.290000915527344,16.295000076293945,16.295000076293945,12456
2024-03-14 14:48:00-04:00,16.295000076293945,16.295000076293945,16.280000686645508,16.290000915527344,16.290000915527344,19325
2024-03-14 14:49:00-04:00,16.290000915527344,16.299999237060547,16.290000915527344,16.295000076293945,16.295000076293945,15107
2024-03-14 14:50:00-04:00,16.290000915527344,16.329999923706055,16.290000915527344,16.31999969482422,16.31999969482422,370466
2024-03-14 14:51:00-04:00,16.315000534057617,16.31999969482422,16.299999237060547,16.299999237060547,16.299999237060547,45693
2024-03-14 14:52:00-04:00,16.299999237060547,16.299999237060547,16.290000915527344,16.290000915527344,16.290000915527344,11458
2024-03-14 14:53:00-04:00,16.290000915527344,16.295000076293945,16.280000686645508,16.28499984741211,16.28499984741211,42173
2024-03-14 14:54:00-04:00,16.28499984741211,16.289899826049805,16.280000686645508,16.280000686645508,16.280000686645508,14987
2024-03-14 14:55:00-04:00,16.28499984741211,16.290000915527344,16.280000686645508,16.280000686645508,16.280000686645508,10584
2024-03-14 14:56:00-04:00,16.283100128173828,16.290000915527344,16.280000686645508,16.28499984741211,16.28499984741211,10328
2024-03-14 14:57:00-04:00,16.28499984741211,16.290000915527344,16.280000686645508,16.28499984741211,16.28499984741211,25663
2024-03-14 14:58:00-04:00,16.28499984741211,16.28499984741211,16.270000457763672,16.280000686645508,16.280000686645508,84339
2024-03-14 14:59:00-04:00,16.274999618530273,16.280000686645508,16.270000457763672,16.280000686645508,16.280000686645508,6713
2024-03-14 15:00:00-04:00,16.270000457763672,16.274999618530273,16.260000228881836,16.260000228881836,16.260000228881836,40323
2024-03-14 15:01:00-04:00,16.264999389648438,16.269899368286133,16.239999771118164,16.25,16.25,111569
2024-03-14 15:02:00-04:00,16.260000228881836,16.260000228881836,16.239999771118164,16.240100860595703,16.240100860595703,21632
2024-03-14 15:03:00-04:00,16.2450008392334,16.25,16.239999771118164,16.239999771118164,16.239999771118164,19472
2024-03-14 15:04:00-04:00,16.25,16.2549991607666,16.25,16.251100540161133,16.251100540161133,43854
2024-03-14 15:05:00-04:00,16.251399993896484,16.2549991607666,16.229999542236328,16.239999771118164,16.239999771118164,82387
2024-03-14 15:06:00-04:00,16.239999771118164,16.239999771118164,16.219999313354492,16.219999313354492,16.219999313354492,50554
2024-03-14 15:07:00-04:00,16.225000381469727,16.229999542236328,16.209999084472656,16.209999084472656,16.209999084472656,355666
2024-03-14 15:08:00-04:00,16.209999084472656,16.219999313354492,16.200000762939453,16.209999084472656,16.209999084472656,144217
2024-03-14 15:09:00-04:00,16.21500015258789,16.219999313354492,16.200000762939453,16.210100173950195,16.210100173950195,130298
2024-03-14 15:10:00-04:00,16.21500015258789,16.219999313354492,16.209999084472656,16.21500015258789,16.21500015258789,51998
2024-03-14 15:11:00-04:00,16.21500015258789,16.229999542236328,16.209999084472656,16.225000381469727,16.225000381469727,36208
2024-03-14 15:12:00-04:00,16.225000381469727,16.229999542236328,16.219999313354492,16.229999542236328,16.229999542236328,16838
2024-03-14 15:13:00-04:00,16.225000381469727,16.229999542236328,16.21500015258789,16.21500015258789,16.21500015258789,29535
2024-03-14 15:14:00-04:00,16.219999313354492,16.219999313354492,16.210100173950195,16.219999313354492,16.219999313354492,13842
2024-03-14 15:15:00-04:00,16.209999084472656,16.219999313354492,16.209999084472656,16.209999084472656,16.209999084472656,37337
2024-03-14 15:16:00-04:00,16.209999084472656,16.239900588989258,16.209999084472656,16.239900588989258,16.239900588989258,42330
2024-03-14 15:17:00-04:00,16.233999252319336,16.239999771118164,16.229999542236328,16.235000610351562,16.235000610351562,24318
2024-03-14 15:18:00-04:00,16.234100341796875,16.23539924621582,16.209999084472656,16.21500015258789,16.21500015258789,28742
2024-03-14 15:19:00-04:00,16.21500015258789,16.225000381469727,16.209999084472656,16.225000381469727,16.225000381469727,36858
2024-03-14 15:20:00-04:00,16.229999542236328,16.235000610351562,16.219999313354492,16.219999313354492,16.219999313354492,34010
2024-03-14 15:21:00-04:00,16.219999313354492,16.229999542236328,16.214799880981445,16.214799880981445,16.214799880981445,45563
2024-03-14 15:22:00-04:00,16.21500015258789,16.229999542236328,16.209999084472656,16.219999313354492,16.219999313354492,58525
2024-03-14 15:23:00-04:00,16.209999084472656,16.219999313354492,16.209999084472656,16.219900131225586,16.219900131225586,7653
2024-03-14 15:24:00-04:00,16.219999313354492,16.219999313354492,16.209999084472656,16.21500015258789,16.21500015258789,7303
2024-03-14 15:25:00-04:00,16.21500015258789,16.219999313354492,16.200000762939453,16.204999923706055,16.204999923706055,85445
2024-03-14 15:26:00-04:00,16.204999923706055,16.21500015258789,16.200000762939453,16.21500015258789,16.21500015258789,55855
2024-03-14 15:27:00-04:00,16.21500015258789,16.239999771118164,16.209999084472656,16.239999771118164,16.239999771118164,69542
2024-03-14 15:28:00-04:00,16.235000610351562,16.239999771118164,16.229999542236328,16.239999771118164,16.239999771118164,17831
2024-03-14 15:29:00-04:00,16.235000610351562,16.2549991607666,16.230100631713867,16.2450008392334,16.2450008392334,92407
2024-03-14 15:30:00-04:00,16.2450008392334,16.2549991607666,16.231800079345703,16.23200035095215,16.23200035095215,109229
2024-03-14 15:31:00-04:00,16.235000610351562,16.239999771118164,16.209999084472656,16.218799591064453,16.218799591064453,78906
2024-03-14 15:32:00-04:00,16.209999084472656,16.229999542236328,16.209999084472656,16.219999313354492,16.219999313354492,53111
2024-03-14 15:33:00-04:00,16.219999313354492,16.229999542236328,16.219999313354492,16.225000381469727,16.225000381469727,37129
2024-03-14 15:34:00-04:00,16.219999313354492,16.225000381469727,16.200000762939453,16.204999923706055,16.204999923706055,105175
2024-03-14 15:35:00-04:00,16.204999923706055,16.204999923706055,16.170000076293945,16.174999237060547,16.174999237060547,86188
2024-03-14 15:36:00-04:00,16.174999237060547,16.18000030517578,16.149999618530273,16.165000915527344,16.165000915527344,281755
2024-03-14 15:37:00-04:00,16.165000915527344,16.170000076293945,16.15999984741211,16.170000076293945,16.170000076293945,70397
2024-03-14 15:38:00-04:00,16.165000915527344,16.174999237060547,16.15999984741211,16.170000076293945,16.170000076293945,61741
2024-03-14 15:39:00-04:00,16.165000915527344,16.18000030517578,16.165000915527344,16.174999237060547,16.174999237060547,80560
2024-03-14 15:40:00-04:00,16.170000076293945,16.18000030517578,16.149999618530273,16.155000686645508,16.155000686645508,88578
2024-03-14 15:41:00-04:00,16.155000686645508,16.170000076293945,16.149999618530273,16.165000915527344,16.165000915527344,53839
2024-03-14 15:42:00-04:00,16.15999984741211,16.170000076293945,16.15999984741211,16.16699981689453,16.16699981689453,27574
2024-03-14 15:43:00-04:00,16.163000106811523,16.170000076293945,16.149999618530273,16.155000686645508,16.155000686645508,56636
2024-03-14 15:44:00-04:00,16.15999984741211,16.15999984741211,16.139999389648438,16.145000457763672,16.145000457763672,121649
2024-03-14 15:45:00-04:00,16.145000457763672,16.15999984741211,16.141700744628906,16.15999984741211,16.15999984741211,152813
2024-03-14 15:46:00-04:00,16.155000686645508,16.184999465942383,16.149999618530273,16.170000076293945,16.170000076293945,237136
2024-03-14 15:47:00-04:00,16.165000915527344,16.170000076293945,16.15999984741211,16.165000915527344,16.165000915527344,33365
2024-03-14 15:48:00-04:00,16.166500091552734,16.170000076293945,16.15999984741211,16.160999298095703,16.160999298095703,33501
2024-03-14 15:49:00-04:00,16.165000915527344,16.170000076293945,16.15999984741211,16.170000076293945,16.170000076293945,52428
2024-03-14 15:50:00-04:00,16.165000915527344,16.190000534057617,16.15999984741211,16.184999465942383,16.184999465942383,262262
2024-03-14 15:51:00-04:00,16.183500289916992,16.200000762939453,16.18000030517578,16.198699951171875,16.198699951171875,95288
2024-03-14 15:52:00-04:00,16.200000762939453,16.209999084472656,16.19499969482422,16.20009994506836,16.20009994506836,90196
2024-03-14 15:53:00-04:00,16.204999923706055,16.209999084472656,16.200000762939453,16.209999084472656,16.209999084472656,38058
2024-03-14 15:54:00-04:00,16.204999923706055,16.219999313354492,16.20050048828125,16.21500015258789,16.21500015258789,114065
2024-03-14 15:55:00-04:00,16.219999313354492,16.25,16.209999084472656,16.225000381469727,16.225000381469727,271003
2024-03-14 15:56:00-04:00,16.225000381469727,16.239999771118164,16.219999313354492,16.225000381469727,16.225000381469727,199708
2024-03-14 15:57:00-04:00,16.219999313354492,16.229999542236328,16.219999313354492,16.229999542236328,16.229999542236328,55463
2024-03-14 15:58:00-04:00,16.225000381469727,16.229999542236328,16.219999313354492,16.219999313354492,16.219999313354492,172868
2024-03-14 15:59:00-04:00,16.219999313354492,16.225000381469727,16.190000534057617,16.200000762939453,16.200000762939453,698576
2024-03-15 09:30:00-04:00,16.190000534057617,16.28499984741211,16.18000030517578,16.239999771118164,16.239999771118164,1285060
2024-03-15 09:31:00-04:00,16.239999771118164,16.289899826049805,16.229999542236328,16.259899139404297,16.259899139404297,59874
2024-03-15 09:32:00-04:00,16.25,16.25,16.170000076293945,16.180500030517578,16.180500030517578,78742
2024-03-15 09:33:00-04:00,16.18000030517578,16.190000534057617,16.15999984741211,16.170499801635742,16.170499801635742,65503
2024-03-15 09:34:00-04:00,16.18000030517578,16.219999313354492,16.18000030517578,16.204999923706055,16.204999923706055,33603
2024-03-15 09:35:00-04:00,16.204999923706055,16.260000228881836,16.200000762939453,16.25079917907715,16.25079917907715,83969
2024-03-15 09:36:00-04:00,16.25,16.318899154663086,16.219999313354492,16.309999465942383,16.309999465942383,101894
2024-03-15 09:37:00-04:00,16.319499969482422,16.34000015258789,16.309999465942383,16.329999923706055,16.329999923706055,57888
2024-03-15 09:38:00-04:00,16.334999084472656,16.34000015258789,16.290000915527344,16.290000915527344,16.290000915527344,170214
2024-03-15 09:39:00-04:00,16.295000076293945,16.299999237060547,16.270000457763672,16.290000915527344,16.290000915527344,81084
2024-03-15 09:40:00-04:00,16.295000076293945,16.3700008392334,16.280000686645508,16.36009979248047,16.36009979248047,75196
2024-03-15 09:41:00-04:00,16.364999771118164,16.3799991607666,16.325000762939453,16.329999923706055,16.329999923706055,49339
2024-03-15 09:42:00-04:00,16.325000762939453,16.334999084472656,16.299999237060547,16.329999923706055,16.329999923706055,50759
2024-03-15 09:43:00-04:00,16.329999923706055,16.350000381469727,16.300100326538086,16.329999923706055,16.329999923706055,46278
2024-03-15 09:44:00-04:00,16.33009910583496,16.334999084472656,16.270000457763672,16.280000686645508,16.280000686645508,81674
2024-03-15 09:45:00-04:00,16.28499984741211,16.290000915527344,16.239999771118164,16.2450008392334,16.2450008392334,96361
2024-03-15 09:46:00-04:00,16.239999771118164,16.260000228881836,16.180599212646484,16.180700302124023,16.180700302124023,121879
2024-03-15 09:47:00-04:00,16.190000534057617,16.239900588989258,16.190000534057617,16.230100631713867,16.230100631713867,37298
2024-03-15 09:48:00-04:00,16.229999542236328,16.23550033569336,16.19499969482422,16.19499969482422,16.19499969482422,18137
2024-03-15 09:49:00-04:00,16.19499969482422,16.209999084472656,16.18000030517578,16.204999923706055,16.204999923706055,63368
2024-03-15 09:50:00-04:00,16.204999923706055,16.260000228881836,16.184999465942383,16.239999771118164,16.239999771118164,124879
2024-03-15 09:51:00-04:00,16.239999771118164,16.25,16.21500015258789,16.229999542236328,16.229999542236328,64956
2024-03-15 09:52:00-04:00,16.225000381469727,16.229999542236328,16.190000534057617,16.204999923706055,16.204999923706055,78819
2024-03-15 09:53:00-04:00,16.200000762939453,16.229900360107422,16.18000030517578,16.219900131225586,16.219900131225586,100602
2024-03-15 09:54:00-04:00,16.209999084472656,16.219999313354492,16.200000762939453,16.21500015258789,16.21500015258789,42087
2024-03-15 09:55:00-04:00,16.21500015258789,16.2450008392334,16.200000762939453,16.239999771118164,16.239999771118164,60823
2024-03-15 09:56:00-04:00,16.2450008392334,16.270000457763672,16.239999771118164,16.260000228881836,16.260000228881836,45301
2024-03-15 09:57:00-04:00,16.25,16.270000457763672,16.25,16.270000457763672,16.270000457763672,32633
2024-03-15 09:58:00-04:00,16.264999389648438,16.270000457763672,16.2549991607666,16.270000457763672,16.270000457763672,16729
2024-03-15 09:59:00-04:00,16.264999389648438,16.290000915527344,16.2549991607666,16.26799964904785,16.26799964904785,113557
2024-03-15 10:00:00-04:00,16.264999389648438,16.280000686645508,16.239999771118164,16.270000457763672,16.270000457763672,66177
2024-03-15 10:01:00-04:00,16.274999618530273,16.274999618530273,16.229999542236328,16.239999771118164,16.239999771118164,34800
2024-03-15 10:02:00-04:00,16.239999771118164,16.25,16.229999542236328,16.239999771118164,16.239999771118164,20941
2024-03-15 10:03:00-04:00,16.239999771118164,16.290000915527344,16.214000701904297,16.280099868774414,16.280099868774414,74658
2024-03-15 10:04:00-04:00,16.282100677490234,16.289899826049805,16.270000457763672,16.280000686645508,16.280000686645508,29006
2024-03-15 10:05:00-04:00,16.280000686645508,16.29990005493164,16.274999618530273,16.28499984741211,16.28499984741211,21179
2024-03-15 10:06:00-04:00,16.289899826049805,16.289899826049805,16.229999542236328,16.264999389648438,16.264999389648438,33225
2024-03-15 10:07:00-04:00,16.270000457763672,16.298099517822266,16.270000457763672,16.290000915527344,16.290000915527344,62418
2024-03-15 10:08:00-04:00,16.28499984741211,16.289899826049805,16.262300491333008,16.279699325561523,16.279699325561523,27932
2024-03-15 10:09:00-04:00,16.270000457763672,16.274999618530273,16.25,16.270000457763672,16.270000457763672,39434
2024-03-15 10:10:00-04:00,16.264999389648438,16.274999618530273,16.260000228881836,16.270000457763672,16.270000457763672,21678
2024-03-15 10:11:00-04:00,16.270000457763672,16.280000686645508,16.260000228881836,16.280000686645508,16.280000686645508,55196
2024-03-15 10:12:00-04:00,16.274999618530273,16.295000076293945,16.270000457763672,16.274999618530273,16.274999618530273,27762
2024-03-15 10:13:00-04:00,16.280000686645508,16.299999237060547,16.270000457763672,16.28499984741211,16.28499984741211,63556
2024-03-15 10:14:00-04:00,16.290000915527344,16.31999969482422,16.28499984741211,16.31999969482422,16.31999969482422,34792
2024-03-15 10:15:00-04:00,16.319900512695312,16.327499389648438,16.290000915527344,16.290000915527344,16.290000915527344,57475
2024-03-15 10:16:00-04:00,16.29490089416504,16.299999237060547,16.280000686645508,16.282499313354492,16.282499313354492,18738
2024-03-15 10:17:00-04:00,16.290000915527344,16.299999237060547,16.280000686645508,16.289899826049805,16.289899826049805,32010
2024-03-15 10:18:00-04:00,16.290000915527344,16.309999465942383,16.280000686645508,16.297100067138672,16.297100067138672,41352
2024-03-15 10:19:00-04:00,16.29990005493164,16.30500030517578,16.290000915527344,16.299999237060547,16.299999237060547,16399
2024-03-15 10:20:00-04:00,16.299999237060547,16.299999237060547,16.270000457763672,16.280000686645508,16.280000686645508,41137
2024-03-15 10:21:00-04:00,16.28499984741211,16.290000915527344,16.260000228881836,16.269899368286133,16.269899368286133,52109
2024-03-15 10:22:00-04:00,16.260000228881836,16.270000457763672,16.25,16.260000228881836,16.260000228881836,36477
2024-03-15 10:23:00-04:00,16.260000228881836,16.260000228881836,16.239999771118164,16.259899139404297,16.259899139404297,49770
2024-03-15 10:24:00-04:00,16.2549991607666,16.274999618530273,16.2549991607666,16.270000457763672,16.270000457763672,86469
2024-03-15 10:25:00-04:00,16.260000228881836,16.268199920654297,16.260000228881836,16.260000228881836,16.260000228881836,2237
2024-03-15 10:26:00-04:00,16.25,16.260000228881836,16.25,16.259300231933594,16.259300231933594,30397
2024-03-15 10:27:00-04:00,16.25,16.259899139404297,16.2450008392334,16.25,16.25,46014
2024-03-15 10:28:00-04:00,16.2549991607666,16.264999389648438,16.252500534057617,16.2549991607666,16.2549991607666,9965
2024-03-15 10:29:00-04:00,16.250900268554688,16.260000228881836,16.25,16.250900268554688,16.250900268554688,3215
2024-03-15 10:30:00-04:00,16.250999450683594,16.2549991607666,16.239999771118164,16.239999771118164,16.239999771118164,37276
2024-03-15 10:31:00-04:00,16.239999771118164,16.260000228881836,16.219999313354492,16.25,16.25,44267
2024-03-15 10:32:00-04:00,16.2549991607666,16.2549991607666,16.229999542236328,16.229999542236328,16.229999542236328,28889
2024-03-15 10:33:00-04:00,16.235000610351562,16.239999771118164,16.219999313354492,16.229999542236328,16.229999542236328,28584
2024-03-15 10:34:00-04:00,16.229999542236328,16.239999771118164,16.219999313354492,16.219999313354492,16.219999313354492,49089
2024-03-15 10:35:00-04:00,16.218399047851562,16.229999542236328,16.209999084472656,16.219999313354492,16.219999313354492,30785
2024-03-15 10:36:00-04:00,16.229999542236328,16.2549991607666,16.229900360107422,16.2450008392334,16.2450008392334,41962
2024-03-15 10:37:00-04:00,16.249900817871094,16.270000457763672,16.239999771118164,16.260000228881836,16.260000228881836,37853
2024-03-15 10:38:00-04:00,16.260000228881836,16.260000228881836,16.239999771118164,16.259899139404297,16.259899139404297,38805
2024-03-15 10:39:00-04:00,16.25,16.260000228881836,16.25,16.25,16.25,13927
2024-03-15 10:40:00-04:00,16.260000228881836,16.260000228881836,16.250900268554688,16.252500534057617,16.252500534057617,18183
2024-03-15 10:41:00-04:00,16.258499145507812,16.260000228881836,16.239999771118164,16.25,16.25,20459
2024-03-15 10:42:00-04:00,16.260000228881836,16.260000228881836,16.25,16.260000228881836,16.260000228881836,8879
2024-03-15 10:43:00-04:00,16.260000228881836,16.260000228881836,16.25,16.260000228881836,16.260000228881836,6169
2024-03-15 10:44:00-04:00,16.260000228881836,16.260000228881836,16.25,16.25,16.25,22655
2024-03-15 10:45:00-04:00,16.25,16.260000228881836,16.25,16.2549991607666,16.2549991607666,9081
2024-03-15 10:46:00-04:00,16.259000778198242,16.270000457763672,16.25,16.264999389648438,16.264999389648438,35696
2024-03-15 10:47:00-04:00,16.269899368286133,16.270000457763672,16.25,16.252500534057617,16.252500534057617,30127
2024-03-15 10:48:00-04:00,16.25,16.260000228881836,16.239999771118164,16.260000228881836,16.260000228881836,60246
2024-03-15 10:49:00-04:00,16.2549991607666,16.299999237060547,16.25,16.295000076293945,16.295000076293945,52992
2024-03-15 10:50:00-04:00,16.29010009765625,16.309999465942383,16.280000686645508,16.280000686645508,16.280000686645508,57839
2024-03-15 10:51:00-04:00,16.280000686645508,16.299999237060547,16.280000686645508,16.290000915527344,16.290000915527344,28456
2024-03-15 10:52:00-04:00,16.290000915527344,16.295000076293945,16.280000686645508,16.284000396728516,16.284000396728516,35153
2024-03-15 10:53:00-04:00,16.290000915527344,16.309999465942383,16.280000686645508,16.300100326538086,16.300100326538086,17105
2024-03-15 10:54:00-04:00,16.299999237060547,16.309999465942383,16.299999237060547,16.30109977722168,16.30109977722168,44707
2024-03-15 10:55:00-04:00,16.299999237060547,16.329999923706055,16.299999237060547,16.328500747680664,16.328500747680664,52011
2024-03-15 10:56:00-04:00,16.31999969482422,16.34000015258789,16.31999969482422,16.31999969482422,16.31999969482422,58311
2024-03-15 10:57:00-04:00,16.325000762939453,16.325000762939453,16.309999465942383,16.309999465942383,16.309999465942383,31739
2024-03-15 10:58:00-04:00,16.309999465942383,16.31999969482422,16.309999465942383,16.31999969482422,16.31999969482422,24752
2024-03-15 10:59:00-04:00,16.315000534057617,16.325000762939453,16.290000915527344,16.299999237060547,16.299999237060547,85938
2024-03-15 11:00:00-04:00,16.299999237060547,16.309999465942383,16.298799514770508,16.299999237060547,16.299999237060547,16232
2024-03-15 11:01:00-04:00,16.299999237060547,16.299999237060547,16.274999618530273,16.274999618530273,16.274999618530273,29089
2024-03-15 11:02:00-04:00,16.274999618530273,16.290000915527344,16.270000457763672,16.290000915527344,16.290000915527344,14674
2024-03-15 11:03:00-04:00,16.28499984741211,16.290000915527344,16.280000686645508,16.290000915527344,16.290000915527344,7578
2024-03-15 11:04:00-04:00,16.28499984741211,16.299999237060547,16.280000686645508,16.295000076293945,16.295000076293945,30262
2024-03-15 11:05:00-04:00,16.299100875854492,16.299999237060547,16.280000686645508,16.280000686645508,16.280000686645508,32404
2024-03-15 11:06:00-04:00,16.281200408935547,16.290000915527344,16.280000686645508,16.28499984741211,16.28499984741211,5117
2024-03-15 11:07:00-04:00,16.28499984741211,16.28499984741211,16.280000686645508,16.28499984741211,16.28499984741211,7325
2024-03-15 11:08:00-04:00,16.280000686645508,16.28499984741211,16.280000686645508,16.280000686645508,16.280000686645508,12089
2024-03-15 11:09:00-04:00,16.274999618530273,16.289899826049805,16.270000457763672,16.280000686645508,16.280000686645508,16769
2024-03-15 11:10:00-04:00,16.274999618530273,16.274999618530273,16.25,16.270000457763672,16.270000457763672,47354
2024-03-15 11:11:00-04:00,16.260000228881836,16.270000457763672,16.25,16.25,16.25,8795
2024-03-15 11:12:00-04:00,16.2549991607666,16.260000228881836,16.25,16.2549991607666,16.2549991607666,11136
2024-03-15 11:13:00-04:00,16.2549991607666,16.260000228881836,16.25,16.2549991607666,16.2549991607666,6377
2024-03-15 11:14:00-04:00,16.2549991607666,16.264999389648438,16.25,16.264999389648438,16.264999389648438,11501
2024-03-15 11:15:00-04:00,16.260000228881836,16.270000457763672,16.25,16.270000457763672,16.270000457763672,31087
2024-03-15 11:16:00-04:00,16.270000457763672,16.290000915527344,16.268800735473633,16.28499984741211,16.28499984741211,16889
2024-03-15 11:17:00-04:00,16.290000915527344,16.295000076293945,16.263999938964844,16.270000457763672,16.270000457763672,32237
2024-03-15 11:18:00-04:00,16.264999389648438,16.269899368286133,16.25,16.2549991607666,16.2549991607666,19794
2024-03-15 11:19:00-04:00,16.25,16.259899139404297,16.25,16.25,16.25,3140
2024-03-15 11:20:00-04:00,16.25,16.260000228881836,16.25,16.260000228881836,16.260000228881836,12319
2024-03-15 11:21:00-04:00,16.2549991607666,16.260000228881836,16.239999771118164,16.25,16.25,49924
2024-03-15 11:22:00-04:00,16.2450008392334,16.260000228881836,16.239999771118164,16.260000228881836,16.260000228881836,57698
2024-03-15 11:23:00-04:00,16.260000228881836,16.260000228881836,16.25,16.253999710083008,16.253999710083008,38278
2024-03-15 11:24:00-04:00,16.259899139404297,16.270000457763672,16.25,16.260000228881836,16.260000228881836,31177
2024-03-15 11:25:00-04:00,16.260000228881836,16.274999618530273,16.260000228881836,16.274999618530273,16.274999618530273,18324
2024-03-15 11:26:00-04:00,16.280000686645508,16.28499984741211,16.262500762939453,16.262500762939453,16.262500762939453,35544
2024-03-15 11:27:00-04:00,16.270000457763672,16.274999618530273,16.260000228881836,16.264999389648438,16.264999389648438,17334
2024-03-15 11:28:00-04:00,16.270000457763672,16.270000457763672,16.264999389648438,16.269899368286133,16.269899368286133,23400
2024-03-15 11:29:00-04:00,16.26889991760254,16.270000457763672,16.25,16.25,16.25,25228
2024-03-15 11:30:00-04:00,16.2549991607666,16.264999389648438,16.25,16.26129913330078,16.26129913330078,17971
2024-03-15 11:31:00-04:00,16.268999099731445,16.270000457763672,16.260000228881836,16.270000457763672,16.270000457763672,19347
2024-03-15 11:32:00-04:00,16.264999389648438,16.269899368286133,16.25,16.2549991607666,16.2549991607666,24291
2024-03-15 11:33:00-04:00,16.260000228881836,16.260000228881836,16.25,16.252500534057617,16.252500534057617,8207
2024-03-15 11:34:00-04:00,16.25,16.2549991607666,16.229999542236328,16.235000610351562,16.235000610351562,54914
2024-03-15 11:35:00-04:00,16.239999771118164,16.239999771118164,16.229999542236328,16.23200035095215,16.23200035095215,11880
2024-03-15 11:36:00-04:00,16.239700317382812,16.239700317382812,16.219999313354492,16.22100067138672,16.22100067138672,30271
2024-03-15 11:37:00-04:00,16.219999313354492,16.225000381469727,16.209999084472656,16.219999313354492,16.219999313354492,32043
2024-03-15 11:38:00-04:00,16.21500015258789,16.21969985961914,16.209999084472656,16.210100173950195,16.210100173950195,10253
2024-03-15 11:39:00-04:00,16.209999084472656,16.219999313354492,16.209999084472656,16.21500015258789,16.21500015258789,17254
2024-03-15 11:40:00-04:00,16.21500015258789,16.219999313354492,16.209999084472656,16.209999084472656,16.209999084472656,11938
2024-03-15 11:41:00-04:00,16.21500015258789,16.219999313354492,16.209999084472656,16.21500015258789,16.21500015258789,9131
2024-03-15 11:42:00-04:00,16.209999084472656,16.219999313354492,16.209999084472656,16.21500015258789,16.21500015258789,7603
2024-03-15 11:43:00-04:00,16.209999084472656,16.219999313354492,16.200000762939453,16.200000762939453,16.200000762939453,55881
2024-03-15 11:44:00-04:00,16.209999084472656,16.209999084472656,16.200000762939453,16.200000762939453,16.200000762939453,6106
2024-03-15 11:45:00-04:00,16.200000762939453,16.204999923706055,16.18000030517578,16.18000030517578,16.18000030517578,70129
2024-03-15 11:46:00-04:00,16.18000030517578,16.189899444580078,16.15999984741211,16.15999984741211,16.15999984741211,41548
2024-03-15 11:47:00-04:00,16.15999984741211,16.15999984741211,16.149999618530273,16.150100708007812,16.150100708007812,71867
2024-03-15 11:48:00-04:00,16.155000686645508,16.15999984741211,16.139999389648438,16.145000457763672,16.145000457763672,20763
2024-03-15 11:49:00-04:00,16.139999389648438,16.147499084472656,16.135000228881836,16.139699935913086,16.139699935913086,20461
2024-03-15 11:50:00-04:00,16.1299991607666,16.149999618530273,16.1299991607666,16.149999618530273,16.149999618530273,44899
2024-03-15 11:51:00-04:00,16.149999618530273,16.149999618530273,16.1299991607666,16.13050079345703,16.13050079345703,44945
2024-03-15 11:52:00-04:00,16.135000228881836,16.139999389648438,16.1299991607666,16.139999389648438,16.139999389648438,47959
2024-03-15 11:53:00-04:00,16.135000228881836,16.139999389648438,16.1299991607666,16.139999389648438,16.139999389648438,18328
2024-03-15 11:54:00-04:00,16.135000228881836,16.139999389648438,16.11210060119629,16.11989974975586,16.11989974975586,49054
2024-03-15 11:55:00-04:00,16.11639976501465,16.125,16.110000610351562,16.123300552368164,16.123300552368164,51836
2024-03-15 11:56:00-04:00,16.125,16.1299991607666,16.1200008392334,16.125,16.125,10469
2024-03-15 11:57:00-04:00,16.1299991607666,16.135000228881836,16.1200008392334,16.125,16.125,38880
2024-03-15 11:58:00-04:00,16.125,16.139999389648438,16.1200008392334,16.139999389648438,16.139999389648438,29927
2024-03-15 11:59:00-04:00,16.135000228881836,16.139999389648438,16.1299991607666,16.139999389648438,16.139999389648438,12090
2024-03-15 12:00:00-04:00,16.135000228881836,16.139999389648438,16.1299991607666,16.135000228881836,16.135000228881836,30176
2024-03-15 12:01:00-04:00,16.13599967956543,16.149700164794922,16.1299991607666,16.135000228881836,16.135000228881836,33215
2024-03-15 12:02:00-04:00,16.135000228881836,16.149999618530273,16.1299991607666,16.149999618530273,16.149999618530273,34607
2024-03-15 12:03:00-04:00,16.149999618530273,16.149999618530273,16.1200008392334,16.125,16.125,53945
2024-03-15 12:04:00-04:00,16.125,16.139999389648438,16.1200008392334,16.135000228881836,16.135000228881836,25193
2024-03-15 12:05:00-04:00,16.135000228881836,16.135000228881836,16.114999771118164,16.114999771118164,16.114999771118164,42529
2024-03-15 12:06:00-04:00,16.110000610351562,16.110000610351562,16.110000610351562,16.110000610351562,16.110000610351562,759
2024-03-15 12:07:00-04:00,16.094999313354492,16.110000610351562,16.09000015258789,16.100000381469727,16.100000381469727,157365
2024-03-15 12:08:00-04:00,16.104999542236328,16.104999542236328,16.104999542236328,16.104999542236328,16.104999542236328,493
2024-03-15 12:10:00-04:00,16.100000381469727,16.1200008392334,16.09000015258789,16.110000610351562,16.110000610351562,86002
2024-03-15 12:11:00-04:00,16.114999771118164,16.118600845336914,16.104799270629883,16.104999542236328,16.104999542236328,48233
2024-03-15 12:12:00-04:00,16.100000381469727,16.110000610351562,16.09000015258789,16.099899291992188,16.099899291992188,57469
2024-03-15 12:13:00-04:00,16.094999313354492,16.100000381469727,16.09000015258789,16.094999313354492,16.094999313354492,7623
2024-03-15 12:14:00-04:00,16.099899291992188,16.110000610351562,16.09000015258789,16.09469985961914,16.09469985961914,44369
2024-03-15 12:15:00-04:00,16.100000381469727,16.110000610351562,16.09000015258789,16.110000610351562,16.110000610351562,14257
2024-03-15 12:16:00-04:00,16.104999542236328,16.104999542236328,16.094999313354492,16.100000381469727,16.100000381469727,11505
2024-03-15 12:17:00-04:00,16.09000015258789,16.1299991607666,16.09000015258789,16.104999542236328,16.104999542236328,66186
2024-03-15 12:18:00-04:00,16.1200008392334,16.125,16.100000381469727,16.101299285888672,16.101299285888672,99594
2024-03-15 12:19:00-04:00,16.101200103759766,16.101200103759766,16.079999923706055,16.084999084472656,16.084999084472656,24787
2024-03-15 12:20:00-04:00,16.079999923706055,16.094999313354492,16.079999923706055,16.094999313354492,16.094999313354492,17257
2024-03-15 12:21:00-04:00,16.094999313354492,16.110000610351562,16.09000015258789,16.099700927734375,16.099700927734375,14965
2024-03-15 12:22:00-04:00,16.0939998626709,16.110000610351562,16.09000015258789,16.104999542236328,16.104999542236328,18877
2024-03-15 12:23:00-04:00,16.110000610351562,16.110000610351562,16.100000381469727,16.100000381469727,16.100000381469727,16018
2024-03-15 12:24:00-04:00,16.104999542236328,16.104999542236328,16.09000015258789,16.090700149536133,16.090700149536133,57176
2024-03-15 12:25:00-04:00,16.094999313354492,16.099899291992188,16.09000015258789,16.099899291992188,16.099899291992188,4810
2024-03-15 12:26:00-04:00,16.094999313354492,16.100000381469727,16.09000015258789,16.094999313354492,16.094999313354492,12119
2024-03-15 12:27:00-04:00,16.094999313354492,16.106000900268555,16.09000015258789,16.100000381469727,16.100000381469727,23753
2024-03-15 12:28:00-04:00,16.100000381469727,16.110000610351562,16.09000015258789,16.099199295043945,16.099199295043945,33341
2024-03-15 12:29:00-04:00,16.099899291992188,16.110000610351562,16.09000015258789,16.104999542236328,16.104999542236328,52607
2024-03-15 12:30:00-04:00,16.104999542236328,16.110000610351562,16.100000381469727,16.100000381469727,16.100000381469727,18252
2024-03-15 12:31:00-04:00,16.110000610351562,16.1200008392334,16.100000381469727,16.1200008392334,16.1200008392334,51075
2024-03-15 12:32:00-04:00,16.1200008392334,16.1200008392334,16.100000381469727,16.104999542236328,16.104999542236328,26717
2024-03-15 12:33:00-04:00,16.104999542236328,16.110000610351562,16.100000381469727,16.109800338745117,16.109800338745117,36261
2024-03-15 12:34:00-04:00,16.110000610351562,16.1200008392334,16.100000381469727,16.100000381469727,16.100000381469727,27651
2024-03-15 12:35:00-04:00,16.104999542236328,16.110000610351562,16.09000015258789,16.110000610351562,16.110000610351562,79663
2024-03-15 12:36:00-04:00,16.100900650024414,16.110000610351562,16.100000381469727,16.104999542236328,16.104999542236328,36794
2024-03-15 12:37:00-04:00,16.104999542236328,16.110000610351562,16.100000381469727,16.104999542236328,16.104999542236328,18819
2024-03-15 12:38:00-04:00,16.109899520874023,16.115699768066406,16.100000381469727,16.110000610351562,16.110000610351562,33556
2024-03-15 12:39:00-04:00,16.114999771118164,16.1299991607666,16.100000381469727,16.126699447631836,16.126699447631836,124049
2024-03-15 12:40:00-04:00,16.1200008392334,16.128299713134766,16.110000610351562,16.110000610351562,16.110000610351562,29699
2024-03-15 12:41:00-04:00,16.100000381469727,16.110000610351562,16.100000381469727,16.104999542236328,16.104999542236328,16500
2024-03-15 12:42:00-04:00,16.110000610351562,16.119699478149414,16.094600677490234,16.099899291992188,16.099899291992188,29090
2024-03-15 12:43:00-04:00,16.094999313354492,16.110000610351562,16.09000015258789,16.110000610351562,16.110000610351562,48713
2024-03-15 12:44:00-04:00,16.10919952392578,16.110000610351562,16.100000381469727,16.100000381469727,16.100000381469727,13531
2024-03-15 12:45:00-04:00,16.110000610351562,16.114999771118164,16.104999542236328,16.110000610351562,16.110000610351562,54205
2024-03-15 12:46:00-04:00,16.114999771118164,16.114999771118164,16.110000610351562,16.110000610351562,16.110000610351562,2265
2024-03-15 12:47:00-04:00,16.114999771118164,16.149999618530273,16.112300872802734,16.149200439453125,16.149200439453125,61463
2024-03-15 12:48:00-04:00,16.141700744628906,16.145000457763672,16.1299991607666,16.1299991607666,16.1299991607666,44376
2024-03-15 12:49:00-04:00,16.135000228881836,16.139999389648438,16.125,16.125,16.125,43620
2024-03-15 12:50:00-04:00,16.1200008392334,16.139999389648438,16.110200881958008,16.114999771118164,16.114999771118164,125665
2024-03-15 12:51:00-04:00,16.11009979248047,16.114999771118164,16.100000381469727,16.104999542236328,16.104999542236328,13394
2024-03-15 12:52:00-04:00,16.104999542236328,16.110000610351562,16.100000381469727,16.109699249267578,16.109699249267578,20145
2024-03-15 12:53:00-04:00,16.110000610351562,16.1200008392334,16.100000381469727,16.118999481201172,16.118999481201172,21204
2024-03-15 12:54:00-04:00,16.11989974975586,16.1200008392334,16.100000381469727,16.100099563598633,16.100099563598633,44860
2024-03-15 12:55:00-04:00,16.104999542236328,16.104999542236328,16.09000015258789,16.09000015258789,16.09000015258789,31829
2024-03-15 12:56:00-04:00,16.09000015258789,16.099899291992188,16.079999923706055,16.094999313354492,16.094999313354492,54065
2024-03-15 12:57:00-04:00,16.096900939941406,16.104999542236328,16.09000015258789,16.100000381469727,16.100000381469727,46671
2024-03-15 12:58:00-04:00,16.099300384521484,16.100000381469727,16.09000015258789,16.094999313354492,16.094999313354492,9462
2024-03-15 12:59:00-04:00,16.094999313354492,16.100000381469727,16.09000015258789,16.094999313354492,16.094999313354492,24795
2024-03-15 13:00:00-04:00,16.09000015258789,16.09980010986328,16.09000015258789,16.09000015258789,16.09000015258789,33934
2024-03-15 13:01:00-04:00,16.099300384521484,16.099300384521484,16.079999923706055,16.094999313354492,16.094999313354492,35923
2024-03-15 13:02:00-04:00,16.100000381469727,16.100000381469727,16.09000015258789,16.094999313354492,16.094999313354492,15836
2024-03-15 13:03:00-04:00,16.094999313354492,16.100000381469727,16.09000015258789,16.09000015258789,16.09000015258789,9097
2024-03-15 13:04:00-04:00,16.09000015258789,16.100000381469727,16.084999084472656,16.087499618530273,16.087499618530273,20030
2024-03-15 13:05:00-04:00,16.082500457763672,16.104999542236328,16.079999923706055,16.104999542236328,16.104999542236328,51324
2024-03-15 13:06:00-04:00,16.104999542236328,16.110000610351562,16.100000381469727,16.108699798583984,16.108699798583984,21084
2024-03-15 13:07:00-04:00,16.104000091552734,16.1200008392334,16.100000381469727,16.104999542236328,16.104999542236328,42849
2024-03-15 13:08:00-04:00,16.104999542236328,16.1200008392334,16.100000381469727,16.110000610351562,16.110000610351562,35300
2024-03-15 13:09:00-04:00,16.114999771118164,16.139999389648438,16.110000610351562,16.135000228881836,16.135000228881836,48857
2024-03-15 13:10:00-04:00,16.135000228881836,16.15999984741211,16.1299991607666,16.15999984741211,16.15999984741211,27375
2024-03-15 13:11:00-04:00,16.15999984741211,16.15999984741211,16.149999618530273,16.15999984741211,16.15999984741211,56510
2024-03-15 13:12:00-04:00,16.155000686645508,16.15999984741211,16.149999618530273,16.149999618530273,16.149999618530273,24172
2024-03-15 13:13:00-04:00,16.149999618530273,16.15999984741211,16.149999618530273,16.15999984741211,16.15999984741211,5576
2024-03-15 13:14:00-04:00,16.15999984741211,16.15999984741211,16.149999618530273,16.155000686645508,16.155000686645508,3588
2024-03-15 13:15:00-04:00,16.159500122070312,16.15999984741211,16.149999618530273,16.149999618530273,16.149999618530273,22048
2024-03-15 13:16:00-04:00,16.155000686645508,16.15999984741211,16.149999618530273,16.149999618530273,16.149999618530273,4064
2024-03-15 13:17:00-04:00,16.155000686645508,16.155000686645508,16.149999618530273,16.155000686645508,16.155000686645508,5788
2024-03-15 13:18:00-04:00,16.149999618530273,16.18000030517578,16.149999618530273,16.17460060119629,16.17460060119629,41961
2024-03-15 13:19:00-04:00,16.170000076293945,16.18000030517578,16.170000076293945,16.18000030517578,16.18000030517578,6307
2024-03-15 13:20:00-04:00,16.170000076293945,16.190000534057617,16.170000076293945,16.190000534057617,16.190000534057617,27379
2024-03-15 13:21:00-04:00,16.184999465942383,16.184999465942383,16.170000076293945,16.174999237060547,16.174999237060547,15548
2024-03-15 13:22:00-04:00,16.18000030517578,16.184999465942383,16.170000076293945,16.18000030517578,16.18000030517578,38210
2024-03-15 13:23:00-04:00,16.18000030517578,16.190000534057617,16.174999237060547,16.182100296020508,16.182100296020508,27376
2024-03-15 13:24:00-04:00,16.190000534057617,16.19809913635254,16.18000030517578,16.19499969482422,16.19499969482422,32214
2024-03-15 13:25:00-04:00,16.19499969482422,16.200000762939453,16.18000030517578,16.19499969482422,16.19499969482422,34738
2024-03-15 13:26:00-04:00,16.195999145507812,16.200000762939453,16.190000534057617,16.190000534057617,16.190000534057617,13742
2024-03-15 13:27:00-04:00,16.190900802612305,16.200000762939453,16.190000534057617,16.190099716186523,16.190099716186523,36400
2024-03-15 13:28:00-04:00,16.192699432373047,16.200000762939453,16.190000534057617,16.200000762939453,16.200000762939453,13749
2024-03-15 13:29:00-04:00,16.190099716186523,16.200000762939453,16.190099716186523,16.19499969482422,16.19499969482422,10993
2024-03-15 13:30:00-04:00,16.199899673461914,16.209999084472656,16.19499969482422,16.200000762939453,16.200000762939453,33132
2024-03-15 13:31:00-04:00,16.19499969482422,16.200000762939453,16.190000534057617,16.190000534057617,16.190000534057617,26594
2024-03-15 13:32:00-04:00,16.19499969482422,16.209999084472656,16.19499969482422,16.20680046081543,16.20680046081543,17275
2024-03-15 13:33:00-04:00,16.204999923706055,16.209999084472656,16.190000534057617,16.200000762939453,16.200000762939453,21781
2024-03-15 13:34:00-04:00,16.190000534057617,16.19499969482422,16.170000076293945,16.170000076293945,16.170000076293945,36853
2024-03-15 13:35:00-04:00,16.18000030517578,16.18000030517578,16.170000076293945,16.18000030517578,16.18000030517578,3809
2024-03-15 13:36:00-04:00,16.170000076293945,16.18000030517578,16.170000076293945,16.170000076293945,16.170000076293945,3176
2024-03-15 13:37:00-04:00,16.17020034790039,16.18000030517578,16.15999984741211,16.170000076293945,16.170000076293945,10689
2024-03-15 13:38:00-04:00,16.165000915527344,16.165000915527344,16.149999618530273,16.155000686645508,16.155000686645508,31397
2024-03-15 13:39:00-04:00,16.15999984741211,16.170000076293945,16.150100708007812,16.170000076293945,16.170000076293945,27390
2024-03-15 13:40:00-04:00,16.165000915527344,16.170000076293945,16.15999984741211,16.165000915527344,16.165000915527344,24631
2024-03-15 13:41:00-04:00,16.165000915527344,16.18000030517578,16.15999984741211,16.165000915527344,16.165000915527344,31996
2024-03-15 13:42:00-04:00,16.15999984741211,16.170000076293945,16.15999984741211,16.165000915527344,16.165000915527344,23054
2024-03-15 13:43:00-04:00,16.170000076293945,16.170000076293945,16.15999984741211,16.170000076293945,16.170000076293945,7100
2024-03-15 13:44:00-04:00,16.16990089416504,16.170000076293945,16.15999984741211,16.170000076293945,16.170000076293945,24657
2024-03-15 13:45:00-04:00,16.165000915527344,16.170000076293945,16.15999984741211,16.165000915527344,16.165000915527344,4352
2024-03-15 13:46:00-04:00,16.15999984741211,16.170000076293945,16.149999618530273,16.158300399780273,16.158300399780273,26103
2024-03-15 13:47:00-04:00,16.155000686645508,16.170000076293945,16.153799057006836,16.170000076293945,16.170000076293945,36182
2024-03-15 13:48:00-04:00,16.170000076293945,16.170000076293945,16.15999984741211,16.165000915527344,16.165000915527344,24522
2024-03-15 13:49:00-04:00,16.15999984741211,16.166000366210938,16.149999618530273,16.149999618530273,16.149999618530273,57515
2024-03-15 13:50:00-04:00,16.149999618530273,16.15999984741211,16.149999618530273,16.15999984741211,16.15999984741211,68518
2024-03-15 13:51:00-04:00,16.155000686645508,16.15999984741211,16.139999389648438,16.145000457763672,16.145000457763672,12215
2024-03-15 13:52:00-04:00,16.145000457763672,16.145000457763672,16.139999389648438,16.139999389648438,16.139999389648438,6513
2024-03-15 13:53:00-04:00,16.142499923706055,16.15999984741211,16.141199111938477,16.155000686645508,16.155000686645508,28179
2024-03-15 13:54:00-04:00,16.155000686645508,16.15999984741211,16.149999618530273,16.155000686645508,16.155000686645508,6814
2024-03-15 13:55:00-04:00,16.149999618530273,16.170000076293945,16.149999618530273,16.170000076293945,16.170000076293945,27207
2024-03-15 13:56:00-04:00,16.170000076293945,16.177600860595703,16.15999984741211,16.174999237060547,16.174999237060547,19300
2024-03-15 13:57:00-04:00,16.174999237060547,16.174999237060547,16.165000915527344,16.170000076293945,16.170000076293945,19862
2024-03-15 13:58:00-04:00,16.174999237060547,16.18000030517578,16.170000076293945,16.170000076293945,16.170000076293945,15762
2024-03-15 13:59:00-04:00,16.174999237060547,16.18000030517578,16.170000076293945,16.170000076293945,16.170000076293945,9294
2024-03-15 14:00:00-04:00,16.174999237060547,16.18000030517578,16.17180061340332,16.174999237060547,16.174999237060547,3617
2024-03-15 14:01:00-04:00,16.174999237060547,16.18000030517578,16.170000076293945,16.174999237060547,16.174999237060547,6573
2024-03-15 14:02:00-04:00,16.174999237060547,16.174999237060547,16.15999984741211,16.15999984741211,16.15999984741211,29064
2024-03-15 14:03:00-04:00,16.15999984741211,16.170000076293945,16.139999389648438,16.145000457763672,16.145000457763672,29420
2024-03-15 14:04:00-04:00,16.149999618530273,16.15999984741211,16.145000457763672,16.149999618530273,16.149999618530273,34289
2024-03-15 14:05:00-04:00,16.149999618530273,16.15999984741211,16.139999389648438,16.155000686645508,16.155000686645508,33734
2024-03-15 14:06:00-04:00,16.15089988708496,16.15999984741211,16.139999389648438,16.139999389648438,16.139999389648438,21653
2024-03-15 14:07:00-04:00,16.145000457763672,16.149900436401367,16.145000457763672,16.145000457763672,16.145000457763672,16414
2024-03-15 14:08:00-04:00,16.149999618530273,16.149999618530273,16.139999389648438,16.145000457763672,16.145000457763672,13216
2024-03-15 14:09:00-04:00,16.145000457763672,16.14859962463379,16.139999389648438,16.139999389648438,16.139999389648438,8132
2024-03-15 14:10:00-04:00,16.147499084472656,16.149999618530273,16.139999389648438,16.149999618530273,16.149999618530273,10129
2024-03-15 14:11:00-04:00,16.142499923706055,16.149999618530273,16.1299991607666,16.13599967956543,16.13599967956543,30964
2024-03-15 14:12:00-04:00,16.135000228881836,16.135000228881836,16.110000610351562,16.116300582885742,16.116300582885742,30958
2024-03-15 14:13:00-04:00,16.1200008392334,16.139999389648438,16.11520004272461,16.1299991607666,16.1299991607666,54367
2024-03-15 14:14:00-04:00,16.135000228881836,16.13599967956543,16.1200008392334,16.125,16.125,18893
2024-03-15 14:15:00-04:00,16.125,16.139999389648438,16.1200008392334,16.135000228881836,16.135000228881836,26481
2024-03-15 14:16:00-04:00,16.139699935913086,16.139699935913086,16.131399154663086,16.135000228881836,16.135000228881836,4546
2024-03-15 14:17:00-04:00,16.1299991607666,16.139999389648438,16.1299991607666,16.137500762939453,16.137500762939453,2925
2024-03-15 14:18:00-04:00,16.139999389648438,16.139999389648438,16.1299991607666,16.135000228881836,16.135000228881836,9154
2024-03-15 14:19:00-04:00,16.1299991607666,16.137500762939453,16.1299991607666,16.135000228881836,16.135000228881836,6250
2024-03-15 14:20:00-04:00,16.135000228881836,16.137500762939453,16.133100509643555,16.134000778198242,16.134000778198242,2469
2024-03-15 14:21:00-04:00,16.135000228881836,16.139999389648438,16.1299991607666,16.135000228881836,16.135000228881836,12841
2024-03-15 14:22:00-04:00,16.135000228881836,16.15999984741211,16.1299991607666,16.155000686645508,16.155000686645508,39053
2024-03-15 14:23:00-04:00,16.155000686645508,16.155000686645508,16.143999099731445,16.145000457763672,16.145000457763672,18747
2024-03-15 14:24:00-04:00,16.145000457763672,16.149999618530273,16.1200008392334,16.125,16.125,86081
2024-03-15 14:25:00-04:00,16.1210994720459,16.1299991607666,16.1200008392334,16.1299991607666,16.1299991607666,26802
2024-03-15 14:26:00-04:00,16.135000228881836,16.139999389648438,16.125,16.139999389648438,16.139999389648438,22726
2024-03-15 14:27:00-04:00,16.135000228881836,16.139999389648438,16.1299991607666,16.135000228881836,16.135000228881836,20417
2024-03-15 14:28:00-04:00,16.13089942932129,16.139999389648438,16.1299991607666,16.135000228881836,16.135000228881836,11655
2024-03-15 14:29:00-04:00,16.135000228881836,16.139999389648438,16.125,16.135099411010742,16.135099411010742,39774
2024-03-15 14:30:00-04:00,16.135000228881836,16.139999389648438,16.121000289916992,16.135000228881836,16.135000228881836,186319
2024-03-15 14:31:00-04:00,16.135000228881836,16.149999618530273,16.1299991607666,16.145000457763672,16.145000457763672,36138
2024-03-15 14:32:00-04:00,16.1481990814209,16.1481990814209,16.1299991607666,16.131099700927734,16.131099700927734,131267
2024-03-15 14:33:00-04:00,16.135000228881836,16.135000228881836,16.114999771118164,16.125,16.125,40951
2024-03-15 14:34:00-04:00,16.12019920349121,16.126100540161133,16.1200008392334,16.126100540161133,16.126100540161133,4548
2024-03-15 14:35:00-04:00,16.125,16.1299991607666,16.1200008392334,16.125,16.125,7623
2024-03-15 14:36:00-04:00,16.1299991607666,16.15999984741211,16.114999771118164,16.149999618530273,16.149999618530273,138064
2024-03-15 14:37:00-04:00,16.149999618530273,16.15999984741211,16.149999618530273,16.155000686645508,16.155000686645508,11440
2024-03-15 14:38:00-04:00,16.155000686645508,16.15999984741211,16.149999618530273,16.149999618530273,16.149999618530273,8645
2024-03-15 14:39:00-04:00,16.149999618530273,16.170000076293945,16.149999618530273,16.165000915527344,16.165000915527344,48556
2024-03-15 14:40:00-04:00,16.170000076293945,16.170000076293945,16.15999984741211,16.170000076293945,16.170000076293945,20163
2024-03-15 14:41:00-04:00,16.165000915527344,16.170000076293945,16.15999984741211,16.165300369262695,16.165300369262695,7849
2024-03-15 14:42:00-04:00,16.165000915527344,16.189899444580078,16.165000915527344,16.174999237060547,16.174999237060547,49303
2024-03-15 14:43:00-04:00,16.174999237060547,16.190000534057617,16.170000076293945,16.189899444580078,16.189899444580078,47382
2024-03-15 14:44:00-04:00,16.18000030517578,16.190000534057617,16.18000030517578,16.184999465942383,16.184999465942383,9628
2024-03-15 14:45:00-04:00,16.190000534057617,16.190000534057617,16.170000076293945,16.170000076293945,16.170000076293945,36327
2024-03-15 14:46:00-04:00,16.18000030517578,16.190000534057617,16.170000076293945,16.184999465942383,16.184999465942383,27198
2024-03-15 14:47:00-04:00,16.188600540161133,16.190000534057617,16.170000076293945,16.18000030517578,16.18000030517578,18029
2024-03-15 14:48:00-04:00,16.174999237060547,16.184999465942383,16.170000076293945,16.170000076293945,16.170000076293945,51581
2024-03-15 14:49:00-04:00,16.170000076293945,16.18000030517578,16.170000076293945,16.174999237060547,16.174999237060547,18592
2024-03-15 14:50:00-04:00,16.170000076293945,16.190000534057617,16.170000076293945,16.184999465942383,16.184999465942383,33544
2024-03-15 14:51:00-04:00,16.18790054321289,16.190000534057617,16.170000076293945,16.18000030517578,16.18000030517578,37176
2024-03-15 14:52:00-04:00,16.190000534057617,16.19969940185547,16.18000030517578,16.19499969482422,16.19499969482422,26484
2024-03-15 14:53:00-04:00,16.190000534057617,16.198400497436523,16.190000534057617,16.19499969482422,16.19499969482422,14126
2024-03-15 14:54:00-04:00,16.190000534057617,16.209999084472656,16.190000534057617,16.204999923706055,16.204999923706055,23877
2024-03-15 14:55:00-04:00,16.200000762939453,16.209999084472656,16.200000762939453,16.204999923706055,16.204999923706055,42235
2024-03-15 14:56:00-04:00,16.200000762939453,16.21500015258789,16.200000762939453,16.209999084472656,16.209999084472656,26646
2024-03-15 14:57:00-04:00,16.209999084472656,16.219999313354492,16.209999084472656,16.219999313354492,16.219999313354492,20134
2024-03-15 14:58:00-04:00,16.209999084472656,16.219999313354492,16.204999923706055,16.21030044555664,16.21030044555664,29595
2024-03-15 14:59:00-04:00,16.219999313354492,16.219999313354492,16.209999084472656,16.21500015258789,16.21500015258789,9658
2024-03-15 15:00:00-04:00,16.21500015258789,16.219999313354492,16.200000762939453,16.200000762939453,16.200000762939453,21666
2024-03-15 15:01:00-04:00,16.204999923706055,16.209999084472656,16.190000534057617,16.204999923706055,16.204999923706055,50604
2024-03-15 15:02:00-04:00,16.209999084472656,16.209999084472656,16.200000762939453,16.200000762939453,16.200000762939453,32337
2024-03-15 15:03:00-04:00,16.200000762939453,16.209999084472656,16.18000030517578,16.18000030517578,16.18000030517578,46716
2024-03-15 15:04:00-04:00,16.18000030517578,16.200000762939453,16.18000030517578,16.19499969482422,16.19499969482422,115406
2024-03-15 15:05:00-04:00,16.200000762939453,16.200000762939453,16.190000534057617,16.19499969482422,16.19499969482422,37563
2024-03-15 15:06:00-04:00,16.200000762939453,16.200000762939453,16.170000076293945,16.174999237060547,16.174999237060547,40365
2024-03-15 15:07:00-04:00,16.174999237060547,16.18000030517578,16.170000076293945,16.174999237060547,16.174999237060547,13179
2024-03-15 15:08:00-04:00,16.170000076293945,16.184999465942383,16.170000076293945,16.18000030517578,16.18000030517578,20745
2024-03-15 15:09:00-04:00,16.180299758911133,16.200000762939453,16.155000686645508,16.155000686645508,16.155000686645508,107396
2024-03-15 15:10:00-04:00,16.155399322509766,16.170000076293945,16.149999618530273,16.165000915527344,16.165000915527344,18246
2024-03-15 15:11:00-04:00,16.170000076293945,16.18000030517578,16.15999984741211,16.18000030517578,16.18000030517578,34615
2024-03-15 15:12:00-04:00,16.170000076293945,16.190000534057617,16.15999984741211,16.16029930114746,16.16029930114746,103002
2024-03-15 15:13:00-04:00,16.165000915527344,16.170000076293945,16.149999618530273,16.149999618530273,16.149999618530273,29668
2024-03-15 15:14:00-04:00,16.149999618530273,16.170000076293945,16.149999618530273,16.15999984741211,16.15999984741211,43489
2024-03-15 15:15:00-04:00,16.15999984741211,16.165000915527344,16.150100708007812,16.15089988708496,16.15089988708496,38921
2024-03-15 15:16:00-04:00,16.155000686645508,16.165000915527344,16.149999618530273,16.149999618530273,16.149999618530273,48422
2024-03-15 15:17:00-04:00,16.149999618530273,16.155899047851562,16.1299991607666,16.139999389648438,16.139999389648438,24537
2024-03-15 15:18:00-04:00,16.139999389648438,16.139999389648438,16.1299991607666,16.135000228881836,16.135000228881836,25209
2024-03-15 15:19:00-04:00,16.135000228881836,16.139999389648438,16.1299991607666,16.1299991607666,16.1299991607666,4714
2024-03-15 15:20:00-04:00,16.139999389648438,16.139999389648438,16.1299991607666,16.135000228881836,16.135000228881836,13892
2024-03-15 15:21:00-04:00,16.135000228881836,16.139999389648438,16.1299991607666,16.1299991607666,16.1299991607666,16992
2024-03-15 15:22:00-04:00,16.1299991607666,16.1299991607666,16.110000610351562,16.11750030517578,16.11750030517578,63880
2024-03-15 15:23:00-04:00,16.110000610351562,16.11989974975586,16.100000381469727,16.10420036315918,16.10420036315918,31701
2024-03-15 15:24:00-04:00,16.104999542236328,16.1200008392334,16.10379981994629,16.114999771118164,16.114999771118164,41171
2024-03-15 15:25:00-04:00,16.1200008392334,16.1299991607666,16.110000610351562,16.114999771118164,16.114999771118164,77229
2024-03-15 15:26:00-04:00,16.114999771118164,16.1200008392334,16.110000610351562,16.119800567626953,16.119800567626953,23963
2024-03-15 15:27:00-04:00,16.11989974975586,16.1299991607666,16.114999771118164,16.125,16.125,79674
2024-03-15 15:28:00-04:00,16.1200008392334,16.1200008392334,16.110000610351562,16.1200008392334,16.1200008392334,32945
2024-03-15 15:29:00-04:00,16.110000610351562,16.1200008392334,16.100000381469727,16.110000610351562,16.110000610351562,86740
2024-03-15 15:30:00-04:00,16.104999542236328,16.114999771118164,16.100000381469727,16.110000610351562,16.110000610351562,38816
2024-03-15 15:31:00-04:00,16.110000610351562,16.114999771118164,16.100000381469727,16.100000381469727,16.100000381469727,101119
2024-03-15 15:32:00-04:00,16.110000610351562,16.125,16.100000381469727,16.114999771118164,16.114999771118164,126632
2024-03-15 15:33:00-04:00,16.1200008392334,16.1299991607666,16.110000610351562,16.114999771118164,16.114999771118164,109619
2024-03-15 15:34:00-04:00,16.110000610351562,16.1299991607666,16.110000610351562,16.1200008392334,16.1200008392334,51963
2024-03-15 15:35:00-04:00,16.12070083618164,16.139999389648438,16.1200008392334,16.135000228881836,16.135000228881836,91045
2024-03-15 15:36:00-04:00,16.135000228881836,16.139999389648438,16.1299991607666,16.139999389648438,16.139999389648438,18321
2024-03-15 15:37:00-04:00,16.1299991607666,16.149999618530273,16.1299991607666,16.145000457763672,16.145000457763672,46795
2024-03-15 15:38:00-04:00,16.149999618530273,16.149999618530273,16.135000228881836,16.139999389648438,16.139999389648438,96642
2024-03-15 15:39:00-04:00,16.135000228881836,16.139999389648438,16.1299991607666,16.1299991607666,16.1299991607666,20854
2024-03-15 15:40:00-04:00,16.135000228881836,16.139999389648438,16.1200008392334,16.139999389648438,16.139999389648438,75874
2024-03-15 15:41:00-04:00,16.139999389648438,16.139999389648438,16.1200008392334,16.1299991607666,16.1299991607666,45401
2024-03-15 15:42:00-04:00,16.1299991607666,16.139999389648438,16.1299991607666,16.135000228881836,16.135000228881836,33639
2024-03-15 15:43:00-04:00,16.135000228881836,16.139999389648438,16.1299991607666,16.135000228881836,16.135000228881836,13158
2024-03-15 15:44:00-04:00,16.13170051574707,16.139999389648438,16.1299991607666,16.135000228881836,16.135000228881836,34095
2024-03-15 15:45:00-04:00,16.135000228881836,16.15999984741211,16.13010025024414,16.15999984741211,16.15999984741211,105347
2024-03-15 15:46:00-04:00,16.15999984741211,16.190000534057617,16.15999984741211,16.18000030517578,16.18000030517578,62011
2024-03-15 15:47:00-04:00,16.190000534057617,16.21500015258789,16.18899917602539,16.209999084472656,16.209999084472656,118819
2024-03-15 15:48:00-04:00,16.209999084472656,16.216299057006836,16.200000762939453,16.216299057006836,16.216299057006836,77568
2024-03-15 15:49:00-04:00,16.21500015258789,16.219999313354492,16.209999084472656,16.21500015258789,16.21500015258789,37639
2024-03-15 15:50:00-04:00,16.209999084472656,16.2450008392334,16.200000762939453,16.229999542236328,16.229999542236328,471291
2024-03-15 15:51:00-04:00,16.229999542236328,16.239999771118164,16.219999313354492,16.229999542236328,16.229999542236328,97645
2024-03-15 15:52:00-04:00,16.235000610351562,16.23900032043457,16.219999313354492,16.235000610351562,16.235000610351562,159789
2024-03-15 15:53:00-04:00,16.239999771118164,16.2450008392334,16.229999542236328,16.229999542236328,16.229999542236328,132014
2024-03-15 15:54:00-04:00,16.239999771118164,16.239999771118164,16.229999542236328,16.235000610351562,16.235000610351562,47465
2024-03-15 15:55:00-04:00,16.235000610351562,16.274999618530273,16.229999542236328,16.260000228881836,16.260000228881836,397284
2024-03-15 15:56:00-04:00,16.264999389648438,16.270000457763672,16.25,16.2549991607666,16.2549991607666,146676
2024-03-15 15:57:00-04:00,16.260000228881836,16.260000228881836,16.239999771118164,16.2549991607666,16.2549991607666,411684
2024-03-15 15:58:00-04:00,16.25309944152832,16.260000228881836,16.239999771118164,16.260000228881836,16.260000228881836,207041
2024-03-15 15:59:00-04:00,16.260000228881836,16.270000457763672,16.25,16.270000457763672,16.270000457763672,361078
