Date,Open,High,Low,Close,Adj Close,Volume
2014-01-02,84.19999694824219,84.91000366210938,83.31999969482422,83.55500030517578,67.06914520263672,4692200
2014-01-03,83.70999908447266,84.37999725341797,83.125,83.42500305175781,66.96480560302734,2411600
2014-01-06,83.58499908447266,83.80500030517578,82.48500061035156,82.58000183105469,66.28651428222656,3741200
2014-01-07,82.69000244140625,83.44499969482422,82.61000061035156,83.30999755859375,66.87251281738281,3135200
2014-01-08,83.93000030517578,84.5,83.25,83.46499633789062,66.99690246582031,4462600
2014-01-09,83.59500122070312,84.66500091552734,83.45999908447266,84.63500213623047,67.93605041503906,4533800
2014-01-10,84.41999816894531,85.44000244140625,84.28500366210938,85.19000244140625,68.38156127929688,5088000
2014-01-13,85.16999816894531,85.34500122070312,83.7750015258789,84.0250015258789,67.44641876220703,4530200
2014-01-14,84.11000061035156,84.73500061035156,83.7699966430664,84.41000366210938,67.75543975830078,3145200
2014-01-15,84.44499969482422,85.69000244140625,84.41500091552734,85.07499694824219,68.28923034667969,4351800
2014-01-16,83.78500366210938,84.21499633789062,83.27999877929688,83.9800033569336,67.4103012084961,4837200
2014-01-17,83.96499633789062,84.40499877929688,83.55999755859375,83.91999816894531,67.36214447021484,4756400
2014-01-21,84.79000091552734,84.79000091552734,83.58999633789062,84.05999755859375,67.4745101928711,3098600
2014-01-22,84.54000091552734,85.0,84.05000305175781,84.25,67.62702941894531,5254600
2014-01-23,86.19499969482422,87.41000366210938,86.0250015258789,87.05999755859375,69.8825912475586,7353200
2014-01-24,86.07499694824219,87.5,85.25,85.81999969482422,68.88725280761719,7066200
2014-01-27,86.02999877929688,86.26499938964844,85.1500015258789,85.6050033569336,68.71466827392578,5458800
2014-01-28,85.70999908447266,86.98999786376953,85.66000366210938,86.4000015258789,69.35282135009766,4187200
2014-01-29,86.08000183105469,86.58999633789062,85.59500122070312,85.9749984741211,69.01166534423828,5525600
2014-01-30,87.375,88.5,87.16500091552734,88.11499786376953,70.72942352294922,5357400
2014-01-31,87.33999633789062,87.91000366210938,86.58999633789062,87.12000274658203,69.93075561523438,5034000
2014-02-03,87.30000305175781,87.90499877929688,85.55999755859375,85.87000274658203,68.92738342285156,6805000
2014-02-04,86.53500366210938,86.83000183105469,85.72000122070312,86.625,69.5334243774414,4055000
2014-02-05,86.29499816894531,86.68000030517578,85.5999984741211,86.31500244140625,69.28459167480469,4348800
2014-02-06,86.44999694824219,87.80500030517578,86.36000061035156,87.55999755859375,70.28394317626953,3998200
2014-02-07,87.8949966430664,88.79000091552734,87.73999786376953,88.44999694824219,70.99835968017578,4627200
2014-02-10,88.32499694824219,88.38999938964844,87.27999877929688,87.38999938964844,70.1474838256836,5165400
2014-02-11,87.61499786376953,89.38999938964844,87.52999877929688,88.8499984741211,71.31939697265625,5403200
2014-02-12,88.94499969482422,89.69000244140625,88.66500091552734,89.42500305175781,71.78096771240234,3269000
2014-02-13,88.83999633789062,89.59500122070312,88.7249984741211,89.31999969482422,71.6966781616211,2874000
2014-02-14,89.13999938964844,90.24500274658203,89.0999984741211,90.06999969482422,72.29871368408203,3817200
2014-02-18,90.12000274658203,90.19999694824219,88.66500091552734,89.1500015258789,71.56022644042969,5751200
2014-02-19,88.69000244140625,89.18000030517578,87.78500366210938,87.93499755859375,70.58494567871094,3776800
2014-02-20,88.03500366210938,89.24500274658203,88.00499725341797,88.93499755859375,71.38764190673828,4276200
2014-02-21,89.25,90.0999984741211,89.04499816894531,89.55999755859375,71.88932037353516,4103400
2014-02-24,89.61000061035156,90.63999938964844,89.44999694824219,89.80500030517578,72.08599090576172,3282800
2014-02-25,89.98500061035156,90.04000091552734,89.01499938964844,89.3499984741211,71.72077941894531,2794800
2014-02-26,89.0,89.5,88.37999725341797,88.6050033569336,71.48680877685547,3374800
2014-02-27,88.44499969482422,89.53500366210938,88.38500213623047,89.25,72.0071792602539,2951200
2014-02-28,89.3949966430664,90.58499908447266,89.1050033569336,90.19000244140625,72.76555633544922,4774200
2014-03-03,89.58499908447266,89.97000122070312,89.1449966430664,89.75499725341797,72.41460418701172,3857400
2014-03-04,90.9000015258789,92.41500091552734,90.56999969482422,91.92500305175781,74.16537475585938,4955400
2014-03-05,92.15499877929688,92.98999786376953,91.8949966430664,92.16999816894531,74.36306762695312,4431800
2014-03-06,92.30000305175781,93.54499816894531,92.15499877929688,92.93000030517578,74.97620391845703,3646200
2014-03-07,93.29000091552734,94.29499816894531,93.0250015258789,93.78500366210938,75.6660385131836,3818400
2014-03-10,93.63500213623047,93.7699966430664,92.75,93.11000061035156,75.12146759033203,3677800
2014-03-11,93.26000213623047,93.34500122070312,92.65499877929688,92.88500213623047,74.93989562988281,2855800
2014-03-12,92.44499969482422,93.78500366210938,92.15499877929688,93.7699966430664,75.65392303466797,3314800
2014-03-13,93.9800033569336,94.7300033569336,92.7300033569336,92.93000030517578,74.97620391845703,4766200
2014-03-14,92.7300033569336,93.21499633789062,92.0999984741211,92.56999969482422,74.6857681274414,3855200
2014-03-17,93.23999786376953,93.94000244140625,92.9800033569336,93.68499755859375,75.58533477783203,3464400
2014-03-18,93.8499984741211,95.0,93.625,94.69999694824219,76.40425872802734,3541000
2014-03-19,94.91999816894531,95.125,93.11000061035156,93.42500305175781,75.3755874633789,4157600
2014-03-20,93.22000122070312,94.375,92.93000030517578,94.36499786376953,76.13398742675781,3271200
2014-03-21,94.98999786376953,95.23999786376953,93.52999877929688,93.66500091552734,75.5692138671875,5736000
2014-03-24,93.82499694824219,94.27999877929688,92.7699966430664,94.0,75.83949279785156,4113400
2014-03-25,94.23500061035156,94.65499877929688,93.48999786376953,93.48999786376953,75.42803192138672,4306800
2014-03-26,93.93000030517578,94.04499816894531,92.1500015258789,92.15499877929688,74.35095977783203,4655400
2014-03-27,91.77999877929688,92.625,91.42500305175781,91.65499877929688,73.94754791259766,4266400
2014-03-28,91.9000015258789,92.44999694824219,91.76000213623047,92.375,74.52843475341797,3182000
2014-03-31,92.8949966430664,94.33000183105469,92.54499816894531,93.83000183105469,75.70233917236328,3263200
2014-04-01,94.19000244140625,94.2699966430664,93.33499908447266,94.22000122070312,76.0169906616211,2681000
2014-04-02,94.18000030517578,94.98999786376953,94.07499694824219,94.54000091552734,76.27516174316406,3648400
2014-04-03,94.88500213623047,94.88500213623047,93.8499984741211,94.58499908447266,76.31147003173828,2824600
2014-04-04,94.84500122070312,95.0,93.75,94.0250015258789,75.85966491699219,3306200
2014-04-07,93.9000015258789,94.19000244140625,92.75499725341797,93.125,75.1335678100586,2849000
2014-04-08,92.91000366210938,93.3550033569336,92.33999633789062,92.66500091552734,74.76240539550781,4222600
2014-04-09,92.91000366210938,93.51000213623047,92.29499816894531,93.28500366210938,75.26266479492188,3487000
2014-04-10,93.33999633789062,93.62999725341797,91.75,91.79000091552734,74.05645751953125,3483000
2014-04-11,91.20500183105469,91.87000274658203,90.42500305175781,90.53500366210938,73.04390716552734,6082200
2014-04-14,91.30999755859375,91.73999786376953,90.36000061035156,91.05000305175781,73.45944213867188,4537000
2014-04-15,91.20999908447266,92.91999816894531,91.1449966430664,92.76499938964844,74.84308624267578,6549000
2014-04-16,92.72000122070312,94.2699966430664,92.25499725341797,94.07499694824219,75.9000015258789,7271800
2014-04-17,91.25499725341797,95.01499938964844,91.15499877929688,94.79499816894531,76.48089599609375,6252600
2014-04-21,95.0,95.99500274658203,94.80500030517578,95.7699966430664,77.26754760742188,4141400
2014-04-22,96.0199966430664,97.08000183105469,95.83000183105469,96.0250015258789,77.47327423095703,4668200
2014-04-23,96.0250015258789,96.30999755859375,95.5999984741211,95.94999694824219,77.41275024414062,2982400
2014-04-24,96.1500015258789,96.2750015258789,95.00499725341797,95.29000091552734,76.88029479980469,2731000
2014-04-25,95.30000305175781,95.30000305175781,93.70500183105469,93.88999938964844,75.75072479248047,4432600
2014-04-28,94.37999725341797,94.63500213623047,93.36000061035156,93.96499633789062,75.81126403808594,4256600
2014-04-29,94.17500305175781,95.04000091552734,93.9000015258789,94.94499969482422,76.60191345214844,3375400
2014-04-30,94.95500183105469,95.6050033569336,94.9000015258789,95.21499633789062,76.81974792480469,3067400
2014-05-01,95.1500015258789,95.625,94.36499786376953,94.4000015258789,76.16221618652344,2656600
2014-05-02,94.48999786376953,94.7300033569336,93.91500091552734,94.0,75.83949279785156,3757600
2014-05-05,93.87000274658203,94.20999908447266,93.40499877929688,93.875,75.73863983154297,3695600
2014-05-06,93.75,94.13500213623047,93.58000183105469,93.6500015258789,75.55712890625,4296200
2014-05-07,93.80999755859375,94.43499755859375,93.42500305175781,94.17500305175781,75.98068237304688,5311800
2014-05-08,94.18499755859375,94.91500091552734,93.95500183105469,94.3550033569336,76.12592315673828,3780200
2014-05-09,94.2249984741211,94.9749984741211,93.84500122070312,94.66000366210938,76.37197875976562,3323200
2014-05-12,94.7699966430664,95.8550033569336,94.7699966430664,95.81500244140625,77.30384063720703,3925000
2014-05-13,96.01499938964844,97.06999969482422,95.9800033569336,96.44999694824219,77.81615447998047,3249400
2014-05-14,96.44999694824219,96.63999938964844,95.66000366210938,96.1050033569336,77.53785705566406,2892800
2014-05-15,95.94000244140625,96.0999984741211,95.2300033569336,95.55999755859375,77.0981216430664,2971600
2014-05-16,95.98500061035156,97.625,95.98500061035156,97.58000183105469,78.72786712646484,5889000
2014-05-19,97.62999725341797,97.88999938964844,97.06999969482422,97.79499816894531,78.90131378173828,3210600
2014-05-20,97.7750015258789,98.19000244140625,96.5999984741211,96.93499755859375,78.20745849609375,3654000
2014-05-21,97.29000091552734,98.01499938964844,97.22000122070312,97.625,78.7641372680664,3088600
2014-05-22,97.5,97.97000122070312,96.98500061035156,97.6500015258789,78.78434753417969,2344800
2014-05-23,97.9000015258789,98.56500244140625,97.75,98.12999725341797,79.17156982421875,2123400
2014-05-27,98.54499816894531,98.9000015258789,98.26000213623047,98.54499816894531,79.50640869140625,2436000
2014-05-28,98.58000183105469,98.86499786376953,98.13500213623047,98.18499755859375,79.21595001220703,3267400
2014-05-29,98.51000213623047,98.97000122070312,98.24500274658203,98.9000015258789,79.79283142089844,2666800
2014-05-30,98.67500305175781,99.7300033569336,98.44499969482422,99.63500213623047,80.3858413696289,4539800
2014-06-02,99.68000030517578,99.80999755859375,99.0,99.58499908447266,80.34548950195312,2625600
2014-06-03,99.5,99.58999633789062,98.45500183105469,98.69499969482422,79.6274185180664,2845600
2014-06-04,98.69499969482422,99.12000274658203,98.625,98.91500091552734,79.80491638183594,2354800
2014-06-05,98.90499877929688,100.6449966430664,98.90499877929688,100.16999816894531,80.81747436523438,3489200
2014-06-06,100.68000030517578,101.30999755859375,100.11499786376953,100.93000030517578,81.43061828613281,4104800
2014-06-09,101.87000274658203,102.19999694824219,100.81999969482422,102.13999938964844,82.40687561035156,3366400
2014-06-10,102.87999725341797,102.95999908447266,101.3499984741211,102.41999816894531,82.63276672363281,3328500
2014-06-11,102.05999755859375,102.30999755859375,101.30000305175781,102.18000030517578,82.43914031982422,2491500
2014-06-12,101.76000213623047,101.94999694824219,100.43000030517578,100.66999816894531,81.58414459228516,3307900
2014-06-13,100.68000030517578,101.23999786376953,100.33000183105469,100.9000015258789,81.77056884765625,1837800
2014-06-16,100.25,100.62000274658203,99.62000274658203,99.80999755859375,80.88720703125,3152500
2014-06-17,99.94000244140625,100.0,99.27999877929688,99.37000274658203,80.53062438964844,3537200
2014-06-18,99.54000091552734,100.95999908447266,99.4800033569336,100.66999816894531,81.58414459228516,3585900
2014-06-19,100.68000030517578,101.44000244140625,100.54000091552734,101.02999877929688,81.87590789794922,2523600
2014-06-20,101.05999755859375,101.3499984741211,100.86000061035156,101.08000183105469,81.91643524169922,4876500
2014-06-23,101.18000030517578,101.19999694824219,100.37999725341797,100.69000244140625,81.6003646850586,2715700
2014-06-24,100.33999633789062,101.19999694824219,99.62999725341797,99.68000030517578,80.7818603515625,2482400
2014-06-25,99.62999725341797,100.36000061035156,99.62999725341797,100.08999633789062,81.1141128540039,2545200
2014-06-26,100.20999908447266,100.30000305175781,99.16000366210938,99.56999969482422,80.69269561767578,3127600
2014-06-27,99.56999969482422,99.94000244140625,99.16000366210938,99.63999938964844,80.74945068359375,3244200
2014-06-30,99.54000091552734,100.83999633789062,99.54000091552734,99.75,80.83856964111328,3773600
2014-07-01,99.95999908447266,100.68000030517578,99.7699966430664,100.0999984741211,81.12222290039062,3365400
2014-07-02,100.05000305175781,100.77999877929688,99.91000366210938,100.06999969482422,81.09790802001953,3471100
2014-07-03,100.19000244140625,101.08999633789062,100.18000030517578,100.9800033569336,81.83538818359375,2461400
2014-07-07,101.19999694824219,101.19999694824219,99.70999908447266,100.26000213623047,81.25187683105469,2914100
2014-07-08,100.0199966430664,100.33999633789062,99.52999877929688,100.08999633789062,81.1141128540039,2022200
2014-07-09,100.54000091552734,101.0,100.19999694824219,100.61000061035156,81.53555297851562,1782900
2014-07-10,99.5999984741211,99.9800033569336,99.2699966430664,99.61000061035156,80.72513580322266,2436400
2014-07-11,99.66000366210938,100.43000030517578,99.55000305175781,100.2699966430664,81.25997924804688,2086600
2014-07-14,100.73999786376953,101.3499984741211,100.7300033569336,101.08999633789062,81.92453002929688,2261500
2014-07-15,100.66999816894531,101.63999938964844,100.58999633789062,101.37000274658203,82.15145874023438,2659500
2014-07-16,101.87999725341797,102.0,101.25,101.77999877929688,82.48371124267578,2164800
2014-07-17,100.97000122070312,101.7300033569336,100.44000244140625,100.44999694824219,81.40587615966797,2218200
2014-07-18,100.69999694824219,101.3499984741211,100.37000274658203,101.33999633789062,82.12712097167969,3189800
2014-07-21,101.31999969482422,101.88999938964844,100.86000061035156,101.63999938964844,82.37026977539062,2746600
2014-07-22,101.87000274658203,102.9800033569336,101.75,102.86000061035156,83.3589859008789,2861500
2014-07-23,102.97000122070312,103.25,101.7699966430664,102.51000213623047,83.0752944946289,3554000
2014-07-24,101.38999938964844,102.19999694824219,100.5999984741211,101.7699966430664,82.47562408447266,3283600
2014-07-25,101.5,102.3499984741211,101.43000030517578,101.66000366210938,82.38648986816406,2337400
2014-07-28,101.45999908447266,101.62999725341797,100.31999969482422,100.63999938964844,81.55984497070312,3160400
2014-07-29,100.54000091552734,100.58999633789062,99.54000091552734,99.5999984741211,80.7170181274414,4010700
2014-07-30,100.1500015258789,100.30999755859375,98.95999908447266,99.47000122070312,80.61168670654297,4676300
2014-07-31,99.05000305175781,99.19999694824219,97.95999908447266,98.30999755859375,79.67157745361328,4492200
2014-08-01,98.22000122070312,99.19000244140625,97.73999786376953,97.91000366210938,79.347412109375,4207200
2014-08-04,98.12000274658203,98.55000305175781,97.47000122070312,98.29000091552734,79.6553726196289,4540500
2014-08-05,97.87000274658203,98.75,97.4000015258789,97.95999908447266,79.38795471191406,3166300
2014-08-06,97.12999725341797,98.0199966430664,96.76000213623047,97.51000213623047,79.02326965332031,3295000
2014-08-07,98.0,98.45999908447266,97.2699966430664,97.4800033569336,78.99894714355469,2340200
2014-08-08,97.4000015258789,98.69999694824219,97.05000305175781,98.63999938964844,79.93904113769531,2415400
2014-08-11,99.0999984741211,100.31999969482422,99.0,99.56999969482422,80.69269561767578,3019400
2014-08-12,99.81999969482422,100.30000305175781,99.2699966430664,99.66999816894531,80.77375030517578,2669400
2014-08-13,99.94000244140625,100.69000244140625,99.86000061035156,100.56999969482422,81.50313568115234,2135600
2014-08-14,100.91999816894531,101.7300033569336,100.69999694824219,101.7300033569336,82.44319915771484,2664800
2014-08-15,102.16000366210938,102.27999877929688,101.16000366210938,101.98999786376953,82.65390014648438,2920800
2014-08-18,102.73999786376953,104.06999969482422,102.3499984741211,103.79000091552734,84.11264038085938,3812900
2014-08-19,104.38999938964844,104.75,104.13999938964844,104.38999938964844,84.59888458251953,2357800
2014-08-20,104.68000030517578,105.87000274658203,104.4000015258789,105.56999969482422,85.55516815185547,3478900
2014-08-21,106.11000061035156,106.30000305175781,105.41000366210938,105.86000061035156,85.79019927978516,2350800
2014-08-22,105.77999877929688,106.33999633789062,105.58000183105469,105.7699966430664,85.71726989746094,2306000
2014-08-25,106.19999694824219,106.2300033569336,105.47000122070312,105.63999938964844,85.6119155883789,2345000
2014-08-26,106.04000091552734,106.08000183105469,105.12000274658203,105.55999755859375,85.54705047607422,3195400
2014-08-27,105.4800033569336,105.6500015258789,104.83999633789062,105.30000305175781,85.74249267578125,1904700
2014-08-28,105.06999969482422,105.1500015258789,104.54000091552734,105.04000091552734,85.53079986572266,1786300
2014-08-29,105.02999877929688,105.36000061035156,104.55999755859375,105.2699966430664,85.71806335449219,1936500
2014-09-02,105.69999694824219,106.55000305175781,105.48999786376953,106.20999908447266,86.48347473144531,3225100
2014-09-03,106.66999816894531,107.37999725341797,106.16000366210938,106.5999984741211,86.8010482788086,2842000
2014-09-04,106.7699966430664,108.73999786376953,106.6500015258789,107.25,87.33032989501953,4582100
2014-09-05,107.22000122070312,107.87999725341797,106.80999755859375,107.69000244140625,87.68861389160156,3660500
2014-09-08,107.6500015258789,107.9000015258789,107.33000183105469,107.45999908447266,87.5013198852539,2052200
2014-09-09,107.61000061035156,107.94000244140625,107.19999694824219,107.47000122070312,87.50945281982422,1901700
2014-09-10,107.41999816894531,107.77999877929688,106.91000366210938,107.37999725341797,87.43617248535156,1696200
2014-09-11,106.9800033569336,107.86000061035156,106.75,107.70999908447266,87.70487976074219,1640800
2014-09-12,107.0199966430664,107.9000015258789,106.79000091552734,107.01000213623047,87.1349105834961,2091900
2014-09-15,107.08999633789062,107.30000305175781,106.41000366210938,107.04000091552734,87.15933227539062,2925000
2014-09-16,107.16000366210938,108.0,106.37999725341797,107.91999816894531,87.87589263916016,3591500
2014-09-17,108.3499984741211,110.25,108.27999877929688,109.58000183105469,89.22758483886719,3439900
2014-09-18,109.73999786376953,110.26000213623047,109.31999969482422,109.4000015258789,89.08100128173828,2913600
2014-09-19,109.97000122070312,110.13999938964844,109.0199966430664,109.36000061035156,89.04843139648438,4336300
2014-09-22,109.5199966430664,109.69000244140625,108.47000122070312,108.5,88.3481674194336,2364200
2014-09-23,108.19999694824219,108.58000183105469,107.79000091552734,107.80000305175781,87.77818298339844,2660500
2014-09-24,107.9000015258789,108.81999969482422,107.73999786376953,108.69000244140625,88.50286865234375,3121100
2014-09-25,108.5999984741211,108.62999725341797,106.97000122070312,107.19000244140625,87.28147888183594,2716700
2014-09-26,107.0199966430664,108.88999938964844,107.0199966430664,108.58000183105469,88.41329956054688,2036000
2014-09-29,107.94999694824219,108.70999908447266,107.16999816894531,108.52999877929688,88.3725814819336,1928600
2014-09-30,108.5199966430664,109.7699966430664,108.27999877929688,108.41999816894531,88.28302764892578,3339300
2014-10-01,107.4800033569336,107.6500015258789,105.41000366210938,105.80000305175781,86.14962768554688,4518000
2014-10-02,105.9000015258789,106.51000213623047,104.87999725341797,106.0999984741211,86.39393615722656,4719600
2014-10-03,107.01000213623047,109.75,106.81999969482422,109.51000213623047,89.1705551147461,4014200
2014-10-06,110.41000366210938,110.83999633789062,108.72000122070312,109.29000091552734,88.99143981933594,2650300
2014-10-07,108.5,108.63999938964844,106.30000305175781,106.37000274658203,86.61375427246094,3151100
2014-10-08,106.66999816894531,108.12000274658203,104.80999755859375,108.0199966430664,87.95730590820312,4430900
2014-10-09,108.08000183105469,108.31999969482422,105.23999786376953,105.33999633789062,85.77507019042969,3731400
2014-10-10,105.5,105.58000183105469,101.19999694824219,101.33999633789062,82.51797485351562,7640700
2014-10-13,102.98999786376953,104.23999786376953,97.83999633789062,98.08000183105469,79.86347961425781,8013800
2014-10-14,98.55000305175781,101.30000305175781,98.18000030517578,100.16000366210938,81.55714416503906,6939900
2014-10-15,98.75,100.2300033569336,96.16999816894531,99.69999694824219,81.18260192871094,6407200
2014-10-16,98.22000122070312,105.2699966430664,98.0,104.02999877929688,84.70838165283203,9242800
2014-10-17,105.94999694824219,106.9800033569336,105.63999938964844,106.4000015258789,86.63818359375,7112200
2014-10-20,105.5999984741211,106.48999786376953,105.2699966430664,106.16000366210938,86.44280242919922,3816900
2014-10-21,107.29000091552734,108.91999816894531,107.13999938964844,108.86000061035156,88.64130401611328,3934800
2014-10-22,108.52999877929688,109.12000274658203,106.70999908447266,106.86000061035156,87.01276397705078,5491800
2014-10-23,111.83999633789062,112.6500015258789,110.16999816894531,112.2300033569336,91.38538360595703,6441900
2014-10-24,112.80999755859375,114.62000274658203,111.88999938964844,114.58000183105469,93.29891204833984,4512300
2014-10-27,114.38999938964844,114.94000244140625,113.37000274658203,114.79000091552734,93.46990966796875,3658900
2014-10-28,115.08999633789062,116.47000122070312,115.05000305175781,116.18000030517578,94.60174560546875,3934900
2014-10-29,116.30999755859375,117.06999969482422,114.30999755859375,114.97000122070312,93.61649322509766,4151300
2014-10-30,114.93000030517578,115.93000030517578,114.08000183105469,115.0,93.64092254638672,3996300
2014-10-31,116.30000305175781,117.0999984741211,115.61000061035156,116.44999694824219,94.82160186767578,3931600
2014-11-03,116.56999969482422,116.56999969482422,114.91000366210938,115.26000213623047,93.85263061523438,3934900
2014-11-04,115.2300033569336,115.93000030517578,114.80000305175781,115.27999877929688,93.8688735961914,4888800
2014-11-05,116.0199966430664,116.41999816894531,115.18000030517578,116.41000366210938,94.78903198242188,4000900
2014-11-06,116.8499984741211,119.1500015258789,116.58999633789062,118.94000244140625,96.84912872314453,4187200
2014-11-07,118.94000244140625,119.66000366210938,118.20999908447266,118.75,96.69441986083984,3210200
2014-11-10,119.30000305175781,121.29000091552734,119.1500015258789,120.9000015258789,98.44509887695312,4086200
2014-11-11,121.02999877929688,121.81999969482422,120.51000213623047,121.23999786376953,98.7219467163086,2866800
2014-11-12,121.29000091552734,121.31999969482422,120.05000305175781,120.70999908447266,98.29039001464844,3361100
2014-11-13,120.41000366210938,121.5999984741211,120.05000305175781,120.25,97.91580963134766,2882000
2014-11-14,120.23999786376953,120.87000274658203,120.0,120.70999908447266,98.29039001464844,2598700
2014-11-17,120.2300033569336,120.94999694824219,119.80999755859375,120.31999969482422,97.97282409667969,2585000
2014-11-18,120.62000274658203,121.16000366210938,120.12000274658203,120.62000274658203,98.21708679199219,2390700
2014-11-19,120.55999755859375,120.61000061035156,119.6500015258789,120.5,98.11939239501953,2532800
2014-11-20,119.81999969482422,120.9800033569336,119.68000030517578,120.91000366210938,98.45323181152344,2660500
2014-11-21,122.16999816894531,122.79000091552734,121.22000122070312,121.8499984741211,99.21864318847656,5547300
2014-11-24,122.48999786376953,123.37000274658203,122.4000015258789,122.91000366210938,100.08177185058594,2675700
2014-11-25,122.7699966430664,123.61000061035156,122.41000366210938,122.51000213623047,99.75607299804688,4050500
2014-11-26,122.69000244140625,123.44000244140625,122.41000366210938,123.30999755859375,100.40747833251953,2377600
2014-11-28,121.83999633789062,122.29000091552734,116.55000305175781,116.7699966430664,95.46928405761719,5684700
2014-12-01,116.44000244140625,116.62999725341797,113.19000244140625,114.62999725341797,93.71963500976562,7102900
2014-12-02,114.9800033569336,119.05000305175781,114.30999755859375,118.97000122070312,97.26795196533203,6429600
2014-12-03,119.3499984741211,121.38999938964844,119.29000091552734,120.94999694824219,98.88677978515625,4917500
2014-12-04,120.41999816894531,121.23999786376953,118.95999908447266,119.76000213623047,97.91384887695312,3399700
2014-12-05,120.0,120.30000305175781,118.1500015258789,118.61000061035156,96.9736328125,3211000
2014-12-08,117.87000274658203,118.08000183105469,114.2699966430664,114.94000244140625,93.97309875488281,5616900
2014-12-09,112.91000366210938,116.12000274658203,111.88999938964844,116.05999755859375,94.88878631591797,5587900
2014-12-10,115.91000366210938,116.33999633789062,112.9800033569336,113.69000244140625,92.95110321044922,4592400
2014-12-11,113.9800033569336,115.80999755859375,113.4800033569336,114.3499984741211,93.49072265625,3931300
2014-12-12,113.62999725341797,115.75,112.5,112.55000305175781,92.01907348632812,4813700
2014-12-15,113.1500015258789,114.5199966430664,111.66999816894531,112.33999633789062,91.8473892211914,5394000
2014-12-16,111.7699966430664,114.9800033569336,111.56999969482422,112.19999694824219,91.73291015625,4827100
2014-12-17,112.44000244140625,115.41999816894531,111.27999877929688,114.91999816894531,93.95674896240234,5532600
2014-12-18,116.94999694824219,118.88999938964844,116.44999694824219,118.87000274658203,97.18619537353516,5279700
2014-12-19,118.5999984741211,119.9800033569336,118.11000061035156,118.47000122070312,96.85918426513672,6126600
2014-12-22,119.05999755859375,120.73999786376953,118.94000244140625,120.41000366210938,98.44527435302734,3186300
2014-12-23,120.91000366210938,121.4000015258789,120.30000305175781,120.68000030517578,98.66604614257812,2202500
2014-12-24,120.61000061035156,121.0999984741211,120.26000213623047,120.30000305175781,98.35536193847656,1001500
2014-12-26,120.87999725341797,120.98999786376953,120.06999969482422,120.38999938964844,98.428955078125,1668300
2014-12-29,119.54000091552734,120.94999694824219,119.08999633789062,120.69999694824219,98.68236541748047,1998900
2014-12-30,120.20999908447266,120.81999969482422,119.68000030517578,120.25,98.31446838378906,2274400
2014-12-31,120.72000122070312,120.7699966430664,119.0199966430664,119.12999725341797,97.39875793457031,2345800
2015-01-02,119.93000030517578,120.80000305175781,117.66000366210938,118.61000061035156,96.9736328125,3082700
2015-01-05,118.30999755859375,118.30999755859375,114.47000122070312,114.5999984741211,93.69512176513672,4602500
2015-01-06,114.27999877929688,114.29000091552734,111.66000366210938,112.2300033569336,91.75743865966797,6315000
2015-01-07,113.16000366210938,113.80000305175781,111.8499984741211,112.8499984741211,92.26433563232422,4008400
2015-01-08,114.0,117.08999633789062,113.51000213623047,117.08000183105469,95.72272491455078,4844900
2015-01-09,117.08000183105469,117.47000122070312,114.8499984741211,114.9800033569336,94.00580596923828,3002900
2015-01-12,114.33000183105469,114.44999694824219,112.79000091552734,113.97000122070312,93.18002319335938,3273000
2015-01-13,115.0,116.1500015258789,110.7300033569336,111.83000183105469,91.430419921875,5470700
2015-01-14,110.51000213623047,111.9800033569336,109.54000091552734,111.36000061035156,91.04615783691406,6226600
2015-01-15,112.1500015258789,112.87000274658203,110.37000274658203,110.80000305175781,90.58830261230469,5654000
2015-01-16,110.91000366210938,112.04000091552734,109.87000274658203,111.9000015258789,91.4876708984375,8549600
2015-01-20,112.52999877929688,114.41999816894531,112.1500015258789,113.94999694824219,93.1636734008789,5446200
2015-01-21,114.55000305175781,116.06999969482422,113.77999877929688,114.4000015258789,93.53160095214844,4783600
2015-01-22,117.25,120.9000015258789,117.0199966430664,119.83000183105469,97.9710922241211,6430700
2015-01-23,121.0,122.19000244140625,119.33999633789062,120.08999633789062,98.18367004394531,5124100
2015-01-26,120.51000213623047,121.87000274658203,119.6500015258789,121.33000183105469,99.19745635986328,3550800
2015-01-27,119.16000366210938,121.62000274658203,118.76000213623047,120.86000061035156,98.81319427490234,3841800
2015-01-28,121.68000030517578,122.08999633789062,119.08999633789062,119.1500015258789,97.41513061523438,4577700
2015-01-29,119.38999938964844,120.33999633789062,117.58000183105469,120.08999633789062,98.18367004394531,3479500
2015-01-30,119.19999694824219,119.91999816894531,117.12999725341797,117.20999908447266,95.82902526855469,4419100
2015-02-02,118.12999725341797,119.05999755859375,116.69999694824219,119.01000213623047,97.30066680908203,3259600
2015-02-03,120.18000030517578,122.0,119.80000305175781,121.79000091552734,99.57354736328125,3602300
2015-02-04,120.66000366210938,121.36000061035156,119.91999816894531,120.44000244140625,98.46980285644531,3088100
2015-02-05,121.38999938964844,123.11000061035156,121.02999877929688,122.8499984741211,100.44019317626953,3365100
2015-02-06,123.0,123.31999969482422,121.33000183105469,121.80999755859375,99.58989715576172,2973700
2015-02-09,121.52999877929688,122.01000213623047,118.94999694824219,119.44999694824219,97.66041564941406,4231200
2015-02-10,119.77999877929688,121.0999984741211,118.76000213623047,120.87000274658203,98.82138061523438,4028900
2015-02-11,121.0,122.69999694824219,120.58999633789062,122.13999938964844,99.85968017578125,3384600
2015-02-12,122.72000122070312,123.94000244140625,122.38999938964844,123.83000183105469,101.24141693115234,4134300
2015-02-13,123.73999786376953,124.5199966430664,122.25,122.5999984741211,100.23578643798828,3369900
2015-02-17,121.95999908447266,122.55999755859375,121.56999969482422,122.54000091552734,100.18673706054688,3524100
2015-02-18,122.54000091552734,123.62000274658203,122.0199966430664,123.3499984741211,100.84896850585938,2099900
2015-02-19,122.8499984741211,123.81999969482422,121.83999633789062,121.95999908447266,99.71257019042969,2600700
2015-02-20,121.69999694824219,123.69999694824219,120.44000244140625,123.66000366210938,101.1024398803711,3731800
2015-02-23,123.79000091552734,123.9000015258789,122.5999984741211,123.75,101.17601776123047,2743400
2015-02-24,122.93000030517578,123.36000061035156,122.12999725341797,122.69000244140625,100.30936431884766,3720300
2015-02-25,122.5,123.12999725341797,121.86000061035156,122.41999816894531,100.53932189941406,2495300
2015-02-26,122.2300033569336,122.66000366210938,120.69000244140625,120.76000213623047,99.17604064941406,3108100
2015-02-27,121.1500015258789,121.4000015258789,120.19000244140625,120.26000213623047,98.76539611816406,2775600
2015-03-02,120.26000213623047,121.0,120.05000305175781,120.75,99.16781616210938,3066300
2015-03-03,120.08999633789062,120.37999725341797,117.87999725341797,118.45999908447266,97.287109375,3826000
2015-03-04,117.6500015258789,118.27999877929688,116.5999984741211,118.20999908447266,97.08180236816406,3923800
2015-03-05,118.31999969482422,118.54000091552734,117.33999633789062,118.33000183105469,97.18033599853516,3345700
2015-03-06,117.37000274658203,118.25,116.08999633789062,116.44999694824219,95.6363754272461,3326100
2015-03-09,116.37999725341797,117.87000274658203,116.19999694824219,117.16999816894531,96.22770690917969,2605100
2015-03-10,115.91999816894531,116.83999633789062,114.75,114.75,94.24022674560547,3990200
2015-03-11,114.93000030517578,115.7699966430664,114.27999877929688,114.29000091552734,93.8624496459961,4271200
2015-03-12,115.08000183105469,115.54000091552734,114.30999755859375,115.12999725341797,94.55227661132812,4850900
2015-03-13,115.2300033569336,115.80000305175781,113.7699966430664,114.5199966430664,94.05133056640625,4150500
2015-03-16,115.5,116.83000183105469,115.36000061035156,116.72000122070312,95.85811614990234,5110900
2015-03-17,115.94999694824219,116.83000183105469,115.63999938964844,116.41999816894531,95.61173248291016,2602200
2015-03-18,116.08000183105469,118.19999694824219,115.04000091552734,117.77999877929688,96.72865295410156,3614500
2015-03-19,117.4800033569336,118.33000183105469,116.79000091552734,117.55000305175781,96.53976440429688,3466700
2015-03-20,117.9800033569336,118.66000366210938,117.0999984741211,117.44999694824219,96.45762634277344,5060200
2015-03-23,114.8499984741211,116.0,112.62000274658203,112.77999877929688,92.62234497070312,6682600
2015-03-24,112.75,113.7300033569336,111.30999755859375,112.51000213623047,92.40061950683594,5632100
2015-03-25,112.69999694824219,113.05999755859375,110.69999694824219,110.81999969482422,91.01264953613281,5448200
2015-03-26,109.05999755859375,109.27999877929688,106.75,108.16999816894531,88.83629608154297,9371000
2015-03-27,107.73999786376953,108.98999786376953,106.77999877929688,108.44000244140625,89.05801391601562,6203000
2015-03-30,109.0,110.38999938964844,108.7699966430664,110.08999633789062,90.4131088256836,5191000
2015-03-31,109.66000366210938,109.66000366210938,107.80000305175781,108.30999755859375,88.9512710571289,5534800
2015-04-01,107.76000213623047,108.1500015258789,106.37999725341797,107.33999633789062,88.15464782714844,5277000
2015-04-02,107.44999694824219,108.30000305175781,106.83999633789062,107.12999725341797,87.98216247558594,4574600
2015-04-06,106.33999633789062,107.54000091552734,106.25,106.37999725341797,87.36624145507812,5246300
2015-04-07,106.93000030517578,108.44999694824219,106.38999938964844,107.83999633789062,88.56526184082031,6482100
2015-04-08,107.69999694824219,108.80999755859375,107.66000366210938,108.12999725341797,88.80342864990234,4433700
2015-04-09,107.8499984741211,109.93000030517578,107.69999694824219,109.79000091552734,90.16673278808594,4417400
2015-04-10,111.5,112.44000244140625,110.7300033569336,111.41999816894531,91.50540924072266,6516200
2015-04-13,111.05000305175781,111.58000183105469,108.41000366210938,108.47000122070312,89.0826644897461,5280700
2015-04-14,105.22000122070312,108.27999877929688,104.16000366210938,108.16999816894531,88.83629608154297,9157500
2015-04-15,110.19000244140625,110.52999877929688,107.38999938964844,107.4000015258789,88.20391082763672,5332000
2015-04-16,107.0,108.44999694824219,106.75,108.3499984741211,88.98411560058594,4514200
2015-04-17,108.06999969482422,108.6500015258789,107.43000030517578,108.41999816894531,89.04158782958984,5438400
2015-04-20,108.70999908447266,110.7300033569336,108.6500015258789,110.44000244140625,90.7005615234375,4584900
2015-04-21,110.5999984741211,110.80999755859375,108.72000122070312,109.5,89.92858123779297,5504300
2015-04-22,109.5999984741211,111.37999725341797,109.22000122070312,110.7300033569336,90.93872833251953,6226500
2015-04-23,106.75,110.68000030517578,106.23999786376953,108.12000274658203,88.79523468017578,12014500
2015-04-24,107.86000061035156,107.95999908447266,106.69999694824219,107.51000213623047,88.29426574707031,8473700
2015-04-27,107.33000183105469,108.22000122070312,107.23999786376953,107.51000213623047,88.29426574707031,4663900
2015-04-28,107.16000366210938,107.98999786376953,106.80000305175781,107.88999938964844,88.60635375976562,5029900
2015-04-29,107.58000183105469,108.05999755859375,106.3499984741211,106.91999816894531,87.8097152709961,6084100
2015-04-30,106.25,106.58999633789062,105.69000244140625,106.2300033569336,87.24303436279297,5478200
2015-05-01,106.66000366210938,107.87000274658203,106.30999755859375,107.70999908447266,88.45852661132812,4746300
2015-05-04,108.4000015258789,109.41999816894531,107.87000274658203,107.98999786376953,88.6884536743164,5383300
2015-05-05,107.70999908447266,108.2699966430664,105.72000122070312,105.94000244140625,87.00485229492188,5051100
2015-05-06,106.5,107.4000015258789,105.91999816894531,106.93000030517578,87.81791687011719,4836100
2015-05-07,106.33999633789062,107.7699966430664,106.16999816894531,107.30999755859375,88.12997436523438,3564100
2015-05-08,108.37999725341797,108.63999938964844,107.27999877929688,107.44000244140625,88.23677825927734,3610200
2015-05-11,107.22000122070312,108.0,106.68000030517578,106.75,87.67010498046875,3608300
2015-05-12,106.33000183105469,106.62000274658203,105.73999786376953,105.7699966430664,86.86524200439453,4432900
2015-05-13,105.69999694824219,105.69999694824219,101.94999694824219,102.38999938964844,84.08937072753906,11588500
2015-05-14,102.19000244140625,102.83000183105469,100.9000015258789,102.08999633789062,83.8429946899414,11174200
2015-05-15,102.94999694824219,103.87999725341797,102.31999969482422,103.83000183105469,85.27200317382812,6397500
2015-05-18,103.30000305175781,104.37000274658203,103.06999969482422,103.94999694824219,85.37055206298828,4351400
2015-05-19,104.33000183105469,104.36000061035156,103.61000061035156,104.0199966430664,85.42803192138672,4913800
2015-05-20,103.68000030517578,103.98999786376953,102.1500015258789,103.27999877929688,84.82032012939453,7409500
2015-05-21,102.98999786376953,105.6500015258789,102.62000274658203,104.95999908447266,86.20002746582031,5942600
2015-05-22,104.56999969482422,104.80000305175781,104.04000091552734,104.19999694824219,85.57588195800781,4025300
2015-05-26,103.55000305175781,104.18000030517578,102.3499984741211,102.9000015258789,84.50821685791016,4894700
2015-05-27,102.52999877929688,103.18000030517578,102.19999694824219,102.62000274658203,84.7311782836914,4014800
2015-05-28,102.4800033569336,102.88999938964844,100.81999969482422,101.36000061035156,83.69081115722656,6638600
2015-05-29,101.08000183105469,101.45999908447266,99.87000274658203,100.91000366210938,83.3192367553711,8495400
2015-06-01,101.16000366210938,102.20999908447266,100.43000030517578,101.93000030517578,84.16143798828125,4578000
2015-06-02,102.06999969482422,102.38999938964844,101.25,101.5999984741211,83.88895416259766,10335700
2015-06-03,101.81999969482422,102.61000061035156,101.16999816894531,101.98999786376953,84.21099853515625,5650700
2015-06-04,101.08000183105469,102.44999694824219,101.08000183105469,101.73999786376953,84.00454711914062,6278700
2015-06-05,101.80000305175781,102.8499984741211,101.5,102.27999877929688,84.45043182373047,5145300
2015-06-08,102.12999725341797,102.19999694824219,100.45999908447266,100.70999908447266,83.15412139892578,4932800
2015-06-09,100.41999816894531,100.94000244140625,99.47000122070312,99.69999694824219,82.32017517089844,5618000
2015-06-10,100.0,100.19000244140625,99.30999755859375,99.66999816894531,82.29541778564453,9531500
2015-06-11,100.11000061035156,101.36000061035156,99.80999755859375,100.91999816894531,83.32752227783203,5895900
2015-06-12,100.33999633789062,101.5,100.0,100.5,82.98072814941406,3972600
2015-06-15,99.83999633789062,101.05000305175781,99.83999633789062,100.5199966430664,82.99725341796875,3077300
2015-06-16,100.4000015258789,101.0199966430664,100.16000366210938,100.5199966430664,82.99725341796875,3637500
2015-06-17,100.87999725341797,101.5199966430664,100.0999984741211,101.18000030517578,83.54219055175781,4054700
2015-06-18,101.4800033569336,102.83000183105469,101.27999877929688,102.30999755859375,84.4752197265625,4512300
2015-06-19,101.91999816894531,102.36000061035156,101.0,101.16000366210938,83.5256576538086,6236100
2015-06-22,101.66999816894531,102.01000213623047,101.19999694824219,101.44000244140625,83.7568588256836,3751800
2015-06-23,102.2699966430664,102.73999786376953,101.08999633789062,101.1500015258789,83.51741790771484,3958800
2015-06-24,100.70999908447266,100.8499984741211,98.08999633789062,98.25,81.1229476928711,5628700
2015-06-25,98.69000244140625,98.69000244140625,96.97000122070312,96.97000122070312,80.0660629272461,4567400
2015-06-26,97.47000122070312,98.20999908447266,96.66000366210938,96.7699966430664,79.90092468261719,7650400
2015-06-29,95.98999786376953,96.97000122070312,95.48999786376953,95.52999877929688,78.87708282470703,5682000
2015-06-30,96.37999725341797,96.4800033569336,94.91000366210938,95.37000274658203,78.74500274658203,6388200
2015-07-01,96.33999633789062,96.72000122070312,95.7300033569336,96.16000366210938,79.39730072021484,3770200
2015-07-02,96.29000091552734,96.93000030517578,96.27999877929688,96.66000366210938,79.81011962890625,3290900
2015-07-06,96.38999938964844,97.58999633789062,96.02999877929688,96.23999786376953,79.46334838867188,4840200
2015-07-07,96.62000274658203,97.91000366210938,95.41000366210938,97.73999786376953,80.70184326171875,5250000
2015-07-08,96.9800033569336,97.26000213623047,95.62999725341797,95.8499984741211,79.1413345336914,5455300
2015-07-09,96.80000305175781,97.20999908447266,96.11000061035156,96.25,79.47158813476562,4284900
2015-07-10,97.12000274658203,98.1500015258789,97.05999755859375,97.81999969482422,80.76790618896484,4236000
2015-07-13,98.69999694824219,98.69999694824219,96.91000366210938,97.08000183105469,80.1568832397461,4311000
2015-07-14,97.04000091552734,97.51000213623047,96.37000274658203,96.79000091552734,79.91744995117188,5793500
2015-07-15,97.37999725341797,98.4000015258789,96.7699966430664,96.9800033569336,80.07433319091797,4567000
2015-07-16,97.47000122070312,97.87999725341797,95.58999633789062,96.04000091552734,79.29818725585938,4501300
2015-07-17,96.13999938964844,97.80999755859375,96.0,97.41999816894531,80.4376220703125,5176400
2015-07-20,97.58000183105469,99.05999755859375,97.56999969482422,98.30999755859375,81.17249298095703,4525500
2015-07-21,98.55000305175781,99.70999908447266,98.45999908447266,98.81999969482422,81.59356689453125,5072600
2015-07-22,98.86000061035156,99.52999877929688,97.63999938964844,97.68000030517578,80.65230560302734,4581500
2015-07-23,95.6500015258789,96.26000213623047,91.2300033569336,92.12000274658203,76.06153869628906,13653100
2015-07-24,92.55000305175781,94.22000122070312,91.62999725341797,92.61000061035156,76.46611785888672,8015100
2015-07-27,91.68000030517578,92.5999984741211,91.5199966430664,92.38999938964844,76.28443145751953,5857300
2015-07-28,93.12999725341797,97.0199966430664,93.08999633789062,96.62000274658203,79.77709197998047,7542900
2015-07-29,96.41000366210938,98.7300033569336,95.87000274658203,98.52999877929688,81.3541488647461,6109200
2015-07-30,97.8499984741211,98.05000305175781,97.1500015258789,97.69999694824219,80.66880798339844,4527100
2015-07-31,97.69000244140625,98.26000213623047,97.22000122070312,97.58999633789062,80.5780029296875,3925000
2015-08-03,97.55999755859375,97.69000244140625,95.95999908447266,96.47000122070312,79.65323638916016,4137500
2015-08-04,96.19999694824219,96.79000091552734,94.97000122070312,95.72000122070312,79.03396606445312,6053500
2015-08-05,96.4000015258789,96.9800033569336,94.9800033569336,95.06999969482422,78.49726867675781,4631000
2015-08-06,95.18000030517578,95.26000213623047,93.62999725341797,93.80000305175781,77.44868469238281,5661200
2015-08-07,93.55000305175781,93.8499984741211,92.41000366210938,92.5,76.37529754638672,3542100
2015-08-10,93.05000305175781,93.87000274658203,93.05000305175781,93.4800033569336,77.18446350097656,4878800
2015-08-11,92.75,93.16999816894531,92.01000213623047,92.30999755859375,76.21841430664062,3966000
2015-08-12,91.61000061035156,93.08000183105469,91.26000213623047,92.81999969482422,76.6395034790039,3800200
2015-08-13,92.63999938964844,93.02999877929688,92.12000274658203,92.69999694824219,76.54041290283203,3017300
2015-08-14,92.31999969482422,93.08000183105469,92.31999969482422,92.73999786376953,76.57344818115234,2277500
2015-08-17,92.45999908447266,92.95999908447266,92.01000213623047,92.73999786376953,76.57344818115234,2777400
2015-08-18,92.66000366210938,92.88999938964844,92.37999725341797,92.77999877929688,76.60647583007812,3853400
2015-08-19,92.25,93.08999633789062,91.87999725341797,92.16000366210938,76.09455108642578,3900400
2015-08-20,90.62000274658203,90.8499984741211,89.31999969482422,89.31999969482422,73.7496337890625,8294300
2015-08-21,88.36000061035156,88.88999938964844,86.41000366210938,86.44999694824219,71.37992095947266,9589500
2015-08-24,81.18000030517578,85.19000244140625,79.30999755859375,82.66000366210938,68.25061798095703,10316400
2015-08-25,85.19999694824219,85.25,80.51000213623047,80.55999755859375,66.51669311523438,9192100
2015-08-26,82.62999725341797,84.30999755859375,81.7300033569336,84.0999984741211,69.43956756591797,12367600
2015-08-27,84.3499984741211,86.33000183105469,84.13999938964844,86.27999877929688,71.7085189819336,10741600
2015-08-28,86.0999984741211,87.19000244140625,86.01000213623047,86.88999938964844,72.21549987792969,5654100
2015-08-31,86.9000015258789,87.08000183105469,85.7300033569336,85.73999786376953,71.25972747802734,5359400
2015-09-01,83.62999725341797,84.5,83.0,83.37999725341797,69.29830932617188,5579900
2015-09-02,84.36000061035156,85.12000274658203,83.16000366210938,85.11000061035156,70.73612976074219,6914800
2015-09-03,85.94000244140625,86.37000274658203,85.48999786376953,85.69999694824219,71.22647094726562,6073800
2015-09-04,85.0,85.75,84.44999694824219,84.77999877929688,70.46185302734375,5643400
2015-09-08,87.0,88.02999877929688,86.5,87.86000061035156,73.02168273925781,8128400
2015-09-09,88.3499984741211,89.06999969482422,86.7699966430664,86.94999694824219,72.265380859375,5162200
2015-09-10,86.9000015258789,87.58000183105469,86.5,87.0999984741211,72.39005279541016,4141900
2015-09-11,87.08000183105469,87.08000183105469,85.73999786376953,86.12000274658203,71.57553100585938,5094200
2015-09-14,86.5199966430664,86.5199966430664,85.52999877929688,85.7300033569336,71.25142669677734,4478200
2015-09-15,86.18000030517578,88.19000244140625,85.94000244140625,87.9800033569336,73.12144470214844,5070300
2015-09-16,87.91999816894531,90.16000366210938,87.9000015258789,89.79000091552734,74.62574005126953,5988000
2015-09-17,89.33000183105469,91.16000366210938,89.30999755859375,89.72000122070312,74.56755065917969,4501900
2015-09-18,88.5999984741211,89.05999755859375,87.58000183105469,87.77999877929688,72.95519256591797,7384600
2015-09-21,87.97000122070312,89.33999633789062,87.66000366210938,88.25,73.34583282470703,4682100
2015-09-22,86.97000122070312,87.05999755859375,85.63999938964844,86.66999816894531,72.03266906738281,4766800
2015-09-23,86.4000015258789,87.04000091552734,85.48999786376953,85.68000030517578,71.20988464355469,3441500
2015-09-24,84.7699966430664,85.20999908447266,83.87000274658203,84.83000183105469,70.50341033935547,5545900
2015-09-25,86.25,87.31999969482422,85.58000183105469,86.58999633789062,71.96617889404297,5357100
2015-09-28,85.68000030517578,86.66000366210938,84.8499984741211,84.97000122070312,70.61978912353516,5439700
2015-09-29,85.23999786376953,86.6500015258789,84.94000244140625,86.55000305175781,71.93294525146484,4936600
2015-09-30,87.9000015258789,88.52999877929688,86.98999786376953,88.41000366210938,73.47880554199219,5212000
2015-10-01,89.23999786376953,90.63999938964844,89.11000061035156,90.4000015258789,75.13269805908203,6921000
2015-10-02,88.75,91.93000030517578,88.55999755859375,91.9000015258789,76.37937927246094,5341700
2015-10-05,91.7300033569336,94.08999633789062,91.62000274658203,93.70999908447266,77.88371276855469,5263000
2015-10-06,93.80999755859375,94.08999633789062,93.16000366210938,93.38999938964844,77.61774444580078,3811000
2015-10-07,94.20999908447266,96.25,93.75,95.11000061035156,79.0472640991211,4270600
2015-10-08,94.56999969482422,97.29000091552734,94.48999786376953,97.05000305175781,80.65962982177734,4140700
2015-10-09,97.75,98.27999877929688,96.16999816894531,97.04000091552734,80.65130615234375,4439200
2015-10-12,96.76000213623047,97.0,94.19999694824219,95.26000213623047,79.17191314697266,5480200
2015-10-13,94.44000244140625,95.25,93.75,93.80000305175781,77.9585189819336,3549600
2015-10-14,93.44000244140625,93.75,92.5999984741211,92.91000366210938,77.21881103515625,5326500
2015-10-15,93.66999816894531,94.52999877929688,93.0,94.26000213623047,78.34082794189453,3276300
2015-10-16,94.62999725341797,94.7300033569336,92.55000305175781,92.94000244140625,77.24374389648438,4585800
2015-10-19,92.55999755859375,92.79000091552734,91.55000305175781,92.70999908447266,77.0526123046875,3991800
2015-10-20,92.70999908447266,94.2300033569336,92.13999938964844,93.73999786376953,77.90863800048828,3384700
2015-10-21,94.30000305175781,94.87999725341797,93.19000244140625,93.41000366210938,77.6343765258789,4248400
2015-10-22,96.51000213623047,97.56999969482422,95.54000091552734,97.01000213623047,80.62642669677734,6998900
2015-10-23,97.41999816894531,98.26000213623047,96.16000366210938,96.91999816894531,80.55157470703125,4949100
2015-10-26,96.62000274658203,97.19000244140625,95.01000213623047,95.16999816894531,79.09713745117188,4680600
2015-10-27,94.19999694824219,94.19999694824219,90.22000122070312,90.23999786376953,74.99974822998047,9808700
2015-10-28,90.75,91.38999938964844,89.13999938964844,90.0999984741211,74.88336944580078,7342900
2015-10-29,90.02999877929688,91.51000213623047,89.76000213623047,90.5199966430664,75.23245239257812,5298600
2015-10-30,90.87000274658203,91.16999816894531,89.19000244140625,89.3499984741211,74.26004028320312,5603400
2015-11-02,89.36000061035156,89.76000213623047,88.58000183105469,89.0999984741211,74.05226135253906,5365600
2015-11-03,88.95999908447266,89.33999633789062,88.4800033569336,88.69999694824219,73.71983337402344,4957900
2015-11-04,89.19999694824219,89.44000244140625,87.8499984741211,88.19000244140625,73.29595947265625,4714700
2015-11-05,88.29000091552734,88.51000213623047,87.0,87.20999908447266,72.48145294189453,6426300
2015-11-06,87.0,87.20999908447266,85.47000122070312,85.9800033569336,71.45921325683594,6826500
2015-11-09,85.7300033569336,89.0999984741211,83.98999786376953,86.16999816894531,71.61712646484375,9109000
2015-11-10,85.66999816894531,86.30999755859375,84.5,84.83999633789062,70.51168823242188,5487300
2015-11-11,85.4800033569336,85.4800033569336,84.11000061035156,84.37000274658203,70.12109375,4699000
2015-11-12,83.83000183105469,84.80999755859375,83.1500015258789,83.94999694824219,69.77201843261719,5392800
2015-11-13,83.55000305175781,85.08999633789062,83.5199966430664,83.77999877929688,69.6307373046875,4648100
2015-11-16,83.58999633789062,84.56999969482422,83.0999984741211,84.3499984741211,70.1044921875,3601900
2015-11-17,84.37000274658203,85.94999694824219,83.12000274658203,85.0999984741211,70.72779846191406,5275300
2015-11-18,85.73999786376953,87.75,85.62000274658203,87.11000061035156,72.39836120605469,5386900
2015-11-19,87.08000183105469,87.2300033569336,85.94999694824219,87.04000091552734,72.34017181396484,6145500
2015-11-20,87.5199966430664,88.05000305175781,86.5,86.73999786376953,72.09082794189453,4401100
2015-11-23,86.86000061035156,87.4800033569336,84.91000366210938,85.11000061035156,70.73612976074219,4723200
2015-11-24,84.93000030517578,85.29000091552734,84.62999725341797,84.80000305175781,70.47848510742188,5125400
2015-11-25,84.43000030517578,84.94999694824219,84.2699966430664,84.62999725341797,70.79637145996094,3518000
2015-11-27,84.6500015258789,84.95999908447266,84.45999908447266,84.5,70.68760681152344,2120100
2015-11-30,84.83999633789062,84.94999694824219,83.94000244140625,83.94999694824219,70.22750854492188,6441200
2015-12-01,83.94999694824219,85.0,83.12000274658203,84.4000015258789,70.60395812988281,5399500
2015-12-02,84.19000244140625,84.37000274658203,81.68000030517578,82.08000183105469,68.6632080078125,7544400
2015-12-03,82.13999938964844,82.30000305175781,78.76000213623047,79.19999694824219,66.25395965576172,11254200
2015-12-04,77.37000274658203,78.62999725341797,77.02999877929688,78.30999755859375,65.5094223022461,11007100
2015-12-07,78.1500015258789,78.62000274658203,76.69999694824219,77.29000091552734,64.65616607666016,9414300
2015-12-08,76.33999633789062,76.69000244140625,74.77999877929688,75.5999984741211,63.24240493774414,8115300
2015-12-09,75.02999877929688,77.80000305175781,74.94000244140625,77.54000091552734,64.86530303955078,9972300
2015-12-10,77.54000091552734,78.62000274658203,77.30999755859375,77.44999694824219,64.78999328613281,6341000
2015-12-11,77.44999694824219,77.94999694824219,76.37999725341797,77.27999877929688,64.6478042602539,6100400
2015-12-14,77.5,77.97000122070312,76.41999816894531,76.87999725341797,64.31317901611328,7517400
2015-12-15,77.56999969482422,77.73999786376953,76.12000274658203,76.41000366210938,63.92002868652344,7790300
2015-12-16,77.0999984741211,79.0199966430664,76.83999633789062,78.91000366210938,66.0113754272461,5763800
2015-12-17,78.72000122070312,79.48999786376953,77.30000305175781,77.33000183105469,64.68962860107422,5890900
2015-12-18,76.81999969482422,76.83000183105469,75.27999877929688,75.43000030517578,63.10020065307617,10160000
2015-12-21,75.98999786376953,76.43000030517578,75.0199966430664,75.48999786376953,63.1504020690918,5247900
2015-12-22,76.05999755859375,77.58999633789062,75.87000274658203,77.05999755859375,64.4637680053711,5706500
2015-12-23,77.83999633789062,79.12999725341797,77.56999969482422,78.7699966430664,65.89425659179688,6148700
2015-12-24,78.79000091552734,79.0999984741211,78.5,78.80000305175781,65.91934204101562,2327500
2015-12-28,78.48999786376953,78.7300033569336,77.94000244140625,78.33999633789062,65.5345230102539,3958400
2015-12-29,78.5999984741211,79.05000305175781,78.11000061035156,78.97000122070312,66.06156921386719,3505600
2015-12-30,78.66000366210938,78.77999877929688,78.16000366210938,78.51000213623047,65.67672729492188,3685500
2015-12-31,77.7300033569336,79.1500015258789,77.56999969482422,78.19999694824219,65.41741180419922,3754600
2016-01-04,76.87000274658203,79.04000091552734,76.12999725341797,78.97000122070312,66.06156921386719,6902600
2016-01-05,79.01000213623047,79.33999633789062,77.30000305175781,78.20999908447266,65.42577362060547,6117300
2016-01-06,76.75,77.19000244140625,74.23999786376953,74.83000183105469,62.59828567504883,8125200
2016-01-07,73.38999938964844,74.19000244140625,72.41999816894531,73.08000183105469,61.13433837890625,9077600
2016-01-08,73.55999755859375,74.37999725341797,73.19999694824219,73.86000061035156,61.78683853149414,7567700
2016-01-11,74.36000061035156,75.05000305175781,73.62999725341797,74.80999755859375,62.58154296875,7763500
2016-01-12,75.51000213623047,76.45999908447266,74.37999725341797,76.2699966430664,63.80290222167969,6985600
2016-01-13,76.19999694824219,76.83999633789062,73.20999908447266,73.8499984741211,61.778465270996094,8618400
2016-01-14,73.86000061035156,76.5999984741211,73.69999694824219,75.41999816894531,63.09185028076172,7457600
2016-01-15,72.83999633789062,74.2699966430664,72.62999725341797,74.11000061035156,61.995967864990234,7460000
2016-01-19,74.98999786376953,75.16000366210938,73.2699966430664,74.0999984741211,61.98760223388672,7470100
2016-01-20,72.68000030517578,74.1500015258789,71.56999969482422,73.61000061035156,61.57770919799805,10549900
2016-01-21,69.5,71.7300033569336,67.05999755859375,71.0,59.394325256347656,19539900
2016-01-22,71.33999633789062,72.3499984741211,68.43000030517578,69.98999786376953,58.54941177368164,15358600
2016-01-25,69.66000366210938,69.7699966430664,68.66000366210938,68.79000091552734,57.54557418823242,7171400
2016-01-26,69.33999633789062,70.47000122070312,69.11000061035156,70.04000091552734,58.59126281738281,6741200
2016-01-27,70.0,70.97000122070312,68.72000122070312,69.05999755859375,57.77143859863281,6202400
2016-01-28,69.8499984741211,70.30999755859375,68.72000122070312,70.16000366210938,58.691627502441406,6741300
2016-01-29,70.5,72.02999877929688,70.16999816894531,72.0,60.23085403442383,6920500
2016-02-01,70.9000015258789,73.55999755859375,70.3499984741211,73.08999633789062,61.1426887512207,8402900
2016-02-02,73.26000213623047,73.36000061035156,71.16999816894531,71.70999908447266,59.9882698059082,8607400
2016-02-03,71.98999786376953,72.38999938964844,70.54000091552734,72.26000213623047,60.448341369628906,6501200
2016-02-04,72.0199966430664,76.41999816894531,72.0199966430664,75.5199966430664,63.17546844482422,7297000
2016-02-05,75.20999908447266,76.01000213623047,74.19999694824219,75.02999877929688,62.76556396484375,5768200
2016-02-08,74.4800033569336,76.55999755859375,73.45999908447266,76.02999877929688,63.60212707519531,7602400
2016-02-09,75.0999984741211,77.8499984741211,75.0,77.12000274658203,64.51392364501953,7406300
2016-02-10,78.0199966430664,78.62000274658203,76.33999633789062,76.94000244140625,64.3633804321289,6259900
2016-02-11,75.7300033569336,76.30999755859375,73.58999633789062,75.54000091552734,63.192222595214844,6715200
2016-02-12,77.33000183105469,78.33999633789062,76.25,77.19999694824219,64.58087921142578,5716400
2016-02-16,78.0,80.2699966430664,76.9000015258789,79.37000274658203,66.39617156982422,6640000
2016-02-17,78.72000122070312,80.5,78.47000122070312,79.95999908447266,66.88972473144531,6308000
2016-02-18,79.76000213623047,80.12999725341797,78.18000030517578,78.66000366210938,65.8022232055664,5578000
2016-02-19,78.5199966430664,80.0,78.0,79.9000015258789,66.83953094482422,4793200
2016-02-22,79.9000015258789,82.26000213623047,79.9000015258789,81.61000061035156,68.2699966430664,5448300
2016-02-23,80.5,81.05000305175781,78.79000091552734,78.94999694824219,66.04481506347656,4966300
2016-02-24,78.0199966430664,80.29000091552734,77.06999969482422,80.08999633789062,66.99845886230469,4800500
2016-02-25,79.5,80.3499984741211,78.52999877929688,79.31999969482422,66.81314849853516,3243000
2016-02-26,80.08999633789062,81.26000213623047,79.79000091552734,80.0,67.38595581054688,3836900
2016-02-29,79.80999755859375,79.9800033569336,78.75,78.86000061035156,66.4256820678711,5358600
2016-03-01,79.69999694824219,80.91999816894531,79.13999938964844,80.12000274658203,67.48702239990234,5909800
2016-03-02,80.23999786376953,80.83000183105469,79.25,79.5,66.96475982666016,5610200
2016-03-03,79.86000061035156,80.55000305175781,79.08000183105469,80.01000213623047,67.39436340332031,5167400
2016-03-04,80.22000122070312,81.44999694824219,79.98999786376953,80.5,67.80709838867188,6414000
2016-03-07,80.02999877929688,81.56999969482422,79.75,81.44999694824219,68.6072998046875,6547800
2016-03-08,80.63999938964844,81.05999755859375,78.1500015258789,78.25,65.91189575195312,5925100
2016-03-09,78.9000015258789,80.19999694824219,78.66999816894531,80.13999938964844,67.50386047363281,6028500
2016-03-10,80.58999633789062,80.68000030517578,78.55999755859375,79.37999725341797,66.86370849609375,3949600
2016-03-11,80.18000030517578,81.37999725341797,79.91000366210938,81.26000213623047,68.44727325439453,3735000
2016-03-14,80.69999694824219,81.47000122070312,80.1500015258789,80.3499984741211,67.68075561523438,4365100
2016-03-15,79.62000274658203,80.1500015258789,78.62999725341797,80.1500015258789,67.51229095458984,4676600
2016-03-16,80.13999938964844,80.79000091552734,79.37000274658203,80.30999755859375,67.64705657958984,3225700
2016-03-17,80.70999908447266,83.2699966430664,79.61000061035156,83.08000183105469,69.98030853271484,4969800
2016-03-18,83.44999694824219,85.30000305175781,83.2699966430664,84.41999816894531,71.10900115966797,8389400
2016-03-21,84.38999938964844,84.9800033569336,83.47000122070312,83.9800033569336,70.7383804321289,3872600
2016-03-22,83.05000305175781,83.2699966430664,81.70999908447266,82.05999755859375,69.12113189697266,5142000
2016-03-23,82.12999725341797,82.3499984741211,81.38999938964844,81.5199966430664,68.66627502441406,4268400
2016-03-24,80.77999877929688,81.2699966430664,80.04000091552734,80.91999816894531,68.16088104248047,4212500
2016-03-28,80.75,80.91999816894531,78.47000122070312,78.80999755859375,66.38356018066406,6327000
2016-03-29,78.41000366210938,79.98999786376953,77.80000305175781,79.80000305175781,67.21746826171875,4381200
2016-03-30,80.4000015258789,81.44999694824219,80.16999816894531,80.55999755859375,67.85765075683594,3145900
2016-03-31,80.29000091552734,80.70999908447266,78.54000091552734,79.55000305175781,67.00688171386719,5116800
2016-04-01,78.81999969482422,79.41999816894531,78.02999877929688,78.91999816894531,66.47623443603516,4232900
2016-04-04,78.72000122070312,80.0199966430664,78.16999816894531,78.33999633789062,65.98768615722656,3464800
2016-04-05,77.55000305175781,78.9800033569336,77.29000091552734,78.62000274658203,66.22351837158203,3614300
2016-04-06,78.3499984741211,78.52999877929688,77.37000274658203,78.3499984741211,65.99610900878906,4374000
2016-04-07,77.95999908447266,78.66999816894531,77.41999816894531,78.0,65.7013168334961,4246100
2016-04-08,78.66000366210938,80.58000183105469,78.31999969482422,79.16999816894531,66.68682098388672,4211200
2016-04-11,79.13999938964844,80.51000213623047,78.58000183105469,78.69000244140625,66.28250885009766,4109600
2016-04-12,78.33000183105469,80.26000213623047,78.19000244140625,79.63999938964844,67.08270263671875,4628400
2016-04-13,80.66999816894531,82.1500015258789,80.16999816894531,81.72000122070312,68.83476257324219,4502000
2016-04-14,82.18000030517578,83.02999877929688,81.29000091552734,82.31999969482422,69.34013366699219,5102400
2016-04-15,82.19000244140625,82.41999816894531,81.0199966430664,81.20999908447266,68.40516662597656,3804000
2016-04-18,79.9800033569336,82.04000091552734,78.62000274658203,80.87999725341797,68.12716674804688,7348100
2016-04-19,81.9800033569336,83.0199966430664,81.33999633789062,82.23999786376953,69.27275085449219,6959400
2016-04-20,82.7300033569336,84.61000061035156,82.19999694824219,83.8499984741211,70.62890625,6302600
2016-04-21,86.5999984741211,88.6500015258789,85.19999694824219,87.31999969482422,73.55175018310547,9851900
2016-04-22,88.0,89.91000366210938,87.80999755859375,89.62999725341797,75.49752807617188,7055800
2016-04-25,89.08999633789062,89.30000305175781,86.88999938964844,87.61000061035156,73.7960433959961,4631700
2016-04-26,87.26000213623047,88.83999633789062,87.11000061035156,88.76000213623047,74.76471710205078,4831700
2016-04-27,88.79000091552734,89.80000305175781,88.66999816894531,89.16999816894531,75.11006164550781,3851800
2016-04-28,88.55999755859375,89.76000213623047,88.2699966430664,88.51000213623047,74.55411529541016,3863100
2016-04-29,87.86000061035156,89.2300033569336,86.7300033569336,87.2300033569336,73.4759521484375,5221100
2016-05-02,87.98999786376953,88.5,86.6500015258789,88.12000274658203,74.22559356689453,3492700
2016-05-03,87.16999816894531,87.33999633789062,85.68000030517578,86.7699966430664,73.08849334716797,4164300
2016-05-04,85.93000030517578,87.0199966430664,85.33000183105469,85.63999938964844,72.13664245605469,3532900
2016-05-05,86.12999725341797,86.55999755859375,85.08999633789062,85.19000244140625,71.75761413574219,4425800
2016-05-06,84.55999755859375,86.2699966430664,84.5,85.7300033569336,72.21246337890625,4009800
2016-05-09,85.66000366210938,85.66000366210938,84.13999938964844,84.62999725341797,71.28590393066406,4154700
2016-05-10,85.27999877929688,86.73999786376953,84.86000061035156,86.0999984741211,72.52412414550781,3341200
2016-05-11,86.0999984741211,86.4000015258789,84.4800033569336,84.48999786376953,71.16797637939453,4343600
2016-05-12,84.8499984741211,85.29000091552734,83.68000030517578,83.83999633789062,70.62047576904297,4178300
2016-05-13,83.52999877929688,83.83999633789062,81.79000091552734,82.0,69.07060241699219,4463300
2016-05-16,82.08999633789062,82.94999694824219,81.87999725341797,82.0199966430664,69.0874252319336,4194400
2016-05-17,82.0199966430664,83.4800033569336,81.54000091552734,82.19000244140625,69.23062896728516,5320400
2016-05-18,82.16999816894531,83.47000122070312,81.69999694824219,82.4800033569336,69.47491455078125,4426300
2016-05-19,81.55000305175781,81.81999969482422,80.68000030517578,81.44000244140625,68.59889221191406,3776700
2016-05-20,81.95999908447266,82.55999755859375,81.73999786376953,82.41000366210938,69.41593933105469,4366100
2016-05-23,82.25,82.61000061035156,81.44999694824219,81.48999786376953,68.64099884033203,3649100
2016-05-24,82.05999755859375,82.12999725341797,80.87000274658203,81.29000091552734,68.47254180908203,4679400
2016-05-25,81.83999633789062,83.22000122070312,81.55000305175781,82.91000366210938,69.83711242675781,3408500
2016-05-26,82.58000183105469,83.30999755859375,82.23999786376953,82.33999633789062,69.82015228271484,2978300
2016-05-27,82.37000274658203,83.08000183105469,81.79000091552734,82.97000122070312,70.35435485839844,3848200
2016-05-31,83.11000061035156,84.5199966430664,82.61000061035156,84.19000244140625,71.38884735107422,6086500
2016-06-01,83.62999725341797,84.19000244140625,82.91000366210938,84.11000061035156,71.32102966308594,4298500
2016-06-02,83.68000030517578,84.62999725341797,83.61000061035156,84.61000061035156,71.7449951171875,3507000
2016-06-03,85.55000305175781,86.6500015258789,84.61000061035156,86.37999725341797,73.24585723876953,4946700
2016-06-06,86.41999816894531,87.13999938964844,85.93000030517578,86.8499984741211,73.64442443847656,4361500
2016-06-07,86.68000030517578,88.08000183105469,86.68000030517578,87.56999969482422,74.25492858886719,3824500
2016-06-08,87.83000183105469,90.13999938964844,87.80000305175781,89.04000091552734,75.50140380859375,6135400
2016-06-09,88.52999877929688,89.52999877929688,88.04000091552734,89.38999938964844,75.79817199707031,3844800
2016-06-10,88.19999694824219,88.9000015258789,88.0999984741211,88.77999877929688,75.28092956542969,4315800
2016-06-13,88.48999786376953,89.61000061035156,88.22000122070312,88.70999908447266,75.22161102294922,4367800
2016-06-14,88.51000213623047,89.26000213623047,87.56999969482422,87.9800033569336,74.60259246826172,3993400
2016-06-15,88.36000061035156,88.66999816894531,87.44999694824219,87.54000091552734,74.2294921875,3963500
2016-06-16,86.83999633789062,87.30999755859375,85.5,87.08999633789062,73.84789276123047,3530300
2016-06-17,87.0,87.80000305175781,86.87000274658203,87.58000183105469,74.26339721679688,4141900
2016-06-20,88.36000061035156,89.25,87.9800033569336,88.08999633789062,74.69586181640625,4312100
2016-06-21,86.79000091552734,88.08999633789062,86.0,87.6500015258789,74.32276153564453,4146000
2016-06-22,87.76000213623047,88.04000091552734,87.31999969482422,87.48999786376953,74.18710327148438,3400000
2016-06-23,88.79000091552734,89.0,87.93000030517578,88.54000091552734,75.07745361328125,2691400
2016-06-24,85.44999694824219,86.37000274658203,84.13999938964844,85.25,72.2876968383789,14194000
2016-06-27,84.41999816894531,84.45999908447266,81.95999908447266,82.48999786376953,69.94734954833984,5885200
2016-06-28,83.2699966430664,84.86000061035156,83.0,84.80000305175781,71.9061050415039,5954400
2016-06-29,85.75,86.76000213623047,85.62999725341797,86.27999877929688,73.16106414794922,3763800
2016-06-30,86.73999786376953,87.38999938964844,84.80000305175781,87.25,73.98359680175781,5839500
2016-07-01,87.25,88.19000244140625,87.12000274658203,87.33999633789062,74.05989837646484,3772700
2016-07-05,86.8499984741211,87.48999786376953,86.7699966430664,87.16000366210938,73.9072494506836,4305700
2016-07-06,86.58999633789062,87.5199966430664,86.01000213623047,87.44000244140625,74.1446762084961,3740500
2016-07-07,87.98999786376953,88.47000122070312,87.58000183105469,88.02999877929688,74.64496612548828,4798700
2016-07-08,88.94000244140625,91.29000091552734,88.47000122070312,90.69000244140625,76.9005126953125,6448500
2016-07-11,90.70999908447266,91.62999725341797,90.69000244140625,91.38999938964844,77.49411010742188,5423200
2016-07-12,91.77999877929688,92.72000122070312,91.43000030517578,92.05999755859375,78.06221771240234,4120800
2016-07-13,92.55000305175781,94.79000091552734,92.04000091552734,94.13999938964844,79.8259506225586,5898900
2016-07-14,94.91999816894531,96.0,94.43000030517578,94.69999694824219,80.30079650878906,5331900
2016-07-15,94.97000122070312,95.33999633789062,93.70999908447266,93.9800033569336,79.6902847290039,4030900
2016-07-18,93.9800033569336,94.36000061035156,93.08000183105469,94.12000274658203,79.80899047851562,2721200
2016-07-19,93.45999908447266,94.05000305175781,92.87999725341797,93.94999694824219,79.66481018066406,3351300
2016-07-20,92.7300033569336,94.31999969482422,92.48999786376953,94.12000274658203,79.80899047851562,4244500
2016-07-21,91.0,92.30000305175781,90.72000122070312,90.93000030517578,77.10404205322266,6622300
2016-07-22,90.87000274658203,93.0199966430664,90.29000091552734,92.8499984741211,78.73209381103516,4208500
2016-07-25,92.70999908447266,92.76000213623047,91.86000061035156,92.27999877929688,78.2487564086914,2744500
2016-07-26,92.37999725341797,93.01000213623047,91.83000183105469,93.01000213623047,78.86776733398438,2890100
2016-07-27,92.7300033569336,92.94999694824219,90.94000244140625,91.62999725341797,77.69758605957031,3523100
2016-07-28,91.44000244140625,93.41000366210938,91.06999969482422,93.08000183105469,78.92711639404297,3104100
2016-07-29,92.55000305175781,93.30999755859375,92.26000213623047,93.05000305175781,78.90170288085938,2801100
2016-08-01,92.91999816894531,93.6500015258789,92.41000366210938,93.05999755859375,78.91015625,2797400
2016-08-02,92.38999938964844,92.58999633789062,90.68000030517578,91.30000305175781,77.41778564453125,3787000
2016-08-03,91.54000091552734,93.19000244140625,91.4000015258789,92.87000274658203,78.74905395507812,3907400
2016-08-04,92.37000274658203,93.08999633789062,91.94000244140625,92.66999816894531,78.5794448852539,2245900
2016-08-05,93.16999816894531,94.6500015258789,92.62000274658203,93.8499984741211,79.58003997802734,3146700
2016-08-08,93.87999725341797,94.94999694824219,93.66999816894531,93.86000061035156,79.5885238647461,2491900
2016-08-09,93.75,94.18000030517578,93.0,93.06999969482422,78.91864776611328,2416200
2016-08-10,93.41000366210938,93.44999694824219,92.22000122070312,92.44000244140625,78.38443756103516,2568200
2016-08-11,92.72000122070312,93.44999694824219,92.61000061035156,92.95999908447266,78.82537841796875,2525100
2016-08-12,92.66999816894531,92.66999816894531,91.73999786376953,91.9000015258789,77.92652893066406,2898400
2016-08-15,92.45999908447266,93.2699966430664,92.27999877929688,92.5,78.43531799316406,2733900
2016-08-16,92.20999908447266,93.0,91.87999725341797,92.88999938964844,78.76599884033203,3787500
2016-08-17,92.7699966430664,94.63999938964844,92.6500015258789,94.56999969482422,80.19055938720703,4718400
2016-08-18,94.16999816894531,96.05000305175781,93.62999725341797,95.83000183105469,81.25899505615234,5063400
2016-08-19,95.69000244140625,95.8499984741211,95.2699966430664,95.68000030517578,81.13177490234375,3027100
2016-08-22,95.30000305175781,95.80000305175781,95.05999755859375,95.33000183105469,80.83500671386719,1947900
2016-08-23,95.91000366210938,96.2300033569336,95.58000183105469,96.01000213623047,81.41160583496094,2300600
2016-08-24,96.01000213623047,96.05999755859375,95.2699966430664,95.4800033569336,80.96222686767578,2504200
2016-08-25,95.31999969482422,95.81999969482422,94.95999908447266,95.08000183105469,80.62303161621094,1853000
2016-08-26,95.3499984741211,95.9800033569336,94.73999786376953,95.12000274658203,80.65695190429688,2531800
2016-08-29,94.86000061035156,96.18000030517578,94.41000366210938,96.05999755859375,81.927734375,2746200
2016-08-30,96.0,96.27999877929688,95.4800033569336,95.8499984741211,81.7486343383789,2426700
2016-08-31,95.33000183105469,95.87999725341797,94.6500015258789,95.52999877929688,81.47569274902344,2864100
2016-09-01,95.63999938964844,95.9800033569336,94.68000030517578,95.29000091552734,81.27101135253906,2068100
2016-09-02,95.61000061035156,95.94999694824219,94.87000274658203,95.27999877929688,81.26250457763672,2095900
2016-09-06,95.62999725341797,96.08999633789062,95.23999786376953,95.97000122070312,81.85096740722656,2269100
2016-09-07,95.69000244140625,97.05000305175781,95.69000244140625,96.27999877929688,82.11536407470703,2437500
2016-09-08,96.30000305175781,96.8499984741211,95.75,96.62999725341797,82.41387939453125,2096300
2016-09-09,95.44000244140625,96.05999755859375,92.72000122070312,92.72000122070312,79.0791015625,4321100
2016-09-12,91.91000366210938,94.69999694824219,91.47000122070312,93.80999755859375,80.00875091552734,4670700
2016-09-13,93.05000305175781,93.62999725341797,91.9800033569336,92.44000244140625,78.84029388427734,3717200
2016-09-14,92.37999725341797,93.33000183105469,92.19999694824219,92.72000122070312,79.0791015625,2883900
2016-09-15,92.27999877929688,93.23999786376953,91.31999969482422,92.94000244140625,79.2667465209961,3383300
2016-09-16,92.5,93.13999938964844,91.76000213623047,92.37999725341797,78.78913879394531,5185700
2016-09-19,92.97000122070312,93.68000030517578,92.7300033569336,93.08999633789062,79.3946533203125,3195700
2016-09-20,93.52999877929688,93.68000030517578,92.91000366210938,93.13999938964844,79.43730926513672,2477400
2016-09-21,93.61000061035156,95.22000122070312,93.61000061035156,95.02999877929688,81.04926300048828,2524000
2016-09-22,95.77999877929688,96.16999816894531,95.02999877929688,95.08000183105469,81.09190368652344,2960900
2016-09-23,94.77999877929688,94.93000030517578,94.22000122070312,94.33000183105469,80.4522705078125,2912900
2016-09-26,94.11000061035156,94.45999908447266,93.52999877929688,94.18000030517578,80.3243179321289,3625100
2016-09-27,94.12999725341797,95.36000061035156,93.79000091552734,94.8499984741211,80.89574432373047,3167400
2016-09-28,94.9800033569336,96.2300033569336,94.94000244140625,96.16000366210938,82.0130386352539,2533500
2016-09-29,96.23999786376953,96.79000091552734,95.5,95.95999908447266,81.84246063232422,2671900
2016-09-30,96.77999877929688,98.0,96.61000061035156,97.52999877929688,83.18146514892578,5190800
2016-10-03,97.18000030517578,97.88999938964844,97.05999755859375,97.3499984741211,83.02794647216797,2378700
2016-10-04,97.56999969482422,98.16000366210938,96.56999969482422,96.66999816894531,82.44800567626953,2626300
2016-10-05,97.20999908447266,98.83999633789062,96.98999786376953,98.54000091552734,84.04287719726562,3225300
2016-10-06,98.36000061035156,98.80000305175781,97.94999694824219,98.3499984741211,83.8808364868164,3088700
2016-10-07,98.41999816894531,98.63999938964844,97.30999755859375,98.06999969482422,83.64204406738281,3275100
2016-10-10,98.5199966430664,98.72000122070312,97.26000213623047,97.3499984741211,83.02794647216797,3041800
2016-10-11,97.31999969482422,97.4800033569336,96.01000213623047,96.54000091552734,82.33712768554688,4202400
2016-10-12,96.73999786376953,96.80000305175781,95.56999969482422,95.91000366210938,81.7998046875,3419700
2016-10-13,95.38999938964844,97.11000061035156,94.30000305175781,96.73999786376953,82.50769805908203,4311600
2016-10-14,97.06999969482422,98.26000213623047,96.83000183105469,96.83999633789062,82.59297943115234,4927400
2016-10-17,96.70999908447266,97.12000274658203,96.44000244140625,96.7699966430664,82.53328704833984,2363300
2016-10-18,97.5999984741211,98.06999969482422,96.66999816894531,96.72000122070312,82.49063110351562,3565800
2016-10-19,96.6500015258789,98.44000244140625,96.26000213623047,97.12000274658203,82.83179473876953,3706800
2016-10-20,94.4000015258789,95.0,89.80999755859375,90.63999938964844,77.30509948730469,16101900
2016-10-21,89.56999969482422,91.5,89.37000274658203,90.37000274658203,77.0748519897461,8288700
2016-10-24,90.77999877929688,91.48999786376953,89.7699966430664,89.87999725341797,76.65692138671875,7038000
2016-10-25,89.7300033569336,90.41999816894531,89.1500015258789,89.98999786376953,76.75076293945312,5599100
2016-10-26,90.0199966430664,90.0199966430664,88.62999725341797,89.05000305175781,75.94903564453125,4750200
2016-10-27,89.20999908447266,89.38999938964844,88.58000183105469,88.81999969482422,75.75286865234375,4367100
2016-10-28,88.94000244140625,89.31999969482422,87.79000091552734,88.37000274658203,75.36909484863281,3784400
2016-10-31,88.75,89.06999969482422,88.11000061035156,88.18000030517578,75.20702362060547,3681200
2016-11-01,88.6500015258789,88.88999938964844,87.05999755859375,87.88999938964844,74.9596939086914,3980500
2016-11-02,88.08000183105469,89.30999755859375,87.73999786376953,88.69000244140625,75.64201354980469,4437400
2016-11-03,88.68000030517578,89.63999938964844,88.25,88.7699966430664,75.7102279663086,4468600
2016-11-04,88.69999694824219,89.4800033569336,88.37999725341797,88.76000213623047,75.70172119140625,3745700
2016-11-07,90.0,90.87999725341797,89.8499984741211,90.75,77.3989486694336,4556500
2016-11-08,90.79000091552734,90.95999908447266,89.72000122070312,90.5999984741211,77.27100372314453,4268500
2016-11-09,87.87999725341797,94.95999908447266,87.87999725341797,93.94999694824219,80.12813568115234,9655200
2016-11-10,95.12999725341797,98.79000091552734,95.02999877929688,97.48999786376953,83.14735412597656,8952900
2016-11-11,97.05000305175781,97.69999694824219,95.66999816894531,96.87999725341797,82.62708282470703,6664200
2016-11-14,97.5199966430664,100.62999725341797,97.51000213623047,99.43000030517578,84.80194091796875,6617000
2016-11-15,99.18000030517578,99.54000091552734,97.91999816894531,99.11000061035156,84.52902221679688,4263200
2016-11-16,98.37999725341797,99.05999755859375,97.72000122070312,98.01000213623047,83.59085845947266,2866100
2016-11-17,97.72000122070312,98.94000244140625,97.4800033569336,98.80999755859375,84.27314758300781,4379500
2016-11-18,98.93000030517578,100.0,98.5999984741211,99.83000183105469,85.1430892944336,3653400
2016-11-21,100.0999984741211,101.62999725341797,100.0,100.75,85.9277572631836,3385300
2016-11-22,101.0999984741211,101.22000122070312,100.38999938964844,100.48999786376953,85.70599365234375,3350900
2016-11-23,100.70999908447266,101.69999694824219,100.66000366210938,101.38999938964844,86.47357940673828,3154300
2016-11-25,101.44999694824219,102.16000366210938,101.12999725341797,102.0999984741211,87.07913208007812,1680900
2016-11-28,101.31999969482422,101.38999938964844,100.43000030517578,100.69000244140625,86.38845825195312,3533800
2016-11-29,100.52999877929688,101.05000305175781,100.0999984741211,100.56999969482422,86.28551483154297,2945900
2016-11-30,101.36000061035156,102.7300033569336,101.26000213623047,101.33000183105469,86.93756866455078,6190700
2016-12-01,101.83999633789062,103.95999908447266,101.61000061035156,103.38999938964844,88.70498657226562,4748200
2016-12-02,103.37999725341797,103.5999984741211,102.0199966430664,102.6500015258789,88.07008361816406,3511000
2016-12-05,103.31999969482422,103.75,102.80999755859375,102.83999633789062,88.23309326171875,3459300
2016-12-06,103.0,103.30999755859375,102.30000305175781,103.1500015258789,88.49906158447266,3228400
2016-12-07,103.48999786376953,106.5,102.72000122070312,106.33000183105469,91.22740936279297,4936100
2016-12-08,106.31999969482422,106.62000274658203,104.73999786376953,105.37000274658203,90.40375518798828,3862000
2016-12-09,104.88999938964844,105.4800033569336,104.02999877929688,104.98999786376953,90.07772827148438,4098800
2016-12-12,105.33000183105469,105.33000183105469,102.91000366210938,104.31999969482422,89.50288391113281,4136500
2016-12-13,104.58999633789062,104.73999786376953,103.12000274658203,104.04000091552734,89.26265716552734,4144300
2016-12-14,104.25,104.83000183105469,102.66999816894531,102.81999969482422,88.2159423828125,3549600
2016-12-15,102.9800033569336,104.94000244140625,102.51000213623047,104.68000030517578,89.81175231933594,4479800
2016-12-16,104.73999786376953,104.97000122070312,103.05000305175781,103.30999755859375,88.63633728027344,6610300
2016-12-19,103.08000183105469,103.88999938964844,102.62999725341797,103.4000015258789,88.71353912353516,2859400
2016-12-20,103.80999755859375,104.7699966430664,103.54000091552734,104.6500015258789,89.7860107421875,3026700
2016-12-21,104.69999694824219,105.55000305175781,104.05000305175781,104.6500015258789,89.7860107421875,2210900
2016-12-22,104.12000274658203,105.27999877929688,103.37000274658203,105.19000244140625,90.24931335449219,2994800
2016-12-23,105.2300033569336,105.2699966430664,104.31999969482422,105.18000030517578,90.24073028564453,2146200
2016-12-27,105.51000213623047,105.93000030517578,105.20999908447266,105.70999908447266,90.6954574584961,1518200
2016-12-28,105.75,106.31999969482422,104.58999633789062,104.76000213623047,89.88040161132812,1799000
2016-12-29,104.87999725341797,105.25,103.98999786376953,104.41999816894531,89.58867645263672,2122900
2016-12-30,104.18000030517578,104.83999633789062,103.25,103.68000030517578,88.95378875732422,2914700
2017-01-03,104.4800033569336,105.29000091552734,102.06999969482422,102.5199966430664,87.95854187011719,3824300
2017-01-04,102.88999938964844,104.30999755859375,102.51000213623047,103.13999938964844,88.490478515625,3668300
2017-01-05,103.02999877929688,103.36000061035156,101.22000122070312,102.12999725341797,87.62393951416016,4180400
2017-01-06,102.02999877929688,103.7699966430664,101.19999694824219,103.19000244140625,88.53337097167969,3862400
2017-01-09,103.7300033569336,103.73999786376953,101.9000015258789,102.41999816894531,87.87275695800781,2968600
2017-01-10,102.55999755859375,104.23999786376953,101.91000366210938,103.41999816894531,88.73069763183594,3562700
2017-01-11,103.3499984741211,104.83000183105469,103.02999877929688,104.2699966430664,89.4599838256836,2864800
2017-01-12,104.2699966430664,104.95999908447266,103.3499984741211,104.69999694824219,89.82891082763672,2397000
2017-01-13,104.51000213623047,105.44999694824219,104.27999877929688,105.25,90.30077362060547,2743400
2017-01-17,104.69999694824219,104.81999969482422,102.8499984741211,103.37000274658203,88.68781280517578,3401800
2017-01-18,102.26000213623047,104.37000274658203,101.52999877929688,103.7699966430664,89.031005859375,5363900
2017-01-19,108.20999908447266,108.9800033569336,105.44000244140625,106.23999786376953,91.15018463134766,10103900
2017-01-20,106.83000183105469,108.63999938964844,106.61000061035156,108.5999984741211,93.17497253417969,6440000
2017-01-23,108.63999938964844,108.63999938964844,106.93000030517578,107.98999786376953,92.65160369873047,3932200
2017-01-24,108.1500015258789,109.25,107.5999984741211,108.72000122070312,93.27791595458984,4564900
2017-01-25,109.29000091552734,111.0,109.01000213623047,110.41999816894531,94.73646545410156,5137900
2017-01-26,110.25,111.37999725341797,109.4800033569336,110.1500015258789,94.50482177734375,4607200
2017-01-27,110.3499984741211,110.36000061035156,108.13999938964844,109.19999694824219,93.68974304199219,3555400
2017-01-30,108.94000244140625,108.95999908447266,106.33999633789062,108.0,92.66018676757812,5334200
2017-01-31,108.12999725341797,108.58000183105469,106.22000122070312,106.58000183105469,91.44187927246094,4534600
2017-02-01,107.04000091552734,108.06999969482422,106.4000015258789,107.69999694824219,92.40279388427734,4374500
2017-02-02,107.19999694824219,107.58000183105469,105.9000015258789,107.30000305175781,92.05961608886719,4225900
2017-02-03,107.4800033569336,108.83999633789062,107.3499984741211,108.51000213623047,93.0977554321289,3249600
2017-02-06,108.36000061035156,108.69000244140625,107.58000183105469,107.69000244140625,92.39421844482422,2858100
2017-02-07,108.19000244140625,108.76000213623047,107.3499984741211,107.6500015258789,92.35989379882812,3493400
2017-02-08,107.5199966430664,107.93000030517578,106.2699966430664,107.33999633789062,92.09393310546875,3901400
2017-02-09,107.33999633789062,107.87999725341797,107.12000274658203,107.41999816894531,92.1625747680664,3603900
2017-02-10,107.87999725341797,108.48999786376953,107.70999908447266,107.87000274658203,92.54865264892578,2778000
2017-02-13,108.08999633789062,109.30000305175781,107.88999938964844,108.31999969482422,92.93473815917969,2640000
2017-02-14,108.06999969482422,109.16000366210938,107.73999786376953,109.16000366210938,93.65544891357422,2890300
2017-02-15,108.52999877929688,109.98999786376953,108.16999816894531,109.77999877929688,94.18737030029297,3352900
2017-02-16,109.4800033569336,110.0,108.5,109.38999938964844,93.85274505615234,2811100
2017-02-17,109.43000030517578,109.81999969482422,107.95999908447266,109.81999969482422,94.22168731689453,4246300
2017-02-21,110.0,110.81999969482422,109.3499984741211,109.66999816894531,94.0929946899414,4169800
2017-02-22,109.18000030517578,109.44000244140625,107.94999694824219,108.87000274658203,93.40662384033203,4206100
2017-02-23,109.13999938964844,109.5,106.26000213623047,106.69999694824219,91.5448226928711,4876600
2017-02-24,105.61000061035156,107.76000213623047,105.16999816894531,107.73999786376953,92.9642333984375,4632500
2017-02-27,107.81999969482422,108.0,106.4800033569336,107.5,92.75714111328125,3288500
2017-02-28,107.52999877929688,108.08000183105469,107.08999633789062,107.94000244140625,93.13682556152344,3756600
2017-03-01,109.04000091552734,110.6500015258789,109.04000091552734,110.11000061035156,95.00921630859375,4064900
2017-03-02,110.05000305175781,110.23999786376953,108.91000366210938,109.05000305175781,94.0945816040039,2739700
2017-03-03,109.08000183105469,109.27999877929688,108.23999786376953,109.0199966430664,94.06871032714844,2304900
2017-03-06,108.76000213623047,109.63999938964844,108.5,109.43000030517578,94.42247009277344,2989100
2017-03-07,109.0999984741211,109.5199966430664,108.16000366210938,108.36000061035156,93.49923706054688,3331200
2017-03-08,108.36000061035156,108.45999908447266,106.41000366210938,106.70999908447266,92.07550048828125,3454900
2017-03-09,106.80999755859375,107.13999938964844,105.73999786376953,106.18000030517578,91.61819458007812,4131200
2017-03-10,106.88999938964844,106.98999786376953,105.72000122070312,106.27999877929688,91.70447540283203,3316200
2017-03-13,106.36000061035156,106.79000091552734,105.94999694824219,106.44999694824219,91.85115814208984,3514800
2017-03-14,105.94999694824219,106.27999877929688,104.31999969482422,104.37000274658203,90.05641174316406,4303800
2017-03-15,104.58999633789062,106.13999938964844,104.0999984741211,105.58000183105469,91.10047149658203,3496100
2017-03-16,105.5,106.31999969482422,105.0,105.44999694824219,90.98828887939453,3645300
2017-03-17,105.43000030517578,106.05000305175781,105.0999984741211,105.98999786376953,91.4542236328125,11395400
2017-03-20,105.75,105.9800033569336,105.0,105.08000183105469,90.66903686523438,3444900
2017-03-21,105.44000244140625,105.61000061035156,103.19999694824219,103.6500015258789,89.43514251708984,3846300
2017-03-22,103.55000305175781,104.5,103.06999969482422,104.05999755859375,89.78893280029297,4101200
2017-03-23,103.98999786376953,105.13999938964844,103.5999984741211,103.87000274658203,89.62496948242188,2587700
2017-03-24,103.98999786376953,104.61000061035156,103.44000244140625,103.95999908447266,89.70263671875,2734700
2017-03-27,102.9000015258789,104.5199966430664,102.41000366210938,104.0199966430664,89.75442504882812,3812000
2017-03-28,104.05000305175781,105.88999938964844,103.83000183105469,105.5,91.03142547607422,4237100
2017-03-29,104.80999755859375,106.16999816894531,104.41000366210938,105.58000183105469,91.10047149658203,2905000
2017-03-30,105.73999786376953,107.45999908447266,105.31999969482422,106.94000244140625,92.27395629882812,2961000
2017-03-31,106.9800033569336,107.08999633789062,105.9000015258789,105.91999816894531,91.39382934570312,2888300
2017-04-03,106.16000366210938,106.77999877929688,105.08000183105469,105.5,91.03142547607422,2889000
2017-04-04,105.70999908447266,107.23999786376953,105.12999725341797,107.19999694824219,92.49828338623047,3445400
2017-04-05,107.94999694824219,109.54000091552734,106.56999969482422,106.76000213623047,92.11863708496094,2938100
2017-04-06,104.79000091552734,107.38999938964844,104.7699966430664,107.06999969482422,92.38611602783203,4556100
2017-04-07,107.33000183105469,107.77999877929688,106.56999969482422,107.02999877929688,92.35160827636719,2205000
2017-04-10,107.56999969482422,108.38999938964844,107.44999694824219,107.62000274658203,92.8606948852539,2631700
2017-04-11,107.20999908447266,107.7699966430664,106.26000213623047,107.61000061035156,92.85205841064453,2298800
2017-04-12,108.08000183105469,108.12999725341797,105.4800033569336,105.56999969482422,91.09184265136719,3046400
2017-04-13,105.5,106.06999969482422,104.77999877929688,104.77999877929688,90.41018676757812,2372700
2017-04-17,104.9000015258789,106.01000213623047,104.12000274658203,105.9800033569336,91.44559478759766,2773900
2017-04-18,105.4800033569336,106.68000030517578,105.19000244140625,106.23999786376953,91.66996765136719,2767000
2017-04-19,106.79000091552734,107.77999877929688,106.2699966430664,106.79000091552734,92.14452362060547,3344300
2017-04-20,108.16999816894531,109.3499984741211,107.87000274658203,107.9000015258789,93.10231018066406,4201600
2017-04-21,108.19999694824219,108.77999877929688,107.62999725341797,108.27999877929688,93.43017578125,3144000
2017-04-24,109.5,109.9800033569336,109.16000366210938,109.33000183105469,94.33617401123047,3218000
2017-04-25,109.33000183105469,110.76000213623047,109.05999755859375,110.4800033569336,95.32848358154297,3990700
2017-04-26,110.55000305175781,111.95999908447266,109.83000183105469,110.16999816894531,95.06097412109375,6303700
2017-04-27,112.0199966430664,115.1500015258789,111.88999938964844,113.52999877929688,97.96018981933594,5156600
2017-04-28,113.52999877929688,113.94999694824219,111.30999755859375,111.95999908447266,96.60549926757812,3554700
2017-05-01,112.43000030517578,112.68000030517578,111.5999984741211,111.5999984741211,96.29486083984375,2888300
2017-05-02,111.75,112.27999877929688,110.94000244140625,111.08999633789062,95.85481262207031,3820300
2017-05-03,110.66000366210938,111.20999908447266,110.33999633789062,110.87999725341797,95.67362213134766,2696500
2017-05-04,111.20999908447266,111.5999984741211,110.12000274658203,110.33000183105469,95.19906616210938,2627800
2017-05-05,110.58999633789062,110.75,110.12000274658203,110.72000122070312,95.53557586669922,3078900
2017-05-08,110.38999938964844,110.79000091552734,109.75,110.0199966430664,94.93154907226562,3426100
2017-05-09,109.86000061035156,110.62000274658203,109.5199966430664,109.95999908447266,94.87977600097656,2423600
2017-05-10,110.12000274658203,110.12000274658203,108.97000122070312,109.31999969482422,94.32752990722656,3551200
2017-05-11,108.98999786376953,110.62000274658203,108.73999786376953,110.0999984741211,95.00057983398438,3837700
2017-05-12,109.6500015258789,110.79000091552734,109.6500015258789,110.4800033569336,95.32848358154297,3609900
2017-05-15,110.55999755859375,111.52999877929688,110.5,111.27999877929688,96.01873779296875,2477500
2017-05-16,111.72000122070312,111.83000183105469,110.5999984741211,111.0,95.77714538574219,2567900
2017-05-17,111.0,111.0,106.37999725341797,106.55999755859375,91.94606018066406,4445100
2017-05-18,106.12999725341797,108.62000274658203,105.5,107.13999938964844,92.44652557373047,4642300
2017-05-19,107.4000015258789,108.12999725341797,106.83999633789062,107.05000305175781,92.36886596679688,3600700
2017-05-22,107.52999877929688,108.0999984741211,106.80999755859375,107.83000183105469,93.0418930053711,3023400
2017-05-23,107.95999908447266,108.44999694824219,107.29000091552734,108.0,93.18859100341797,2732500
2017-05-24,107.9000015258789,108.63999938964844,107.44000244140625,108.05000305175781,93.23172760009766,2931700
2017-05-25,108.62000274658203,109.95999908447266,108.18000030517578,109.69999694824219,94.65543365478516,3872700
2017-05-26,108.80999755859375,110.75,108.54000091552734,110.56999969482422,95.9352035522461,3901900
2017-05-30,110.06999969482422,111.04000091552734,109.80000305175781,110.80999755859375,96.14346313476562,2958300
2017-05-31,110.9800033569336,111.0,109.36000061035156,110.30000305175781,95.70093536376953,4994300
2017-06-01,110.58000183105469,111.19000244140625,110.0,110.58999633789062,95.95255279541016,2783500
2017-06-02,110.88999938964844,112.26000213623047,110.25,111.19999694824219,96.48182678222656,3435500
2017-06-05,111.4000015258789,111.47000122070312,110.02999877929688,110.19000244140625,95.60551452636719,2825000
2017-06-06,109.69000244140625,110.12000274658203,108.91000366210938,108.95999908447266,94.5383071899414,2922500
2017-06-07,109.19999694824219,109.4800033569336,108.4800033569336,109.11000061035156,94.66845703125,2537200
2017-06-08,109.11000061035156,110.0199966430664,108.76000213623047,109.83999633789062,95.30184173583984,3169400
2017-06-09,110.0,110.29000091552734,108.51000213623047,109.75,95.22376251220703,2496500
2017-06-12,109.7300033569336,110.23999786376953,109.29000091552734,110.12999725341797,95.55345153808594,3543400
2017-06-13,110.19000244140625,111.66000366210938,110.0,111.54000091552734,96.77684020996094,2384700
2017-06-14,111.69999694824219,111.72000122070312,109.3499984741211,109.80000305175781,95.26712799072266,3033400
2017-06-15,109.02999877929688,110.80999755859375,108.81999969482422,110.66999816894531,96.02198791503906,2826800
2017-06-16,110.86000061035156,111.37999725341797,109.94000244140625,111.37999725341797,96.63800048828125,4136300
2017-06-19,111.69999694824219,112.11000061035156,110.76000213623047,111.83000183105469,97.02843475341797,3238200
2017-06-20,111.25,111.54000091552734,108.2699966430664,108.3499984741211,94.00906372070312,4406900
2017-06-21,108.5199966430664,108.54000091552734,107.58000183105469,107.62000274658203,93.37567138671875,3723600
2017-06-22,107.9000015258789,107.9000015258789,106.58999633789062,107.38999938964844,93.17610931396484,3098700
2017-06-23,107.19000244140625,109.04000091552734,106.80999755859375,108.0999984741211,93.79212188720703,14115500
2017-06-26,108.43000030517578,109.13999938964844,107.47000122070312,108.02999877929688,93.73139953613281,3001900
2017-06-27,108.13999938964844,108.4000015258789,107.33000183105469,107.3499984741211,93.14138793945312,3173100
2017-06-28,108.27999877929688,108.95999908447266,107.69999694824219,108.7699966430664,94.37345123291016,3568600
2017-06-29,109.16000366210938,109.33999633789062,107.80999755859375,107.88999938964844,93.60993194580078,2404900
2017-06-30,108.19999694824219,109.55000305175781,107.86000061035156,108.91000366210938,94.49491882324219,3479200
2017-07-03,109.0199966430664,110.37999725341797,109.0199966430664,110.04000091552734,95.47537994384766,1806600
2017-07-05,110.12999725341797,110.13999938964844,108.23999786376953,108.25,93.92228698730469,2668100
2017-07-06,107.75,108.45999908447266,107.31999969482422,107.76000213623047,93.49713897705078,2984200
2017-07-07,107.88999938964844,108.55999755859375,106.83999633789062,108.3499984741211,94.00906372070312,2803200
2017-07-10,108.0,109.4800033569336,107.8499984741211,108.5,94.1391830444336,3467100
2017-07-11,108.70999908447266,109.04000091552734,107.69999694824219,108.58999633789062,94.21729278564453,2356900
2017-07-12,109.05999755859375,110.22000122070312,108.8499984741211,109.20999908447266,94.75521850585938,2490200
2017-07-13,109.23999786376953,109.55999755859375,108.38999938964844,108.8499984741211,94.44287109375,2155100
2017-07-14,109.13999938964844,109.72000122070312,108.7300033569336,109.52999877929688,95.0328598022461,2106700
2017-07-17,109.38999938964844,109.44000244140625,108.66000366210938,109.05000305175781,94.61639404296875,2431400
2017-07-18,108.98999786376953,109.56999969482422,108.5199966430664,109.25,94.78992462158203,2349600
2017-07-19,108.20999908447266,108.97000122070312,106.87000274658203,107.83999633789062,93.56654357910156,4192400
2017-07-20,108.7699966430664,109.05000305175781,104.2699966430664,106.13999938964844,92.09156799316406,6779600
2017-07-21,105.08999633789062,105.75,104.69999694824219,104.8499984741211,90.97230529785156,5562600
2017-07-24,104.76000213623047,105.41999816894531,103.6500015258789,103.66000366210938,89.93980407714844,5340800
2017-07-25,104.29000091552734,105.33999633789062,103.69999694824219,104.95999908447266,91.0677490234375,3923400
2017-07-26,105.08999633789062,105.2699966430664,103.87000274658203,104.41999816894531,90.59919738769531,3263600
2017-07-27,103.97000122070312,103.98999786376953,101.05999755859375,101.4000015258789,87.97891998291016,6443800
2017-07-28,101.41000366210938,103.38999938964844,101.41000366210938,103.30000305175781,89.62745666503906,4471000
2017-07-31,103.45999908447266,103.97000122070312,102.91000366210938,102.95999908447266,89.33245086669922,4266500
2017-08-01,102.95999908447266,102.98999786376953,101.7300033569336,101.9800033569336,88.4821548461914,4379700
2017-08-02,101.83000183105469,102.75,101.72000122070312,102.33000183105469,88.78585052490234,4470800
2017-08-03,102.56999969482422,103.02999877929688,102.2699966430664,102.55000305175781,88.97672271728516,4750200
2017-08-04,102.69000244140625,103.41999816894531,102.0,102.4800033569336,88.91597747802734,4142600
2017-08-07,102.3499984741211,102.73999786376953,102.0,102.56999969482422,88.99406433105469,2543400
2017-08-08,102.19999694824219,104.31999969482422,101.9000015258789,103.05999755859375,89.4192123413086,3282400
2017-08-09,102.62999725341797,103.81999969482422,102.51000213623047,103.7699966430664,90.03523254394531,3063800
2017-08-10,103.4000015258789,104.44000244140625,102.63999938964844,102.69000244140625,89.09819030761719,3509100
2017-08-11,103.20999908447266,104.58999633789062,102.9000015258789,103.56999969482422,89.86170959472656,3340900
2017-08-14,104.30999755859375,105.16999816894531,104.19999694824219,104.7300033569336,90.86817932128906,3189800
2017-08-15,104.94999694824219,104.97000122070312,104.30999755859375,104.8499984741211,90.97230529785156,2652300
2017-08-16,105.11000061035156,106.12999725341797,104.72000122070312,105.8499984741211,91.83992767333984,2915500
2017-08-17,105.37000274658203,105.63999938964844,103.16000366210938,103.18000030517578,89.52336120605469,3266800
2017-08-18,103.36000061035156,104.61000061035156,102.87000274658203,103.9000015258789,90.14804077148438,3243600
2017-08-21,104.02999877929688,104.44999694824219,103.37000274658203,104.30999755859375,90.5037841796875,2274500
2017-08-22,104.76000213623047,106.44999694824219,104.76000213623047,106.20999908447266,92.15229797363281,2993600
2017-08-23,105.77999877929688,106.37999725341797,104.91000366210938,105.04000091552734,91.13715362548828,2844000
2017-08-24,105.38999938964844,105.5,104.43000030517578,104.56999969482422,90.72936248779297,2768700
2017-08-25,105.30000305175781,106.25,105.12999725341797,105.25,91.31936645507812,2473300
2017-08-28,105.4000015258789,105.6500015258789,104.31999969482422,104.55000305175781,90.71199798583984,2764600
2017-08-29,103.7699966430664,105.20999908447266,103.41000366210938,104.97000122070312,91.60652160644531,3191600
2017-08-30,105.0,105.58000183105469,104.79000091552734,104.94000244140625,91.58032989501953,2592700
2017-08-31,105.30999755859375,105.79000091552734,104.83999633789062,105.30000305175781,91.89449310302734,2744400
2017-09-01,105.63999938964844,106.2699966430664,104.77999877929688,105.47000122070312,92.0428695678711,2347700
2017-09-05,105.08999633789062,105.3499984741211,103.8499984741211,104.0999984741211,90.8472900390625,2598700
2017-09-06,104.6500015258789,106.2699966430664,104.51000213623047,105.01000213623047,91.64141845703125,4378700
2017-09-07,105.20999908447266,105.73999786376953,104.80000305175781,105.48999786376953,92.06031036376953,3622900
2017-09-08,105.63999938964844,107.29000091552734,104.97000122070312,107.20999908447266,93.56133270263672,3228200
2017-09-11,107.30000305175781,108.11000061035156,107.19999694824219,108.0999984741211,94.33802795410156,3818100
2017-09-12,107.91000366210938,108.94000244140625,107.77999877929688,108.4800033569336,94.66967010498047,2321800
2017-09-13,108.22000122070312,108.69000244140625,107.88999938964844,108.66000366210938,94.82674407958984,2106100
2017-09-14,108.68000030517578,110.87999725341797,108.30999755859375,110.86000061035156,96.74668884277344,4272300
2017-09-15,111.80000305175781,113.4000015258789,111.11000061035156,113.4000015258789,98.96331024169922,8269900
2017-09-18,113.19999694824219,113.27999877929688,111.93000030517578,112.02999877929688,97.76771545410156,3669200
2017-09-19,112.38999938964844,113.18000030517578,112.11000061035156,113.0,98.61425018310547,4168900
2017-09-20,113.0,115.02999877929688,112.80999755859375,115.0,100.35963439941406,3958800
2017-09-21,114.98999786376953,115.68000030517578,113.75,115.44000244140625,100.74360656738281,3002200
2017-09-22,115.19999694824219,115.58000183105469,114.6500015258789,115.33999633789062,100.65634155273438,2297600
2017-09-25,115.44999694824219,115.95999908447266,114.7300033569336,115.79000091552734,101.0490493774414,2783000
2017-09-26,115.9000015258789,115.9000015258789,115.08999633789062,115.43000030517578,100.73487854003906,2976900
2017-09-27,115.72000122070312,116.73999786376953,114.94999694824219,116.63999938964844,101.79084014892578,2619200
2017-09-28,116.29000091552734,116.93000030517578,115.9000015258789,115.97000122070312,101.20616149902344,1982800
2017-09-29,115.91999816894531,116.26000213623047,115.62999725341797,115.97000122070312,101.20616149902344,2317200
2017-10-02,115.37999725341797,115.55000305175781,114.33000183105469,115.26000213623047,100.58653259277344,3222200
2017-10-03,115.0199966430664,115.22000122070312,114.37000274658203,114.88999938964844,100.26360321044922,2783900
2017-10-04,114.1500015258789,114.45999908447266,113.37999725341797,113.7699966430664,99.28621673583984,3229600
2017-10-05,113.56999969482422,114.06999969482422,112.87999725341797,114.0199966430664,99.50438690185547,2811500
2017-10-06,113.94000244140625,114.72000122070312,113.04000091552734,113.94999694824219,99.44329071044922,2200100
2017-10-09,113.79000091552734,114.36000061035156,113.37000274658203,113.87999725341797,99.3822021484375,1741900
2017-10-10,114.0,114.30999755859375,112.48999786376953,112.62999725341797,98.29133605957031,2772200
2017-10-11,112.69000244140625,113.22000122070312,112.55999755859375,113.05000305175781,98.6578598022461,2867200
2017-10-12,113.16000366210938,113.9800033569336,112.94999694824219,113.69000244140625,99.21639251708984,2561700
2017-10-13,114.3499984741211,114.73999786376953,112.16999816894531,112.27999877929688,97.98587799072266,2079800
2017-10-16,112.5199966430664,112.69000244140625,111.76000213623047,112.08999633789062,97.8200912475586,2310600
2017-10-17,109.33999633789062,111.62999725341797,108.70999908447266,110.56999969482422,96.49358367919922,3975300
2017-10-18,110.79000091552734,111.37999725341797,110.31999969482422,110.37999725341797,96.32777404785156,4152000
2017-10-19,110.02999877929688,112.11000061035156,109.37999725341797,112.01000213623047,97.75028991699219,4080300
2017-10-20,112.94999694824219,113.29000091552734,112.27999877929688,112.98999786376953,98.60551452636719,4982700
2017-10-23,113.0,113.5999984741211,112.23999786376953,113.19000244140625,98.78004455566406,3059000
2017-10-24,113.41999816894531,114.26000213623047,112.68000030517578,112.9000015258789,98.52696228027344,4016200
2017-10-25,113.08000183105469,113.48999786376953,109.83000183105469,110.2699966430664,96.23177337646484,6487200
2017-10-26,111.72000122070312,116.80000305175781,110.81999969482422,116.47000122070312,101.64248657226562,6288800
2017-10-27,116.5,119.70999908447266,116.4800033569336,117.08000183105469,102.17483520507812,7139300
2017-10-30,116.95999908447266,117.9800033569336,116.30000305175781,116.37000274658203,101.55520629882812,3461300
2017-10-31,116.86000061035156,116.87999725341797,115.33999633789062,115.79000091552734,101.0490493774414,2981300
2017-11-01,116.58999633789062,117.23999786376953,116.08999633789062,117.0,102.1050033569336,2787200
2017-11-02,116.47000122070312,118.69999694824219,116.3499984741211,118.38999938964844,103.31805419921875,2903900
2017-11-03,118.2300033569336,118.30000305175781,116.75,117.18000030517578,102.2621078491211,1936000
2017-11-06,117.33999633789062,117.69999694824219,116.48999786376953,117.33000183105469,102.39299774169922,1682900
2017-11-07,117.05000305175781,117.61000061035156,116.61000061035156,117.04000091552734,102.1399154663086,1732900
2017-11-08,116.62000274658203,118.16999816894531,116.05000305175781,117.80000305175781,102.80313873291016,3226100
2017-11-09,116.91999816894531,117.79000091552734,116.5,117.06999969482422,102.16609954833984,2335000
2017-11-10,116.75,117.30000305175781,116.33999633789062,116.69999694824219,101.84320068359375,1840100
2017-11-13,115.62999725341797,116.55000305175781,115.19000244140625,116.4800033569336,101.65119934082031,2689000
2017-11-14,116.16999816894531,116.88999938964844,115.9000015258789,116.2300033569336,101.43303680419922,3073900
2017-11-15,115.9000015258789,116.94000244140625,115.4800033569336,115.69999694824219,100.97048950195312,3228300
2017-11-16,115.98999786376953,117.12999725341797,115.38999938964844,116.56999969482422,101.72972869873047,2437200
2017-11-17,116.06999969482422,116.83999633789062,115.5,115.62999725341797,100.909423828125,2129300
2017-11-20,115.94000244140625,116.0999984741211,115.16000366210938,116.01000213623047,101.24104309082031,2579500
2017-11-21,116.11000061035156,117.19999694824219,115.93000030517578,117.12000274658203,102.20973205566406,3134300
2017-11-22,117.33000183105469,118.05999755859375,116.95999908447266,117.86000061035156,102.85552978515625,2466600
2017-11-24,118.02999877929688,118.87000274658203,117.79000091552734,118.25,103.19587707519531,1302800
2017-11-27,118.08999633789062,118.44999694824219,115.69000244140625,117.16000366210938,102.24464416503906,3398900
2017-11-28,117.25,119.05000305175781,116.51000213623047,118.80000305175781,103.67587280273438,4024800
2017-11-29,118.5999984741211,123.19000244140625,118.12999725341797,122.94000244140625,107.89275360107422,7206800
2017-11-30,122.94999694824219,127.86000061035156,122.94999694824219,126.5,111.01703643798828,9350700
2017-12-01,126.38999938964844,126.93000030517578,123.80999755859375,124.62000274658203,109.36711120605469,4793700
2017-12-04,126.08000183105469,132.0,125.55999755859375,130.0800018310547,114.1588363647461,9092500
2017-12-05,129.49000549316406,129.9600067138672,127.19999694824219,128.00999450683594,112.34220123291016,4953200
2017-12-06,127.47000122070312,128.1999969482422,127.19000244140625,127.94999694824219,112.28955078125,3817900
2017-12-07,128.0,128.88999938964844,127.41999816894531,128.4600067138672,112.73709869384766,4695700
2017-12-08,128.8000030517578,130.0399932861328,128.5399932861328,129.11000061035156,113.30755615234375,3628500
2017-12-11,129.52000427246094,129.5500030517578,128.05999755859375,129.0500030517578,113.2549057006836,4923700
2017-12-12,129.35000610351562,131.00999450683594,128.61000061035156,130.6999969482422,114.70294189453125,5334100
2017-12-13,130.6999969482422,132.38999938964844,129.75,130.30999755859375,114.36071014404297,5696100
2017-12-14,130.6699981689453,131.33999633789062,128.7899932861328,129.1699981689453,113.3602294921875,4570400
2017-12-15,129.85000610351562,131.6199951171875,129.33999633789062,130.60000610351562,114.61520385742188,8768100
2017-12-18,131.35000610351562,133.25,131.10000610351562,132.47000122070312,116.25631713867188,5829000
2017-12-19,133.64999389648438,133.6699981689453,131.30999755859375,133.24000549316406,116.93208312988281,4538300
2017-12-20,134.33999633789062,135.3000030517578,133.08999633789062,134.67999267578125,118.19580078125,6825400
2017-12-21,135.0,135.0,133.3800048828125,133.72999572753906,117.36209869384766,4143200
2017-12-22,133.8000030517578,134.6999969482422,132.77999877929688,134.47000122070312,118.01153564453125,2765000
2017-12-26,135.0,135.75999450683594,134.3300018310547,134.64999389648438,118.16947937011719,2305900
2017-12-27,134.58999633789062,136.32000732421875,134.0399932861328,136.32000732421875,119.63510131835938,7473600
2017-12-28,136.0399932861328,136.1699981689453,134.61000061035156,135.1199951171875,118.58196258544922,2617700
2017-12-29,135.27999877929688,135.63999938964844,134.10000610351562,134.10000610351562,117.68681335449219,2334300
2018-01-02,134.7100067138672,135.77999877929688,134.17999267578125,135.77999877929688,119.16117095947266,4298000
2018-01-03,136.11000061035156,136.60000610351562,135.25999450683594,136.5399932861328,119.82815551757812,4653700
2018-01-04,136.83999633789062,137.8800048828125,135.52000427246094,135.8000030517578,119.1787338256836,4384900
2018-01-05,137.64999389648438,139.72000122070312,136.05999755859375,137.52999877929688,120.69701385498047,5381200
2018-01-08,137.47999572753906,139.6300048828125,137.4600067138672,139.44000244140625,122.37326049804688,5472300
2018-01-09,139.80999755859375,141.1699981689453,139.22000122070312,141.0,123.74227905273438,6390800
2018-01-10,140.1699981689453,141.39999389648438,138.72999572753906,139.6999969482422,122.60140991210938,9513700
2018-01-11,140.58999633789062,140.99000549316406,139.49000549316406,140.35000610351562,123.17183685302734,3103200
2018-01-12,140.8000030517578,141.80999755859375,140.47000122070312,141.1699981689453,123.8914566040039,3268800
2018-01-16,142.07000732421875,142.19000244140625,139.82000732421875,140.30999755859375,123.1367416381836,5793300
2018-01-17,140.30999755859375,141.7100067138672,139.75999450683594,140.4600067138672,123.26838684082031,3376700
2018-01-18,140.67999267578125,140.8800048828125,139.61000061035156,140.42999267578125,123.24205780029297,3882100
2018-01-19,141.0,141.6199951171875,139.8000030517578,141.25,123.96168518066406,4592100
2018-01-22,141.35000610351562,142.0800018310547,140.1199951171875,141.97000122070312,124.5935287475586,3277400
2018-01-23,141.39999389648438,142.39999389648438,139.33999633789062,141.36000061035156,124.05821228027344,6179400
2018-01-24,141.4199981689453,143.0500030517578,139.91000366210938,141.19000244140625,123.90904998779297,5229100
2018-01-25,134.57000732421875,134.99000549316406,131.82000732421875,133.60000610351562,117.24801635742188,13806700
2018-01-26,133.80999755859375,134.6300048828125,132.72000122070312,134.22999572753906,117.80091094970703,5843300
2018-01-29,134.1999969482422,136.75999450683594,134.11000061035156,136.0500030517578,119.39813995361328,5754200
2018-01-30,135.2899932861328,137.0800018310547,135.14999389648438,135.36000061035156,118.7926254272461,5383600
2018-01-31,135.69000244140625,136.97999572753906,133.00999450683594,133.5,117.16024780273438,5699900
2018-02-01,132.50999450683594,133.74000549316406,131.86000061035156,132.3800048828125,116.1773452758789,5597600
2018-02-02,131.66000366210938,131.72999572753906,127.22000122070312,129.36000061035156,113.52694702148438,8181200
2018-02-05,128.58999633789062,131.77999877929688,124.12999725341797,124.13999938964844,108.94585418701172,6744400
2018-02-06,122.27999877929688,131.5,121.5,131.14999389648438,115.0978775024414,15734300
2018-02-07,130.33999633789062,131.82000732421875,128.94000244140625,128.9600067138672,113.17593383789062,5053000
2018-02-08,128.6999969482422,128.6999969482422,124.80999755859375,124.86000061035156,109.57775115966797,6325100
2018-02-09,126.44000244140625,128.3300018310547,121.22000122070312,127.27999877929688,111.7015609741211,9156000
2018-02-12,127.75,129.83999633789062,126.1500015258789,128.63999938964844,112.89508819580078,4162000
2018-02-13,127.75,128.97000122070312,126.77999877929688,128.3000030517578,112.59672546386719,5078100
2018-02-14,128.8000030517578,133.5399932861328,128.3000030517578,133.19000244140625,116.88819122314453,4782100
2018-02-15,133.85000610351562,134.11000061035156,131.35000610351562,133.88999938964844,117.50250244140625,3454400
2018-02-16,133.44000244140625,135.52999877929688,133.08999633789062,134.27000427246094,117.83602905273438,3595800
2018-02-20,133.13999938964844,133.75,129.92999267578125,130.22999572753906,114.29048919677734,3412000
2018-02-21,130.47999572753906,135.39999389648438,130.47999572753906,132.5,116.28266143798828,3900700
2018-02-22,133.39999389648438,134.22999572753906,131.66000366210938,133.60000610351562,117.24801635742188,3585900
2018-02-23,134.5,135.1699981689453,133.60000610351562,134.97000122070312,118.45033264160156,2515500
2018-02-26,135.89999389648438,139.86000061035156,135.58999633789062,138.7899932861328,121.80277252197266,5433900
2018-02-27,138.3300018310547,139.1699981689453,133.72000122070312,133.74000549316406,117.9914779663086,10917200
2018-02-28,134.08999633789062,134.52999877929688,130.0800018310547,130.25,114.91243743896484,5271900
2018-03-01,130.38999938964844,133.1300048828125,127.56999969482422,128.41000366210938,113.28912353515625,5894300
2018-03-02,127.3499984741211,129.16000366210938,125.30999755859375,128.5,113.36851501464844,6923000
2018-03-05,127.75,130.52999877929688,125.36000061035156,130.32000732421875,114.97419738769531,5573100
2018-03-06,130.69000244140625,131.6999969482422,129.27000427246094,131.2899932861328,115.8299560546875,3021300
2018-03-07,129.6699981689453,131.9499969482422,129.1300048828125,131.11000061035156,115.67117309570312,3339900
2018-03-08,131.8000030517578,133.32000732421875,130.36000061035156,132.27999877929688,116.70340728759766,3429400
2018-03-09,133.80999755859375,137.3800048828125,133.49000549316406,137.27999877929688,121.11463165283203,6572100
2018-03-12,137.02999877929688,137.82000732421875,136.52000427246094,136.66000366210938,120.5676498413086,3279100
2018-03-13,135.9199981689453,139.5500030517578,135.9199981689453,136.8300018310547,120.71758270263672,4170300
2018-03-14,137.22999572753906,137.9499969482422,134.2899932861328,134.8300018310547,118.95313262939453,3960500
2018-03-15,135.10000610351562,137.0,134.47999572753906,136.25999450683594,120.21475219726562,3380900
2018-03-16,136.72000122070312,139.50999450683594,136.38999938964844,137.16000366210938,121.00877380371094,8320600
2018-03-19,136.8000030517578,137.3000030517578,135.6999969482422,136.97999572753906,120.84996032714844,4154100
2018-03-20,137.39999389648438,138.1999969482422,136.39999389648438,137.77000427246094,121.54691314697266,4640400
2018-03-21,138.11000061035156,140.25,137.4499969482422,138.55999755859375,122.24392700195312,3465500
2018-03-22,137.22999572753906,137.8699951171875,134.39999389648438,134.8699951171875,118.9884033203125,3713900
2018-03-23,137.22999572753906,137.22999572753906,131.61000061035156,131.94000244140625,116.4034423828125,3955300
2018-03-26,133.61000061035156,133.82000732421875,130.92999267578125,133.0,117.33861541748047,4874000
2018-03-27,133.91000366210938,134.64999389648438,130.6300048828125,131.3000030517578,115.83881378173828,4077500
2018-03-28,131.3300018310547,133.08999633789062,129.8000030517578,130.75999450683594,115.36238098144531,3775400
2018-03-29,131.64999389648438,135.67999267578125,131.05999755859375,134.42999267578125,118.6002197265625,4360300
2018-04-02,135.27999877929688,136.38999938964844,131.5500030517578,133.10000610351562,117.42684173583984,5229600
2018-04-03,134.1300048828125,135.2899932861328,132.9199981689453,134.3800048828125,118.55614471435547,4495100
2018-04-04,132.52999877929688,133.22000122070312,130.4499969482422,132.89999389648438,117.25040435791016,5738000
2018-04-05,133.72999572753906,133.8800048828125,131.88999938964844,133.10000610351562,117.42684173583984,4850500
2018-04-06,132.0,133.35000610351562,128.66000366210938,130.27999877929688,114.93889617919922,3120000
2018-04-09,131.00999450683594,132.05999755859375,129.75999450683594,130.02000427246094,114.70952606201172,3007200
2018-04-10,131.47000122070312,132.0800018310547,129.30999755859375,130.1199951171875,114.79776000976562,5454900
2018-04-11,129.0500030517578,131.8300018310547,128.44000244140625,131.1999969482422,115.75056457519531,3394300
2018-04-12,132.0500030517578,135.1199951171875,131.57000732421875,134.4199981689453,118.59141540527344,3603300
2018-04-13,134.7899932861328,135.2899932861328,133.58999633789062,134.32000732421875,118.5031967163086,3027300
2018-04-16,135.6699981689453,137.82000732421875,135.02999877929688,137.0800018310547,120.93817138671875,3289400
2018-04-17,137.82000732421875,138.47000122070312,136.6199951171875,137.69000244140625,121.47636413574219,3265800
2018-04-18,139.0800018310547,141.10000610351562,138.6300048828125,138.9600067138672,122.59680938720703,5439800
2018-04-19,138.52999877929688,138.72999572753906,137.1699981689453,137.99000549316406,121.74102783203125,3174800
2018-04-20,137.25999450683594,137.94000244140625,135.2899932861328,135.66000366210938,119.68537902832031,4246800
2018-04-23,135.41000366210938,136.41000366210938,135.3000030517578,136.02999877929688,120.01180267333984,3546900
2018-04-24,137.07000732421875,137.3000030517578,131.4600067138672,132.8300018310547,117.18861389160156,4430400
2018-04-25,132.80999755859375,136.39999389648438,132.22000122070312,136.05999755859375,120.03827667236328,4724200
2018-04-26,129.47000122070312,133.55999755859375,126.37000274658203,132.17999267578125,116.61517333984375,8308300
2018-04-27,131.6699981689453,135.24000549316406,130.6999969482422,135.1999969482422,119.27959442138672,3631500
2018-04-30,135.52999877929688,136.52000427246094,133.60000610351562,133.6300048828125,117.8944320678711,3835600
2018-05-01,134.16000366210938,134.16000366210938,131.50999450683594,132.72999572753906,117.10041046142578,3214100
2018-05-02,132.67999267578125,133.6300048828125,131.1300048828125,131.27000427246094,115.81233978271484,3490400
2018-05-03,131.6300048828125,132.4499969482422,129.4499969482422,131.72999572753906,116.21817016601562,5288800
2018-05-04,131.33999633789062,135.02000427246094,130.77000427246094,134.1300048828125,118.33555603027344,2737800
2018-05-07,134.44000244140625,135.66000366210938,134.22999572753906,134.89999389648438,119.01486206054688,3057600
2018-05-08,134.4600067138672,137.75,134.2100067138672,137.08999633789062,120.9469985961914,3473000
2018-05-09,137.0800018310547,140.22000122070312,136.97000122070312,139.89999389648438,123.42609405517578,3092200
2018-05-10,140.32000732421875,142.0,139.5500030517578,141.25999450683594,124.62596893310547,3073000
2018-05-11,141.39999389648438,142.74000549316406,140.9600067138672,142.36000061035156,125.59645080566406,3085300
2018-05-14,142.80999755859375,143.25999450683594,140.5,140.7100067138672,124.14073944091797,2919500
2018-05-15,140.24000549316406,141.35000610351562,139.3699951171875,140.2899932861328,123.7701416015625,2911300
2018-05-16,140.50999450683594,142.24000549316406,140.50999450683594,141.36000061035156,124.71420288085938,2251000
2018-05-17,141.36000061035156,143.35000610351562,141.05999755859375,142.49000549316406,125.71115112304688,2742500
2018-05-18,142.30999755859375,144.4499969482422,142.0,143.8000030517578,126.86687469482422,2764000
2018-05-21,144.41000366210938,146.72999572753906,144.32000732421875,145.0800018310547,127.99614715576172,2673800
2018-05-22,145.0800018310547,146.38999938964844,142.8000030517578,142.9199981689453,126.09051513671875,2459000
2018-05-23,141.86000061035156,144.61000061035156,141.1999969482422,144.27000427246094,127.28152465820312,3455200
2018-05-24,144.25,146.3000030517578,143.55999755859375,145.66000366210938,128.50784301757812,3562900
2018-05-25,145.1999969482422,145.39999389648438,144.1999969482422,145.05999755859375,127.97850799560547,2200000
2018-05-29,143.67999267578125,144.55999755859375,142.44000244140625,144.0500030517578,127.08741760253906,4091500
2018-05-30,144.39999389648438,147.07000732421875,144.27000427246094,146.13999938964844,129.5880126953125,3925700
2018-05-31,146.1699981689453,146.80999755859375,142.4600067138672,142.75999450683594,126.59085845947266,4408500
2018-06-01,144.6999969482422,148.02999877929688,144.67999267578125,146.9199981689453,130.2796630859375,4504200
2018-06-04,147.7899932861328,147.9499969482422,142.22000122070312,142.9600067138672,126.76824951171875,6466600
2018-06-05,142.4600067138672,143.27999877929688,140.16000366210938,142.44000244140625,126.3071060180664,4724500
2018-06-06,143.57000732421875,143.66000366210938,141.33999633789062,142.36000061035156,126.23619079589844,3783500
2018-06-07,142.44000244140625,142.69000244140625,141.3800048828125,142.1999969482422,126.09425354003906,3654200
2018-06-08,142.36000061035156,144.85000610351562,142.1300048828125,144.52000427246094,128.15151977539062,4804800
2018-06-11,144.3300018310547,147.19000244140625,144.08999633789062,146.11000061035156,129.5614471435547,3201600
2018-06-12,146.8300018310547,147.7899932861328,145.5800018310547,146.10000610351562,129.55255126953125,2962000
2018-06-13,146.08999633789062,147.3000030517578,143.97999572753906,144.27999877929688,127.93875122070312,3007500
2018-06-14,145.27000427246094,145.77000427246094,143.9199981689453,144.94000244140625,128.5239715576172,2832600
2018-06-15,145.41000366210938,148.3300018310547,144.60000610351562,147.02000427246094,130.36839294433594,7915700
2018-06-18,145.6999969482422,148.27000427246094,145.14999389648438,146.5500030517578,129.95159912109375,3222600
2018-06-19,144.72999572753906,145.07000732421875,142.41000366210938,142.80999755859375,126.63517761230469,4280800
2018-06-20,143.3300018310547,143.99000549316406,142.44000244140625,143.36000061035156,127.12290954589844,3767900
2018-06-21,143.5800018310547,143.97999572753906,141.64999389648438,143.10000610351562,126.89237976074219,3276600
2018-06-22,144.0,144.9199981689453,143.5800018310547,143.9499969482422,127.64608764648438,3066300
2018-06-25,143.17999267578125,143.8300018310547,140.22999572753906,141.22999572753906,125.2341537475586,3589900
2018-06-26,142.24000549316406,142.25999450683594,140.8300018310547,141.25999450683594,125.2607192993164,2663100
2018-06-27,141.7899932861328,143.27000427246094,139.75999450683594,139.80999755859375,123.97496795654297,3085400
2018-06-28,139.6300048828125,141.3300018310547,138.8699951171875,140.7100067138672,124.77304077148438,3265100
2018-06-29,141.50999450683594,143.32000732421875,141.47999572753906,141.67999267578125,125.6331787109375,3629400
2018-07-02,140.9600067138672,143.2899932861328,140.47999572753906,143.07000732421875,126.8657455444336,2569400
2018-07-03,143.6199951171875,143.8000030517578,140.89999389648438,141.22999572753906,125.2341537475586,1311000
2018-07-05,142.0800018310547,142.47999572753906,141.0,142.25,126.13860321044922,2889100
2018-07-06,142.69000244140625,144.07000732421875,142.1300048828125,143.05999755859375,126.85688018798828,3335800
2018-07-09,143.99000549316406,145.38999938964844,143.00999450683594,145.0500030517578,128.62147521972656,4379600
2018-07-10,145.0,145.6300048828125,142.92999267578125,144.11000061035156,127.78791809082031,3085000
2018-07-11,142.66000366210938,142.8000030517578,139.35000610351562,140.6999969482422,124.76416778564453,3994100
2018-07-12,141.8699951171875,142.19000244140625,139.75999450683594,140.27000427246094,124.38288116455078,2814500
2018-07-13,139.5800018310547,140.44000244140625,139.1300048828125,139.94000244140625,124.09024810791016,3852200
2018-07-16,140.97999572753906,141.8000030517578,137.50999450683594,138.88999938964844,123.1591796875,5221300
2018-07-17,138.3699951171875,139.02999877929688,137.50999450683594,138.25999450683594,122.60053253173828,5107700
2018-07-18,139.97999572753906,141.99000549316406,139.47000122070312,141.25,125.25189971923828,5221600
2018-07-19,137.3800048828125,141.80999755859375,136.66000366210938,140.41000366210938,124.50702667236328,6186100
2018-07-20,139.58999633789062,142.1300048828125,139.33999633789062,141.41000366210938,125.39379119873047,4988700
2018-07-23,141.60000610351562,144.89999389648438,141.39999389648438,144.85000610351562,128.44412231445312,5786400
2018-07-24,145.9499969482422,146.57000732421875,142.0,142.38999938964844,126.26276397705078,4122600
2018-07-25,142.6199951171875,146.24000549316406,141.52000427246094,146.0399932861328,129.49937438964844,3861800
2018-07-26,145.92999267578125,149.0399932861328,145.60000610351562,147.72000122070312,130.98910522460938,5378200
2018-07-27,147.82000732421875,148.77999877929688,147.0,148.55999755859375,131.73394775390625,3021700
2018-07-30,148.02999877929688,150.47999572753906,148.02999877929688,148.52000427246094,131.69851684570312,2812000
2018-07-31,149.5500030517578,151.5,148.5399932861328,149.88999938964844,132.91326904296875,4396500
2018-08-01,149.27000427246094,150.39999389648438,148.02999877929688,148.3699951171875,131.5654296875,2822600
2018-08-02,147.72999572753906,150.38999938964844,147.0,149.94000244140625,132.95762634277344,2513100
2018-08-03,149.80999755859375,150.1300048828125,148.74000549316406,149.77999877929688,132.81581115722656,1739000
2018-08-06,149.5,150.3300018310547,148.25,149.11000061035156,132.22166442871094,2959200
2018-08-07,149.77999877929688,150.3000030517578,149.0399932861328,149.8800048828125,132.90444946289062,2188400
2018-08-08,149.52000427246094,150.83999633789062,149.52000427246094,149.97999572753906,132.99313354492188,1907400
2018-08-09,149.75999450683594,150.38999938964844,148.52000427246094,148.75999450683594,131.9112548828125,1946300
2018-08-10,148.00999450683594,149.39999389648438,147.4600067138672,148.83999633789062,131.98223876953125,2308600
2018-08-13,148.83999633789062,149.82000732421875,147.9199981689453,148.6300048828125,131.79598999023438,2735100
2018-08-14,148.85000610351562,151.10000610351562,148.85000610351562,150.19000244140625,133.17933654785156,3304300
2018-08-15,148.32000732421875,149.6199951171875,147.52000427246094,148.97999572753906,132.10638427734375,4189000
2018-08-16,149.5,150.25999450683594,148.50999450683594,149.25,132.3457794189453,3630000
2018-08-17,149.07000732421875,150.1699981689453,148.7899932861328,149.4600067138672,132.5320587158203,2783100
2018-08-20,150.22000122070312,151.7899932861328,150.13999938964844,150.85000610351562,133.76458740234375,3275000
2018-08-21,150.7899932861328,151.97000122070312,150.6199951171875,151.55999755859375,134.39413452148438,3061300
2018-08-22,151.1300048828125,151.44000244140625,150.2100067138672,150.32000732421875,133.29458618164062,2395700
2018-08-23,150.42999267578125,150.74000549316406,149.57000732421875,150.24000549316406,133.2236785888672,2012700
2018-08-24,151.27999877929688,151.4600067138672,149.9199981689453,150.1300048828125,133.12612915039062,2806900
2018-08-27,151.35000610351562,153.0399932861328,151.1699981689453,152.77999877929688,135.4759979248047,3140000
2018-08-28,153.33999633789062,153.72000122070312,151.00999450683594,151.24000549316406,134.1104278564453,4010000
2018-08-29,151.3800048828125,152.0,150.6300048828125,150.82000732421875,133.7379608154297,2618500
2018-08-30,149.6999969482422,150.27999877929688,149.0500030517578,149.72000122070312,133.4705352783203,3122700
2018-08-31,149.38999938964844,150.80999755859375,149.0,150.6199951171875,134.27284240722656,3622100
2018-09-04,149.80999755859375,151.7100067138672,149.7100067138672,151.27000427246094,134.85231018066406,6145800
2018-09-05,151.0,154.2899932861328,150.42999267578125,154.1699981689453,137.4375762939453,5658000
2018-09-06,154.80999755859375,155.9600067138672,154.25,154.64999389648438,137.865478515625,3924900
2018-09-07,154.17999267578125,156.60000610351562,154.05999755859375,155.10000610351562,138.26663208007812,5445900
2018-09-10,155.94000244140625,156.91000366210938,155.91000366210938,155.9600067138672,139.03329467773438,4210200
2018-09-11,155.9600067138672,156.80999755859375,154.82000732421875,156.3000030517578,139.33639526367188,3608100
2018-09-12,156.4600067138672,157.69000244140625,156.05999755859375,156.99000549316406,139.95155334472656,4142700
2018-09-13,157.6199951171875,157.9499969482422,156.07000732421875,156.6300048828125,139.630615234375,3328700
2018-09-14,157.10000610351562,157.8000030517578,156.14999389648438,157.41000366210938,140.32594299316406,2585000
2018-09-17,157.5,157.85000610351562,156.27000427246094,156.7100067138672,139.70193481445312,2685700
2018-09-18,164.0,164.5800018310547,162.85000610351562,163.6999969482422,145.93325805664062,10399300
2018-09-19,163.5500030517578,163.6999969482422,161.89999389648438,162.8000030517578,145.1309356689453,6318300
2018-09-20,163.5800018310547,165.11000061035156,162.52999877929688,164.00999450683594,146.2095947265625,6496700
2018-09-21,164.7100067138672,165.6300048828125,164.5500030517578,164.99000549316406,147.083251953125,13247500
2018-09-24,164.47999572753906,164.83999633789062,163.0500030517578,163.17999267578125,145.46971130371094,4956200
2018-09-25,164.2100067138672,164.63999938964844,162.8699951171875,163.22000122070312,145.50534057617188,5815900
2018-09-26,163.00999450683594,164.5399932861328,162.60000610351562,162.7899932861328,145.12196350097656,3497300
2018-09-27,163.11000061035156,164.32000732421875,162.50999450683594,163.8000030517578,146.0224151611328,2893000
2018-09-28,163.5,164.14999389648438,162.3000030517578,162.8300018310547,145.15765380859375,3666300
2018-10-01,164.41000366210938,164.97999572753906,164.08999633789062,164.3000030517578,146.46815490722656,3176400
2018-10-02,164.5399932861328,164.5399932861328,162.41000366210938,163.14999389648438,145.44290161132812,3833100
2018-10-03,163.80999755859375,164.77000427246094,162.66000366210938,163.05999755859375,145.36270141601562,3362900
2018-10-04,163.83999633789062,164.64999389648438,162.47999572753906,164.44000244140625,146.59295654296875,3177000
2018-10-05,164.22000122070312,164.63999938964844,163.0500030517578,163.77000427246094,145.99566650390625,2814600
2018-10-08,163.22999572753906,164.8800048828125,162.19000244140625,164.55999755859375,146.69992065429688,3245200
2018-10-09,164.3000030517578,164.66000366210938,162.27000427246094,162.38999938964844,144.7654266357422,3558700
2018-10-10,162.38999938964844,162.97000122070312,154.1699981689453,154.4600067138672,137.6960906982422,8011000
2018-10-11,154.14999389648438,156.27999877929688,150.36000061035156,152.08999633789062,135.5833282470703,6631600
2018-10-12,154.02999877929688,155.17999267578125,151.64999389648438,152.64999389648438,136.08253479003906,5435300
2018-10-15,153.0,154.52999877929688,151.66000366210938,152.19000244140625,135.67247009277344,4717700
2018-10-16,153.1999969482422,153.7100067138672,151.9199981689453,153.14999389648438,136.5282745361328,6731800
2018-10-17,153.9600067138672,154.44000244140625,149.24000549316406,149.88999938964844,133.6220245361328,6680200
2018-10-18,146.77000427246094,150.0800018310547,146.58999633789062,148.52000427246094,132.4008026123047,7973200
2018-10-19,148.33999633789062,149.72999572753906,147.74000549316406,148.6999969482422,132.56124877929688,5546500
2018-10-22,146.6999969482422,147.3800048828125,145.58999633789062,146.82000732421875,130.88528442382812,6467500
2018-10-23,144.60000610351562,144.94000244140625,141.57000732421875,143.9199981689453,128.3000030517578,6561800
2018-10-24,144.77999877929688,146.1699981689453,140.4199981689453,140.4499969482422,125.20664978027344,8014500
2018-10-25,136.5,145.14999389648438,135.80999755859375,144.14999389648438,128.50502014160156,9038100
2018-10-26,143.07000732421875,144.16000366210938,140.0800018310547,142.74000549316406,127.2480697631836,5664100
2018-10-29,144.67999267578125,144.7100067138672,139.32000732421875,141.33999633789062,126.00003814697266,5296200
2018-10-30,142.0,146.61000061035156,141.67999267578125,146.27999877929688,130.4038848876953,4934900
2018-10-31,147.3000030517578,148.9600067138672,145.91000366210938,146.22000122070312,130.35040283203125,4355300
2018-11-01,147.16000366210938,147.9499969482422,146.24000549316406,147.17999267578125,131.20619201660156,3561600
2018-11-02,148.3300018310547,149.97999572753906,147.7100067138672,148.55999755859375,132.4364471435547,5841200
2018-11-05,149.30999755859375,149.8000030517578,148.35000610351562,148.57000732421875,132.4453582763672,5036500
2018-11-06,148.58999633789062,150.63999938964844,148.58999633789062,150.1699981689453,133.87167358398438,4281000
2018-11-07,151.0500030517578,152.92999267578125,150.22000122070312,152.8699951171875,136.2786407470703,5780400
2018-11-08,152.82000732421875,153.3000030517578,151.39999389648438,152.38999938964844,135.85072326660156,2602100
2018-11-09,151.58999633789062,151.82000732421875,149.6699981689453,150.25,133.9430389404297,3807100
2018-11-12,150.50999450683594,151.0,147.4199981689453,147.77000427246094,131.732177734375,3037900
2018-11-13,148.42999267578125,150.07000732421875,147.4499969482422,148.58999633789062,132.46319580078125,2725000
2018-11-14,149.75,151.49000549316406,146.63999938964844,148.55999755859375,132.4364471435547,4034400
2018-11-15,147.91000366210938,152.13999938964844,146.72999572753906,151.42999267578125,134.99496459960938,3435400
2018-11-16,151.8000030517578,152.94000244140625,151.00999450683594,151.4199981689453,134.98602294921875,3226100
2018-11-19,150.36000061035156,151.3800048828125,148.8699951171875,150.63999938964844,134.29066467285156,4401400
2018-11-20,147.50999450683594,147.82000732421875,140.97000122070312,141.55999755859375,126.19617462158203,7317700
2018-11-21,142.11000061035156,144.6199951171875,141.77999877929688,144.10000610351562,128.46046447753906,4779600
2018-11-23,142.5800018310547,144.1199951171875,142.24000549316406,143.5399932861328,127.96124267578125,1608600
2018-11-26,144.02999877929688,144.66000366210938,142.08999633789062,142.75999450683594,127.26589965820312,4868600
2018-11-27,143.19000244140625,147.3800048828125,142.69000244140625,147.3800048828125,131.384521484375,4907500
2018-11-28,148.72999572753906,152.13999938964844,146.61000061035156,151.97999572753906,135.48526000976562,4358300
2018-11-29,150.8800048828125,151.67999267578125,149.74000549316406,150.47999572753906,134.85791015625,2970200
2018-11-30,150.24000549316406,154.3699951171875,150.13999938964844,153.77999877929688,137.8153533935547,6214500
2018-12-03,157.0,159.6300048828125,156.38999938964844,157.1300048828125,140.8175506591797,5085400
2018-12-04,156.3300018310547,157.58999633789062,151.72999572753906,153.02999877929688,137.1431884765625,4385300
2018-12-06,149.4600067138672,151.75,146.8800048828125,151.67999267578125,135.93333435058594,5258600
2018-12-07,151.85000610351562,153.52000427246094,147.2899932861328,147.4499969482422,132.14244079589844,5287000
2018-12-10,146.39999389648438,148.60000610351562,144.16000366210938,148.0399932861328,132.6712188720703,4558100
2018-12-11,150.08999633789062,151.14999389648438,146.86000061035156,147.83999633789062,132.491943359375,3333200
2018-12-12,150.13999938964844,150.88999938964844,147.02999877929688,147.33999633789062,132.04388427734375,5023800
2018-12-13,148.22000122070312,148.22000122070312,144.60000610351562,145.83999633789062,130.69964599609375,5340300
2018-12-14,144.3800048828125,145.8699951171875,141.86000061035156,142.57000732421875,127.76912689208984,4505800
2018-12-17,142.0800018310547,142.1999969482422,138.72999572753906,139.60000610351562,125.10742950439453,4226700
2018-12-18,140.63999938964844,141.63999938964844,138.6999969482422,139.77999877929688,125.26871490478516,2800300
2018-12-19,139.25,142.63999938964844,135.94000244140625,136.88999938964844,122.67876434326172,3597000
2018-12-20,136.27999877929688,136.99000549316406,133.11000061035156,134.67999267578125,120.69819641113281,5960700
2018-12-21,134.1699981689453,137.66000366210938,132.27999877929688,132.5399932861328,118.78034973144531,7588300
2018-12-24,132.52999877929688,132.52999877929688,128.0800018310547,128.2100067138672,114.89990234375,2466000
2018-12-26,129.2899932861328,136.07000732421875,128.9199981689453,136.02000427246094,121.89909362792969,3739700
2018-12-27,133.9499969482422,137.13999938964844,131.97000122070312,137.13999938964844,122.90283203125,3224600
2018-12-28,137.92999267578125,138.5800018310547,135.97000122070312,136.77999877929688,122.5802001953125,2769400
2018-12-31,138.0399932861328,138.50999450683594,136.52999877929688,138.22999572753906,123.87964630126953,2552300
2019-01-02,135.64999389648438,138.32000732421875,134.77000427246094,137.77999877929688,123.47638702392578,3606300
2019-01-03,136.0399932861328,136.75,132.1699981689453,132.67999267578125,118.9058609008789,5684500
2019-01-04,134.82000732421875,138.5800018310547,134.52000427246094,137.7899932861328,123.4853286743164,5649900
2019-01-07,137.3300018310547,139.22999572753906,136.25999450683594,138.64999389648438,124.25604248046875,4034200
2019-01-08,151.05999755859375,152.88999938964844,149.0399932861328,150.75,135.0998992919922,10558800
2019-01-09,150.2899932861328,151.05999755859375,148.61000061035156,150.36000061035156,134.75038146972656,4284600
2019-01-10,149.89999389648438,155.2899932861328,149.00999450683594,154.66000366210938,138.60400390625,6444600
2019-01-11,153.63999938964844,155.02999877929688,153.08999633789062,153.2100067138672,137.30453491210938,3845200
2019-01-14,152.22999572753906,154.24000549316406,151.64999389648438,153.88999938964844,137.9138946533203,3507100
2019-01-15,153.7899932861328,154.36000061035156,151.74000549316406,152.47999572753906,136.65028381347656,4685100
2019-01-16,152.91000366210938,153.72999572753906,150.91000366210938,151.97000122070312,136.19325256347656,4053200
2019-01-17,151.11000061035156,154.9199981689453,150.92999267578125,154.63999938964844,138.58602905273438,4075400
2019-01-18,155.5399932861328,158.8000030517578,155.00999450683594,158.33999633789062,141.9019775390625,5003900
2019-01-22,156.92999267578125,157.1999969482422,154.41000366210938,155.02000427246094,138.92662048339844,6052900
2019-01-23,155.4499969482422,156.02000427246094,152.42999267578125,154.3300018310547,138.30821228027344,4858000
2019-01-24,160.0399932861328,160.75999450683594,156.00999450683594,160.33999633789062,143.69424438476562,9222400
2019-01-25,161.4600067138672,162.0,160.22000122070312,160.9499969482422,144.240966796875,7770700
2019-01-28,160.0,160.7899932861328,159.33999633789062,159.89999389648438,143.29995727539062,3733800
2019-01-29,160.0399932861328,160.92999267578125,158.75,160.1699981689453,143.5419464111328,3436900
2019-01-30,161.08999633789062,161.88999938964844,159.44000244140625,160.82000732421875,144.12451171875,4112200
2019-01-31,160.75,160.99000549316406,157.02000427246094,159.07000732421875,142.55616760253906,7438600
2019-02-01,159.07000732421875,160.50999450683594,158.25999450683594,159.6699981689453,143.09385681152344,4073400
2019-02-04,159.6699981689453,161.16000366210938,159.22000122070312,161.1300048828125,144.4022979736328,5339100
2019-02-05,160.75999450683594,161.33999633789062,160.0,161.3000030517578,144.5546417236328,3357100
2019-02-06,161.0,162.02000427246094,160.3000030517578,160.74000549316406,144.0528106689453,2379600
2019-02-07,159.44000244140625,161.60000610351562,158.92999267578125,161.57000732421875,144.79660034179688,3056300
2019-02-08,160.57000732421875,161.75999450683594,160.27999877929688,161.72000122070312,144.9310302734375,2986300
2019-02-11,162.7100067138672,164.6300048828125,162.38999938964844,164.35000610351562,147.28802490234375,4044800
2019-02-12,165.0,168.0500030517578,164.8800048828125,167.0500030517578,149.70774841308594,3781800
2019-02-13,166.86000061035156,169.1699981689453,166.60000610351562,168.8800048828125,151.3477325439453,3886900
2019-02-14,167.6999969482422,170.52000427246094,167.52000427246094,169.6300048828125,152.01988220214844,4157500
2019-02-15,170.8699951171875,171.35000610351562,169.72999572753906,170.24000549316406,152.56655883789062,3270900
2019-02-19,169.32000732421875,172.44000244140625,169.0500030517578,171.3300018310547,153.5433807373047,3889700
2019-02-20,171.47000122070312,171.92999267578125,170.75999450683594,170.99000549316406,153.2387237548828,3063600
2019-02-21,171.25,171.8300018310547,169.52999877929688,170.1699981689453,152.50381469726562,3056700
2019-02-22,169.89999389648438,170.35000610351562,168.10000610351562,170.05999755859375,152.40524291992188,4345600
2019-02-25,170.74000549316406,170.74000549316406,168.55999755859375,169.5500030517578,151.94818115234375,4804200
2019-02-26,169.5399932861328,171.22999572753906,168.72000122070312,170.14999389648438,152.48587036132812,3635200
2019-02-27,168.97999572753906,170.5500030517578,167.80999755859375,169.05999755859375,152.2967071533203,2544000
2019-02-28,169.1699981689453,169.19000244140625,167.52999877929688,167.6999969482422,151.071533203125,3650700
2019-03-01,169.27999877929688,169.5399932861328,166.7899932861328,167.44000244140625,150.83734130859375,3116100
2019-03-04,167.33999633789062,170.11000061035156,166.0,167.3699951171875,150.7742462158203,4341000
2019-03-05,167.7100067138672,169.19000244140625,166.77999877929688,166.77999877929688,150.24276733398438,2794900
2019-03-06,166.91000366210938,167.2100067138672,165.47999572753906,165.91000366210938,149.4591064453125,3067800
2019-03-07,165.75,166.11000061035156,164.16000366210938,164.94000244140625,148.58523559570312,4141500
2019-03-08,163.6699981689453,164.47999572753906,161.80999755859375,164.3000030517578,148.00868225097656,2884600
2019-03-11,164.10000610351562,166.9499969482422,163.67999267578125,165.60000610351562,149.17979431152344,4051600
2019-03-12,165.99000549316406,166.75999450683594,164.52999877929688,164.8300018310547,148.48611450195312,4723500
2019-03-13,166.10000610351562,168.9199981689453,165.19000244140625,166.8300018310547,150.28781127929688,3855100
2019-03-14,167.17999267578125,167.3300018310547,164.60000610351562,165.1699981689453,148.7924041748047,3762100
2019-03-15,164.49000549316406,166.61000061035156,164.2100067138672,165.0,148.6392822265625,9732400
2019-03-18,165.0,167.57000732421875,164.6199951171875,166.24000549316406,149.75636291503906,4071700
2019-03-19,165.8699951171875,165.92999267578125,160.30999755859375,160.75,144.81068420410156,5728000
2019-03-20,161.11000061035156,162.42999267578125,160.16000366210938,161.0,145.03590393066406,3802400
2019-03-21,159.9199981689453,163.27000427246094,159.5,162.61000061035156,146.48626708984375,3316700
2019-03-22,162.08999633789062,162.44000244140625,160.05999755859375,160.6199951171875,144.69354248046875,3556700
2019-03-25,160.7100067138672,163.6999969482422,160.60000610351562,161.5,145.48629760742188,3137200
2019-03-26,163.05999755859375,163.05999755859375,160.25999450683594,161.80999755859375,145.7655792236328,2628200
2019-03-27,161.69000244140625,163.60000610351562,161.5,163.00999450683594,146.84658813476562,2871900
2019-03-28,163.75999450683594,165.47999572753906,163.75999450683594,165.1999969482422,148.81944274902344,2829600
2019-03-29,166.17999267578125,168.13999938964844,165.80999755859375,167.1999969482422,150.62112426757812,3646900
2019-04-01,168.94000244140625,171.27000427246094,168.52999877929688,170.9199981689453,153.97227478027344,3372000
2019-04-02,170.6699981689453,171.2899932861328,169.1300048828125,169.77999877929688,152.9453125,2259900
2019-04-03,170.36000061035156,171.02000427246094,168.94000244140625,169.61000061035156,152.79217529296875,2669100
2019-04-04,169.27999877929688,170.1699981689453,168.30999755859375,168.7899932861328,152.053466796875,2788600
2019-04-05,169.16000366210938,169.99000549316406,168.50999450683594,168.72000122070312,151.99041748046875,2214400
2019-04-08,168.4199981689453,168.80999755859375,167.3800048828125,168.69000244140625,151.96339416503906,2580800
2019-04-09,167.55999755859375,167.55999755859375,165.77000427246094,166.08999633789062,149.62120056152344,3025000
2019-04-10,166.86000061035156,167.2899932861328,164.97000122070312,166.35000610351562,149.85543823242188,3551500
2019-04-11,166.60000610351562,167.02999877929688,165.25999450683594,166.6699981689453,150.14366149902344,2378400
2019-04-12,167.7899932861328,169.63999938964844,167.0,169.5,152.6930694580078,3091700
2019-04-15,169.5,170.24000549316406,167.00999450683594,167.6300048828125,151.00851440429688,3052600
2019-04-16,167.77999877929688,168.35000610351562,166.94000244140625,167.97999572753906,151.32374572753906,2361400
2019-04-17,171.11000061035156,172.2899932861328,168.6699981689453,169.27999877929688,152.494873046875,5437200
2019-04-18,175.1999969482422,177.77000427246094,174.60000610351562,176.66000366210938,159.14312744140625,8684600
2019-04-22,176.7100067138672,179.5500030517578,176.1199951171875,177.72000122070312,160.09799194335938,4969700
2019-04-23,177.25,177.47999572753906,175.33999633789062,176.72999572753906,159.20620727539062,3284900
2019-04-24,177.5399932861328,179.10000610351562,176.72999572753906,176.83999633789062,159.30528259277344,2859000
2019-04-25,175.13999938964844,177.13999938964844,174.13999938964844,175.49000549316406,158.08914184570312,2199900
2019-04-26,175.55999755859375,177.25999450683594,175.1300048828125,177.22000122070312,159.6475830078125,2234100
2019-04-29,177.07000732421875,177.75,176.32000732421875,176.41000366210938,158.91790771484375,1836400
2019-04-30,176.0800018310547,177.66000366210938,174.86000061035156,177.0399932861328,159.48541259765625,2444100
2019-05-01,177.00999450683594,178.02000427246094,175.0500030517578,175.36000061035156,157.97201538085938,2601300
2019-05-02,174.55999755859375,175.97000122070312,173.80999755859375,175.88999938964844,158.4494171142578,2313300
2019-05-03,177.88999938964844,180.02000427246094,177.5399932861328,179.1999969482422,161.4312744140625,2729500
2019-05-06,176.25,179.6300048828125,175.67999267578125,177.16000366210938,159.5935516357422,2706000
2019-05-07,174.83999633789062,175.72000122070312,172.3300018310547,174.75,157.42251586914062,4547300
2019-05-08,174.8800048828125,177.1699981689453,174.5399932861328,175.5800018310547,158.1702117919922,2314500
2019-05-09,174.0,176.0500030517578,172.7100067138672,175.6300048828125,158.2152557373047,2138400
2019-05-10,174.3300018310547,176.25999450683594,171.80999755859375,175.9199981689453,158.4765167236328,2659600
2019-05-13,172.3800048828125,173.3699951171875,170.1300048828125,171.7899932861328,154.75601196289062,3649500
2019-05-14,172.49000549316406,176.19000244140625,172.4499969482422,174.49000549316406,157.18829345703125,2560600
2019-05-15,173.5,174.83999633789062,172.3800048828125,173.77000427246094,156.53970336914062,4089200
2019-05-16,174.0800018310547,176.52999877929688,173.8699951171875,175.6300048828125,158.2152557373047,5131300
2019-05-17,173.5500030517578,176.10000610351562,173.2899932861328,174.6199951171875,157.30540466308594,4596300
2019-05-20,174.05999755859375,175.67999267578125,173.19000244140625,174.74000549316406,157.4134979248047,3065400
2019-05-21,176.0,176.3300018310547,174.4600067138672,175.0399932861328,157.68373107910156,2519400
2019-05-22,174.6300048828125,175.17999267578125,173.02000427246094,174.4600067138672,157.16128540039062,1995200
2019-05-23,172.38999938964844,172.91000366210938,169.77000427246094,172.64999389648438,155.53074645996094,3573600
2019-05-24,173.67999267578125,173.97999572753906,170.97000122070312,172.1699981689453,155.09832763671875,1815900
2019-05-28,173.0,174.00999450683594,169.74000549316406,169.80999755859375,152.97232055664062,3819300
2019-05-29,169.44000244140625,169.77999877929688,168.1300048828125,169.0,152.24267578125,3116700
2019-05-30,168.92999267578125,169.8699951171875,167.99000549316406,169.47999572753906,153.4741973876953,2160500
2019-05-31,167.25,167.92999267578125,164.38999938964844,166.77999877929688,151.0292205810547,4215900
2019-06-03,166.63999938964844,168.6199951171875,165.5800018310547,166.33999633789062,150.63075256347656,2788500
2019-06-04,167.97999572753906,170.58999633789062,167.0399932861328,170.41000366210938,154.31637573242188,3288000
2019-06-05,171.0,173.0500030517578,170.7100067138672,172.47999572753906,156.19088745117188,3068200
2019-06-06,172.17999267578125,172.25,169.6300048828125,170.6699981689453,154.5518341064453,2276300
2019-06-07,170.9499969482422,172.52999877929688,170.52999877929688,171.97000122070312,155.72906494140625,2221200
2019-06-10,173.52999877929688,174.92999267578125,172.07000732421875,172.38999938964844,156.1094207763672,2182800
2019-06-11,173.13999938964844,173.75999450683594,168.92999267578125,171.00999450683594,154.8597412109375,1989900
2019-06-12,170.80999755859375,172.02999877929688,169.63999938964844,171.22999572753906,155.05892944335938,2239200
2019-06-13,169.4600067138672,170.22999572753906,166.38999938964844,167.14999389648438,151.36424255371094,4219700
2019-06-14,167.5,167.66000366210938,164.82000732421875,166.99000549316406,151.2194061279297,3579600
2019-06-17,165.77000427246094,165.77000427246094,164.16000366210938,164.74000549316406,149.18185424804688,4444100
2019-06-18,165.9199981689453,167.4600067138672,165.16000366210938,165.5399932861328,149.90631103515625,4132000
2019-06-19,165.8300018310547,166.52000427246094,163.5,165.92999267578125,150.2594757080078,3778000
2019-06-20,168.2100067138672,168.55999755859375,166.64999389648438,167.42999267578125,151.61782836914062,3405300
2019-06-21,167.6300048828125,170.4199981689453,167.0,168.8699951171875,152.92181396484375,5885200
2019-06-24,168.97000122070312,169.24000549316406,166.89999389648438,167.25,151.454833984375,2542500
2019-06-25,167.27000427246094,167.75999450683594,163.9499969482422,166.36000061035156,150.6488800048828,2586600
2019-06-26,166.75,167.22000122070312,165.50999450683594,165.8300018310547,150.1689453125,2423100
2019-06-27,166.41000366210938,167.8300018310547,166.0,166.00999450683594,150.33193969726562,3226500
2019-06-28,166.66000366210938,169.38999938964844,166.5399932861328,169.11000061035156,153.13917541503906,4759300
2019-07-01,171.10000610351562,173.42999267578125,170.7899932861328,171.5,155.303466796875,3211800
2019-07-02,171.7899932861328,171.97999572753906,169.77000427246094,171.22999572753906,155.05892944335938,2267700
2019-07-03,171.27000427246094,172.00999450683594,170.52999877929688,171.8000030517578,155.5751495361328,1172300
2019-07-05,171.27999877929688,171.38999938964844,166.92999267578125,170.02999877929688,153.97227478027344,2605500
2019-07-08,169.3000030517578,170.07000732421875,168.6300048828125,169.58999633789062,153.57382202148438,2200700
2019-07-09,168.9199981689453,170.0,168.5500030517578,169.60000610351562,153.58290100097656,2057500
2019-07-10,170.99000549316406,171.0399932861328,168.88999938964844,169.57000732421875,153.55575561523438,1703100
2019-07-11,169.8000030517578,172.25,169.1199951171875,171.75,155.5298614501953,2341000
2019-07-12,172.3800048828125,174.35000610351562,172.1199951171875,174.0500030517578,157.6126251220703,2036400
2019-07-15,173.55999755859375,173.97000122070312,172.42999267578125,172.69000244140625,156.38108825683594,1994400
2019-07-16,173.4199981689453,176.72000122070312,173.00999450683594,175.14999389648438,158.60873413085938,2958300
2019-07-17,171.0,171.50999450683594,163.8000030517578,164.5500030517578,149.0098114013672,10725700
2019-07-18,173.86000061035156,174.89999389648438,170.5,174.25,157.793701171875,7476500
2019-07-19,174.39999389648438,177.58999633789062,174.0500030517578,175.3000030517578,158.74456787109375,4732600
2019-07-22,175.2899932861328,176.13999938964844,172.38999938964844,173.5800018310547,157.18701171875,3757100
2019-07-23,174.10000610351562,174.25999450683594,171.4499969482422,173.22000122070312,156.86102294921875,2599000
2019-07-24,171.77000427246094,175.30999755859375,171.13999938964844,174.3699951171875,157.90240478515625,3149000
2019-07-25,174.05999755859375,175.11000061035156,172.86000061035156,173.2100067138672,156.85198974609375,1943400
2019-07-26,174.57000732421875,175.72000122070312,173.35000610351562,174.22999572753906,157.7755889892578,1627800
2019-07-29,174.1199951171875,177.74000549316406,173.97999572753906,177.5,160.73678588867188,3386100
2019-07-30,176.83999633789062,179.47999572753906,176.5500030517578,179.3000030517578,162.36680603027344,2825000
2019-07-31,178.14999389648438,180.3000030517578,177.3000030517578,179.9499969482422,162.9554443359375,4508400
2019-08-01,177.35000610351562,180.5399932861328,174.57000732421875,175.00999450683594,158.48196411132812,4428000
2019-08-02,174.0800018310547,174.80999755859375,172.10000610351562,173.52000427246094,157.13267517089844,2329900
2019-08-05,170.67999267578125,171.41000366210938,165.50999450683594,166.83999633789062,151.0835418701172,4051400
2019-08-06,168.1199951171875,169.4499969482422,166.3699951171875,168.3300018310547,152.43284606933594,2055300
2019-08-07,166.4199981689453,167.24000549316406,163.8000030517578,166.9199981689453,151.156005859375,2152500
2019-08-08,168.14999389648438,170.61000061035156,167.1699981689453,169.6999969482422,153.67343139648438,2395600
2019-08-09,168.60000610351562,169.6699981689453,165.9600067138672,168.00999450683594,152.14306640625,2325900
2019-08-12,167.1999969482422,168.7100067138672,165.33999633789062,165.6699981689453,150.0240478515625,2861800
2019-08-13,165.13999938964844,169.64999389648438,164.27000427246094,168.77999877929688,152.84033203125,2272500
2019-08-14,166.0399932861328,166.83999633789062,163.05999755859375,163.6999969482422,148.24008178710938,3113800
2019-08-15,163.63999938964844,163.9600067138672,160.63999938964844,162.4499969482422,147.108154296875,2873600
2019-08-16,164.11000061035156,166.88999938964844,163.4499969482422,166.25,150.5492706298828,2171500
2019-08-19,168.9499969482422,170.27999877929688,168.25999450683594,168.75999450683594,152.82220458984375,2630100
2019-08-20,168.6999969482422,168.82000732421875,167.4600067138672,167.55999755859375,151.7355499267578,2362000
2019-08-21,168.50999450683594,169.52999877929688,167.7899932861328,168.52999877929688,152.61392211914062,1724100
2019-08-22,169.0800018310547,170.08999633789062,165.9499969482422,166.07000732421875,150.3862762451172,4017700
2019-08-23,165.11000061035156,165.4600067138672,159.0500030517578,159.97999572753906,144.87139892578125,3590000
2019-08-26,161.4600067138672,162.4199981689453,158.2899932861328,159.11000061035156,144.0835723876953,3297700
2019-08-27,160.7100067138672,160.7100067138672,157.27999877929688,157.47000122070312,142.59841918945312,3994900
2019-08-28,157.47000122070312,159.72999572753906,156.61000061035156,158.39999389648438,143.44064331054688,5841100
2019-08-29,159.44000244140625,162.77999877929688,158.2100067138672,161.72999572753906,147.35855102539062,4395000
2019-08-30,162.41000366210938,164.0800018310547,161.4600067138672,161.9600067138672,147.56809997558594,2987200
2019-09-03,161.0500030517578,162.10000610351562,158.6999969482422,159.3300018310547,145.17178344726562,2682400
2019-09-04,160.24000549316406,160.89999389648438,158.6199951171875,160.0800018310547,145.85513305664062,3890400
2019-09-05,162.4499969482422,166.66000366210938,162.10000610351562,166.1300048828125,151.36753845214844,3802900
2019-09-06,166.41000366210938,167.2100067138672,164.13999938964844,164.60000610351562,149.97349548339844,2055600
2019-09-09,165.1199951171875,166.4600067138672,164.00999450683594,166.1199951171875,151.3583984375,3297600
2019-09-10,165.35000610351562,167.72999572753906,164.85000610351562,167.57000732421875,152.6795654296875,3006700
2019-09-11,167.85000610351562,167.99000549316406,165.72000122070312,167.3000030517578,152.43356323242188,2617900
2019-09-12,167.7100067138672,168.5800018310547,166.14999389648438,167.7100067138672,152.80712890625,2357500
2019-09-13,169.3300018310547,172.2100067138672,169.02000427246094,171.4499969482422,156.2147674560547,3160000
2019-09-16,168.80999755859375,170.88999938964844,167.0,168.9499969482422,153.9369354248047,2652500
2019-09-17,168.88999938964844,169.67999267578125,166.33999633789062,166.89999389648438,152.069091796875,3135800
2019-09-18,166.1699981689453,168.07000732421875,165.05999755859375,167.8699951171875,152.95291137695312,1610000
2019-09-19,167.8699951171875,168.08999633789062,166.5,167.11000061035156,152.26043701171875,2463500
2019-09-20,168.22000122070312,168.57000732421875,165.61000061035156,166.3800048828125,151.59535217285156,3620400
2019-09-23,166.0,167.19000244140625,165.33999633789062,166.0500030517578,151.29464721679688,2116800
2019-09-24,167.08999633789062,169.35000610351562,164.08999633789062,165.0800018310547,150.4108428955078,3738800
2019-09-25,165.2899932861328,165.66000366210938,163.5500030517578,163.60000610351562,149.06234741210938,4675000
2019-09-26,163.86000061035156,165.58999633789062,163.60000610351562,163.72999572753906,149.18077087402344,4211400
2019-09-27,164.3300018310547,164.80999755859375,161.86000061035156,162.69000244140625,148.23321533203125,3212600
2019-09-30,164.02000427246094,164.91000366210938,161.86000061035156,161.97999572753906,147.58628845214844,3296600
2019-10-01,162.8699951171875,163.19000244140625,155.50999450683594,155.9499969482422,142.09214782714844,6011600
2019-10-02,154.5,154.7100067138672,150.33999633789062,152.02000427246094,138.51138305664062,5432000
2019-10-03,152.4499969482422,153.75,149.08999633789062,153.6699981689453,140.01473999023438,3277800
2019-10-04,154.0,156.41000366210938,153.44000244140625,156.32000732421875,142.42926025390625,3538000
2019-10-07,155.4499969482422,156.91000366210938,154.8699951171875,155.91000366210938,142.05567932128906,3249600
2019-10-08,154.35000610351562,154.80999755859375,151.27999877929688,151.47000122070312,138.01023864746094,4147700
2019-10-09,152.94000244140625,154.5500030517578,152.47999572753906,153.22999572753906,139.61383056640625,3682600
2019-10-10,152.8800048828125,155.9499969482422,152.55999755859375,155.77000427246094,141.92813110351562,3383500
2019-10-11,157.89999389648438,162.24000549316406,157.39999389648438,161.38999938964844,147.04873657226562,4844700
2019-10-14,160.52000427246094,160.74000549316406,158.86000061035156,159.5500030517578,145.37225341796875,2339200
2019-10-15,160.41000366210938,163.66000366210938,159.5,163.13999938964844,148.64321899414062,3840200
2019-10-16,162.94000244140625,164.91000366210938,162.5,163.30999755859375,148.79811096191406,3743700
2019-10-17,162.11000061035156,166.11000061035156,159.61000061035156,163.67999267578125,149.13522338867188,6315900
2019-10-18,163.17999267578125,163.92999267578125,159.86000061035156,161.5,147.1489715576172,5176700
2019-10-21,162.1999969482422,167.39999389648438,161.75,167.07000732421875,152.22401428222656,3144300
2019-10-22,167.02999877929688,170.94000244140625,165.74000549316406,170.77000427246094,155.59523010253906,4146500
2019-10-23,169.94000244140625,171.0,168.3800048828125,170.02999877929688,154.92095947265625,3150700
2019-10-24,170.86000061035156,171.9499969482422,169.77999877929688,170.38999938964844,155.2489776611328,1909100
2019-10-25,170.38999938964844,172.67999267578125,169.39999389648438,172.3300018310547,157.01661682128906,1868400
2019-10-28,172.8699951171875,173.05999755859375,170.57000732421875,170.75,155.57701110839844,2185200
2019-10-29,169.72000122070312,170.57000732421875,169.10000610351562,170.19000244140625,155.0667724609375,2112300
2019-10-30,169.22000122070312,169.64999389648438,166.36000061035156,167.9499969482422,153.02581787109375,2891600
2019-10-31,167.35000610351562,167.9499969482422,163.6300048828125,165.4600067138672,150.75711059570312,3909500
2019-11-01,167.1999969482422,172.5500030517578,166.69000244140625,172.52999877929688,157.19882202148438,3548300
2019-11-04,173.25,176.6999969482422,173.1300048828125,176.6300048828125,160.93447875976562,3683200
2019-11-05,176.6300048828125,179.47999572753906,176.4499969482422,177.77000427246094,161.9731903076172,5011400
2019-11-06,177.69000244140625,177.99000549316406,175.27999877929688,176.33999633789062,160.6702423095703,2855900
2019-11-07,177.67999267578125,180.0,176.6699981689453,177.00999450683594,161.28073120117188,2628100
2019-11-08,176.41000366210938,176.6699981689453,175.14999389648438,176.10000610351562,160.45156860351562,1441800
2019-11-11,174.91000366210938,177.11000061035156,174.42999267578125,176.8000030517578,161.08938598632812,1252100
2019-11-12,176.38999938964844,176.8300018310547,174.91000366210938,175.47000122070312,159.87757873535156,1775500
2019-11-13,174.30999755859375,176.39999389648438,173.66000366210938,175.5399932861328,159.9413299560547,2273200
2019-11-14,175.5399932861328,176.1999969482422,174.08999633789062,174.77000427246094,159.2397918701172,2152000
2019-11-15,175.17999267578125,177.10000610351562,174.77000427246094,176.27000427246094,160.60650634765625,2160300
2019-11-18,175.82000732421875,176.47000122070312,174.57000732421875,176.25,160.58822631835938,2930100
2019-11-19,176.07000732421875,177.2899932861328,175.44000244140625,177.1699981689453,161.426513671875,3594000
2019-11-20,176.66000366210938,177.7100067138672,173.77999877929688,174.08999633789062,158.62020874023438,2915100
2019-11-21,173.83999633789062,174.8300018310547,172.3000030517578,174.1699981689453,158.6930694580078,1704400
2019-11-22,174.67999267578125,175.99000549316406,173.8000030517578,175.94000244140625,160.30580139160156,1935000
2019-11-25,176.17999267578125,179.99000549316406,175.6699981689453,179.89999389648438,163.9138946533203,2655900
2019-11-26,179.25999450683594,179.9499969482422,178.05999755859375,178.08999633789062,162.2647247314453,2946700
2019-11-27,177.47999572753906,177.8000030517578,175.92999267578125,177.19000244140625,162.32887268066406,2113500
2019-11-29,176.5500030517578,176.99000549316406,175.44000244140625,175.99000549316406,161.22952270507812,975600
2019-12-02,175.86000061035156,176.57000732421875,172.7899932861328,173.0,158.4902801513672,2099700
2019-12-03,170.89999389648438,171.07000732421875,167.14999389648438,168.0,153.90966796875,3921600
2019-12-04,169.1699981689453,172.88999938964844,168.9499969482422,171.4600067138672,157.07945251464844,3623000
2019-12-05,171.61000061035156,171.88999938964844,169.36000061035156,170.49000549316406,156.19081115722656,2647600
2019-12-06,172.30999755859375,174.1300048828125,171.7899932861328,172.0,157.57415771484375,2123900
2019-12-09,171.2899932861328,172.5800018310547,170.52000427246094,171.36000061035156,156.9878692626953,2078900
2019-12-10,170.8300018310547,172.5,170.1300048828125,171.85000610351562,157.43678283691406,1811600
2019-12-11,172.77999877929688,174.67999267578125,172.00999450683594,174.4499969482422,159.81871032714844,2015800
2019-12-12,174.08999633789062,176.32000732421875,173.1699981689453,175.22000122070312,160.52410888671875,3377700
2019-12-13,175.8300018310547,177.52999877929688,174.16000366210938,177.02999877929688,162.1822967529297,2842400
2019-12-16,178.2899932861328,180.83999633789062,178.02000427246094,180.08999633789062,164.9856414794922,3625600
2019-12-17,179.74000549316406,180.66000366210938,177.07000732421875,177.38999938964844,162.51214599609375,3516500
2019-12-18,177.75,179.3000030517578,176.5399932861328,178.22000122070312,163.27247619628906,3786000
2019-12-19,177.85000610351562,179.1999969482422,177.02999877929688,177.47000122070312,162.58538818359375,2479200
2019-12-20,178.80999755859375,180.55999755859375,176.72000122070312,180.39999389648438,165.26963806152344,6140100
2019-12-23,180.39999389648438,180.67999267578125,179.0,179.4199981689453,164.37184143066406,1888100
2019-12-24,179.75999450683594,180.47999572753906,179.36000061035156,179.88999938964844,164.8024139404297,666000
2019-12-26,180.36000061035156,180.9199981689453,179.5,180.80999755859375,165.64524841308594,1171700
2019-12-27,181.0,181.58999633789062,180.66000366210938,181.41000366210938,166.19496154785156,1363000
2019-12-30,181.14999389648438,181.3800048828125,179.60000610351562,180.14999389648438,165.04063415527344,1493000
2019-12-31,179.9600067138672,181.25999450683594,179.5399932861328,180.7899932861328,165.6269073486328,1588800
2020-01-02,180.9499969482422,182.3800048828125,179.97000122070312,182.27000427246094,166.9828338623047,2444800
2020-01-03,179.5399932861328,181.19000244140625,178.2899932861328,180.97999572753906,165.80101013183594,2344200
2020-01-06,179.6999969482422,180.0800018310547,177.94000244140625,179.42999267578125,164.38101196289062,3142500
2020-01-07,179.22999572753906,179.5800018310547,177.61000061035156,178.07000732421875,163.13510131835938,4096400
2020-01-08,177.88999938964844,181.0500030517578,177.47999572753906,180.02000427246094,164.92153930664062,2817500
2020-01-09,180.50999450683594,180.8300018310547,178.57000732421875,179.10000610351562,164.07870483398438,3311100
2020-01-10,179.10000610351562,179.92999267578125,177.82000732421875,177.94000244140625,163.01597595214844,2944300
2020-01-13,177.99000549316406,179.99000549316406,177.63999938964844,179.89999389648438,164.8115692138672,2035200
2020-01-14,180.5,182.72999572753906,180.14999389648438,180.8000030517578,165.63609313964844,2805900
2020-01-15,181.6300048828125,182.4199981689453,180.6300048828125,180.8000030517578,165.63609313964844,3450700
2020-01-16,181.55999755859375,184.1699981689453,180.91000366210938,183.89999389648438,168.47608947753906,3227400
2020-01-17,183.67999267578125,185.64999389648438,183.0,185.32000732421875,169.77700805664062,4008600
2020-01-21,184.16000366210938,184.52999877929688,181.1199951171875,182.4600067138672,167.15689086914062,3440900
2020-01-22,183.27000427246094,183.41000366210938,180.44000244140625,180.92999267578125,165.75521850585938,2993900
2020-01-23,183.5,187.67999267578125,180.92999267578125,187.19000244140625,171.4901580810547,4950500
2020-01-24,186.13999938964844,188.9600067138672,184.52999877929688,185.67999267578125,170.1068115234375,2734000
2020-01-27,182.02999877929688,183.9600067138672,178.3000030517578,178.47000122070312,163.50155639648438,4183900
2020-01-28,180.27000427246094,181.67999267578125,179.4499969482422,179.63999938964844,164.57339477539062,3264500
2020-01-29,181.60000610351562,184.27000427246094,180.44000244140625,181.77999877929688,166.5338897705078,2270800
2020-01-30,179.6699981689453,183.5,179.00999450683594,183.07000732421875,167.71572875976562,2994400
2020-01-31,181.69000244140625,182.47000122070312,178.5,179.4199981689453,164.37184143066406,3653700
2020-02-03,180.8699951171875,182.0500030517578,179.39999389648438,180.2899932861328,165.1688690185547,2493100
2020-02-04,182.6999969482422,185.02000427246094,182.6999969482422,183.24000549316406,167.87147521972656,1857900
2020-02-05,185.85000610351562,185.85000610351562,184.3699951171875,185.08999633789062,169.56629943847656,2133500
2020-02-06,186.80999755859375,187.6699981689453,184.83999633789062,186.11000061035156,170.50076293945312,2932400
2020-02-07,184.75999450683594,185.64999389648438,183.22999572753906,183.8300018310547,168.4119873046875,2221400
2020-02-10,181.99000549316406,184.82000732421875,181.5800018310547,184.6699981689453,169.1815185546875,1782800
2020-02-11,185.6699981689453,185.67999267578125,183.10000610351562,183.3000030517578,167.92645263671875,1521700
2020-02-12,184.82000732421875,185.9600067138672,183.69000244140625,184.86000061035156,169.35560607910156,2612200
2020-02-13,183.9600067138672,185.5500030517578,183.30999755859375,184.63999938964844,169.15403747558594,1861500
2020-02-14,184.55999755859375,185.52999877929688,182.64999389648438,184.0,168.56773376464844,2134800
2020-02-18,183.4600067138672,184.49000549316406,181.66000366210938,182.10000610351562,166.82708740234375,3164400
2020-02-19,182.97999572753906,185.5,182.67999267578125,183.5,168.10963439941406,2807200
2020-02-20,183.3300018310547,184.52000427246094,181.66000366210938,183.39999389648438,168.01805114746094,2190900
2020-02-21,182.1199951171875,182.8300018310547,180.77999877929688,181.72000122070312,166.4789581298828,2890700
2020-02-24,176.19000244140625,177.80999755859375,174.39999389648438,176.8000030517578,161.97161865234375,6785100
2020-02-25,177.4499969482422,178.1199951171875,170.00999450683594,170.88999938964844,156.55726623535156,7631700
2020-02-26,169.6300048828125,172.82000732421875,165.5399932861328,165.75,151.84835815429688,4921400
2020-02-27,160.4600067138672,165.13999938964844,156.32000732421875,159.6199951171875,147.09332275390625,7914700
2020-02-28,155.00999450683594,159.97999572753906,152.7899932861328,159.80999755859375,147.26840209960938,7045800
2020-03-02,160.58999633789062,161.97000122070312,155.32000732421875,160.33999633789062,147.75680541992188,7064800
2020-03-03,160.6999969482422,167.6199951171875,156.35000610351562,157.33999633789062,144.9922332763672,5654000
2020-03-04,159.85000610351562,162.97999572753906,158.22000122070312,162.1699981689453,149.44317626953125,4415000
2020-03-05,157.63999938964844,159.8000030517578,153.72000122070312,154.9600067138672,142.79904174804688,4901900
2020-03-06,149.52000427246094,156.92999267578125,148.8800048828125,156.08999633789062,143.84031677246094,4643300
2020-03-09,145.1999969482422,145.5800018310547,133.17999267578125,135.83999633789062,125.17950439453125,9400200
2020-03-10,141.8300018310547,147.0,139.1699981689453,146.82000732421875,135.2978515625,8090300
2020-03-11,142.02000427246094,143.42999267578125,138.91000366210938,141.55999755859375,130.45059204101562,7074800
2020-03-12,130.14999389648438,142.17999267578125,125.0,132.0500030517578,121.68694305419922,8805200
2020-03-13,139.5500030517578,143.85000610351562,134.80999755859375,143.85000610351562,132.56089782714844,7886400
2020-03-16,128.0500030517578,135.8699951171875,122.30000305175781,125.0999984741211,115.2823715209961,7102700
2020-03-17,127.33000183105469,132.7100067138672,120.37999725341797,128.6300048828125,118.53535461425781,8021700
2020-03-18,120.7699966430664,123.30999755859375,105.08000183105469,115.08000183105469,106.0487289428711,10869900
2020-03-19,114.27999877929688,123.68000030517578,111.68000030517578,121.6500015258789,112.10311889648438,8514300
2020-03-20,124.0999984741211,125.75,113.45999908447266,117.83999633789062,108.59213256835938,6668100
2020-03-23,110.38999938964844,119.33999633789062,109.61000061035156,114.04000091552734,105.09034729003906,6011000
2020-03-24,121.36000061035156,130.11000061035156,118.80000305175781,128.8699951171875,118.75653076171875,7018900
2020-03-25,127.37999725341797,141.08999633789062,127.0,132.91000366210938,122.4794692993164,6923200
2020-03-26,137.02999877929688,143.38999938964844,134.02000427246094,142.49000549316406,131.30763244628906,6068600
2020-03-27,135.6199951171875,143.6199951171875,134.16000366210938,139.0500030517578,128.13763427734375,4962400
2020-03-30,137.5399932861328,143.30999755859375,136.32000732421875,140.1999969482422,129.19732666015625,3309200
2020-03-31,137.72000122070312,144.7100067138672,137.52999877929688,141.0399932861328,129.97145080566406,4247100
2020-04-01,134.02999877929688,137.97000122070312,132.5,136.49000549316406,125.77853393554688,5125600
2020-04-02,135.27000427246094,142.3699951171875,134.8000030517578,141.8000030517578,130.6717987060547,6009000
2020-04-03,140.8699951171875,142.5500030517578,136.58999633789062,138.57000732421875,127.69526672363281,4088000
2020-04-06,145.77999877929688,149.2899932861328,145.7100067138672,147.85000610351562,136.24700927734375,4865900
2020-04-07,152.3300018310547,153.50999450683594,145.25999450683594,145.75999450683594,134.3209686279297,4729000
2020-04-08,147.52000427246094,150.7899932861328,145.41000366210938,149.6199951171875,137.8780517578125,3625600
2020-04-09,151.25999450683594,153.19000244140625,147.0500030517578,148.72999572753906,137.05792236328125,4535900
2020-04-13,147.83999633789062,149.0800018310547,144.6999969482422,146.89999389648438,135.3715362548828,2525000
2020-04-14,149.08999633789062,151.3300018310547,147.80999755859375,148.97000122070312,137.2790985107422,2235900
2020-04-15,145.25999450683594,147.4199981689453,143.6300048828125,146.66000366210938,135.15042114257812,3457000
2020-04-16,146.5800018310547,147.02000427246094,141.27000427246094,143.99000549316406,132.68995666503906,5015300
2020-04-17,148.58999633789062,150.85000610351562,147.61000061035156,149.88999938964844,138.1269073486328,5081400
2020-04-20,147.30999755859375,149.17999267578125,144.55999755859375,146.61000061035156,135.1043243408203,4289200
2020-04-21,142.50999450683594,145.80999755859375,141.22000122070312,144.41000366210938,133.07696533203125,4049200
2020-04-22,146.52999877929688,148.36000061035156,144.8699951171875,147.10000610351562,135.55584716796875,3970600
2020-04-23,156.9199981689453,158.25999450683594,152.0,152.2899932861328,140.33856201171875,6233300
2020-04-24,156.47999572753906,158.07000732421875,153.44000244140625,156.08999633789062,143.84031677246094,4800200
2020-04-27,159.88999938964844,161.22999572753906,158.02000427246094,158.9600067138672,146.485107421875,4633800
2020-04-28,161.52000427246094,162.4600067138672,159.0,161.36000061035156,148.69677734375,3173000
2020-04-29,165.16000366210938,166.22999572753906,162.77999877929688,163.0500030517578,150.25411987304688,2778600
2020-04-30,160.5399932861328,161.85000610351562,158.22999572753906,159.7899932861328,147.2499542236328,3757000
2020-05-01,157.6999969482422,157.6999969482422,154.74000549316406,156.63999938964844,144.34715270996094,3089000
2020-05-04,155.13999938964844,155.1999969482422,152.38999938964844,154.82000732421875,142.67001342773438,2416100
2020-05-05,156.57000732421875,159.17999267578125,155.8800048828125,156.3800048828125,144.1075897216797,2269500
2020-05-06,156.5800018310547,157.1300048828125,153.88999938964844,154.3000030517578,142.19078063964844,2095200
2020-05-07,156.55999755859375,157.9600067138672,155.5399932861328,156.22000122070312,143.96009826660156,2411500
2020-05-08,158.69000244140625,159.36000061035156,157.8800048828125,158.25999450683594,145.84002685546875,2309300
2020-05-11,156.67999267578125,157.9499969482422,155.8000030517578,156.85000610351562,144.54067993164062,2857400
2020-05-12,156.32000732421875,157.17999267578125,153.99000549316406,153.99000549316406,141.90518188476562,2683500
2020-05-13,152.94000244140625,153.9499969482422,150.5399932861328,152.74000549316406,140.7532501220703,3499700
2020-05-14,150.80999755859375,152.67999267578125,147.0500030517578,152.44000244140625,140.47677612304688,3930400
2020-05-15,150.99000549316406,152.8800048828125,149.75999450683594,151.24000549316406,139.3710174560547,5127700
2020-05-18,157.4600067138672,160.86000061035156,155.8300018310547,159.1199951171875,146.63250732421875,5423000
2020-05-19,159.1199951171875,162.91000366210938,158.75,159.25999450683594,146.76153564453125,3136400
2020-05-20,165.0,168.6999969482422,164.14999389648438,166.02999877929688,153.00025939941406,4294300
2020-05-21,165.25,165.97999572753906,163.00999450683594,163.58999633789062,150.75173950195312,2277100
2020-05-22,163.67999267578125,165.42999267578125,162.16000366210938,165.16000366210938,152.19857788085938,1773900
2020-05-26,170.32000732421875,171.00999450683594,168.27999877929688,169.89999389648438,156.56654357910156,4150500
2020-05-27,171.86000061035156,174.0800018310547,171.10000610351562,173.83999633789062,160.1973419189453,3174400
2020-05-28,173.0399932861328,173.63999938964844,169.3300018310547,170.50999450683594,158.01034545898438,4065700
2020-05-29,170.19000244140625,171.44000244140625,168.36000061035156,169.86000061035156,157.40798950195312,3677000
2020-06-01,169.36000061035156,170.47000122070312,167.77999877929688,169.5,157.07440185546875,2929800
2020-06-02,170.75,173.5,169.5,170.94000244140625,158.40884399414062,3000000
2020-06-03,173.63999938964844,178.85000610351562,173.02000427246094,178.0500030517578,164.9976043701172,3897900
2020-06-04,176.3800048828125,177.69000244140625,175.25999450683594,176.42999267578125,163.49636840820312,2933300
2020-06-05,183.11000061035156,187.8300018310547,182.42999267578125,184.8300018310547,171.2805938720703,5608600
2020-06-08,183.9600067138672,185.99000549316406,179.86000061035156,181.66000366210938,168.34298706054688,3436600
2020-06-09,178.05999755859375,180.4199981689453,177.0,178.16000366210938,165.09954833984375,3569700
2020-06-10,177.85000610351562,178.75999450683594,174.9499969482422,175.42999267578125,162.56967163085938,3321200
2020-06-11,170.0,170.13999938964844,163.2100067138672,163.2899932861328,151.31961059570312,6234700
2020-06-12,168.2100067138672,168.55999755859375,162.4600067138672,166.17999267578125,153.9977569580078,3373000
2020-06-15,161.72000122070312,169.13999938964844,161.41000366210938,167.92999267578125,155.61949157714844,2948600
2020-06-16,173.2899932861328,174.47999572753906,168.36000061035156,170.97000122070312,158.4366455078125,3554000
2020-06-17,172.1999969482422,173.5500030517578,170.6699981689453,171.1699981689453,158.62193298339844,3463800
2020-06-18,170.02999877929688,171.88999938964844,169.72000122070312,170.85000610351562,158.325439453125,2714800
2020-06-19,173.52999877929688,173.52999877929688,166.8000030517578,167.85000610351562,155.5453643798828,7119600
2020-06-22,167.05999755859375,168.85000610351562,165.89999389648438,168.1999969482422,155.8697052001953,2647600
2020-06-23,170.3699951171875,171.25999450683594,169.24000549316406,169.36000061035156,156.9446563720703,2881400
2020-06-24,167.7100067138672,168.9499969482422,165.02999877929688,165.5500030517578,153.4139404296875,3206300
2020-06-25,165.14999389648438,167.24000549316406,162.77999877929688,167.02000427246094,154.77622985839844,3441100
2020-06-26,167.0399932861328,168.13999938964844,162.1300048828125,162.63999938964844,150.71725463867188,8491200
2020-06-29,163.83999633789062,165.94000244140625,162.1999969482422,165.50999450683594,153.3768768310547,2658700
2020-06-30,164.5800018310547,170.2100067138672,164.36000061035156,169.07000732421875,156.67591857910156,4068600
2020-07-01,169.49000549316406,170.72999572753906,166.22999572753906,166.8800048828125,154.6464385986328,2914100
2020-07-02,169.17999267578125,170.69000244140625,167.88999938964844,169.0800018310547,156.68516540527344,2271400
2020-07-06,171.0800018310547,172.36000061035156,170.11000061035156,172.16000366210938,159.53939819335938,2498100
2020-07-07,170.39999389648438,172.1999969482422,169.25,169.77999877929688,157.3338623046875,2380800
2020-07-08,169.58999633789062,172.27999877929688,168.7899932861328,169.0399932861328,156.64810180664062,3362600
2020-07-09,169.49000549316406,169.49000549316406,164.72000122070312,165.99000549316406,153.8217010498047,2977500
2020-07-10,166.0,167.25999450683594,164.6699981689453,166.38999938964844,154.19236755371094,2300300
2020-07-13,168.22999572753906,170.9600067138672,166.7100067138672,169.1699981689453,156.7686004638672,2975900
2020-07-14,168.25999450683594,172.58999633789062,168.00999450683594,171.88999938964844,159.2891845703125,3015300
2020-07-15,174.77000427246094,175.47999572753906,173.4199981689453,174.38999938964844,161.6059112548828,2493000
2020-07-16,174.22000122070312,178.3800048828125,173.97000122070312,176.8699951171875,163.90411376953125,3319700
2020-07-17,177.83999633789062,182.52000427246094,176.88999938964844,181.25,167.96304321289062,6132900
2020-07-20,180.27000427246094,181.0399932861328,176.2899932861328,177.38999938964844,164.385986328125,2885700
2020-07-21,177.8300018310547,180.39999389648438,177.8300018310547,178.66000366210938,165.56288146972656,2230700
2020-07-22,177.33999633789062,180.49000549316406,177.1699981689453,179.3800048828125,166.23011779785156,2951300
2020-07-23,178.77000427246094,179.52000427246094,172.83999633789062,175.0,162.17117309570312,4010600
2020-07-24,175.63999938964844,177.07000732421875,174.72000122070312,176.1199951171875,163.20909118652344,2720300
2020-07-27,175.57000732421875,179.24000549316406,175.05999755859375,176.82000732421875,163.85777282714844,2738200
2020-07-28,176.36000061035156,177.27999877929688,174.08999633789062,174.41000366210938,161.62445068359375,1965800
2020-07-29,174.44000244140625,178.3800048828125,174.2899932861328,177.97999572753906,164.9327392578125,2736700
2020-07-30,175.8699951171875,176.4199981689453,172.3699951171875,172.8000030517578,160.13247680664062,2775500
2020-07-31,172.41000366210938,173.69000244140625,167.57000732421875,173.35000610351562,160.6421661376953,5089500
2020-08-03,173.86000061035156,174.44000244140625,171.66000366210938,172.05999755859375,159.4467315673828,1982800
2020-08-04,171.8800048828125,173.6999969482422,171.4499969482422,173.67999267578125,160.9479522705078,1719600
2020-08-05,174.47000122070312,177.99000549316406,174.27999877929688,177.47000122070312,164.46014404296875,3040300
2020-08-06,177.72999572753906,180.57000732421875,177.1999969482422,179.61000061035156,166.44322204589844,1971400
2020-08-07,179.67999267578125,182.9600067138672,179.14999389648438,182.92999267578125,169.51988220214844,2192500
2020-08-10,183.75,187.27000427246094,183.4499969482422,186.85000610351562,173.15252685546875,3368600
2020-08-11,189.6699981689453,193.88999938964844,188.66000366210938,190.35000610351562,176.39596557617188,4215200
2020-08-12,191.86000061035156,193.5,190.77000427246094,191.8300018310547,177.7674102783203,2869900
2020-08-13,190.0,191.67999267578125,189.08999633789062,189.72000122070312,175.81211853027344,2248800
2020-08-14,189.58999633789062,193.6300048828125,189.14999389648438,191.9199981689453,177.850830078125,2502700
2020-08-17,193.0,195.08999633789062,192.36000061035156,193.8699951171875,179.65785217285156,3563000
2020-08-18,194.0,194.38999938964844,190.60000610351562,190.6999969482422,176.72027587890625,1688500
2020-08-19,191.6300048828125,192.17999267578125,190.72999572753906,190.9499969482422,176.95193481445312,1702000
2020-08-20,189.32000732421875,190.75,188.0800018310547,189.9199981689453,175.99745178222656,2082300
2020-08-21,190.4600067138672,191.7899932861328,188.75999450683594,191.57000732421875,177.52651977539062,2059300
2020-08-24,192.0500030517578,193.05999755859375,191.10000610351562,192.55999755859375,178.4439239501953,2045100
2020-08-25,193.6999969482422,195.08999633789062,192.77999877929688,194.89999389648438,180.61239624023438,2062000
2020-08-26,193.75,195.33999633789062,192.30999755859375,194.32000732421875,180.074951171875,1513300
2020-08-27,195.0800018310547,195.8000030517578,194.27999877929688,194.44000244140625,180.1861114501953,1536000
2020-08-28,193.52000427246094,195.63999938964844,192.85000610351562,195.1300048828125,181.73214721679688,1849500
2020-08-31,195.0,196.19000244140625,192.0399932861328,192.44000244140625,179.22683715820312,2061600
2020-09-01,192.24000549316406,195.88999938964844,191.08999633789062,195.8000030517578,182.3561248779297,1888100
2020-09-02,196.08999633789062,197.55999755859375,194.4199981689453,196.27999877929688,182.80319213867188,3394400
2020-09-03,197.75,197.9600067138672,189.3000030517578,190.5500030517578,177.46661376953125,4180800
2020-09-04,191.99000549316406,194.1199951171875,188.6699981689453,191.13999938964844,178.01609802246094,3624500
2020-09-08,190.64999389648438,191.4600067138672,188.5,188.66000366210938,175.7063751220703,2692700
2020-09-09,190.19000244140625,194.9499969482422,190.1300048828125,192.86000061035156,179.61798095703125,2750700
2020-09-10,193.7899932861328,194.63999938964844,192.0399932861328,193.0800018310547,179.82289123535156,2084700
2020-09-11,194.00999450683594,197.3300018310547,193.8699951171875,195.94000244140625,182.48651123046875,1912900
2020-09-14,197.22999572753906,199.85000610351562,195.89999389648438,198.83999633789062,185.18739318847656,1663600
2020-09-15,199.52000427246094,202.85000610351562,199.52000427246094,202.3699951171875,188.47500610351562,2328200
2020-09-16,203.74000549316406,205.77999877929688,201.11000061035156,201.4199981689453,187.59022521972656,2994700
2020-09-17,198.63999938964844,203.32000732421875,196.82000732421875,201.64999389648438,187.804443359375,2611300
2020-09-18,201.2100067138672,204.52999877929688,199.69000244140625,199.8000030517578,186.08148193359375,4164700
2020-09-21,196.0,196.91000366210938,190.72999572753906,194.0,180.6797332763672,2980600
2020-09-22,194.33999633789062,197.99000549316406,194.22000122070312,197.32000732421875,183.7717742919922,1864500
2020-09-23,198.10000610351562,200.82000732421875,193.6300048828125,194.32000732421875,180.977783203125,2199000
2020-09-24,194.3000030517578,198.2899932861328,192.94000244140625,195.6699981689453,182.23504638671875,1704900
2020-09-25,195.02999877929688,199.52999877929688,194.66000366210938,198.14999389648438,184.5447998046875,1712100
2020-09-28,201.58999633789062,202.1999969482422,199.1300048828125,199.4499969482422,185.75550842285156,2070900
2020-09-29,199.58999633789062,200.3800048828125,196.64999389648438,197.24000549316406,183.69725036621094,2294800
2020-09-30,198.1300048828125,202.1999969482422,196.32000732421875,196.8699951171875,183.35264587402344,3606200
2020-10-01,198.0,198.0,192.10000610351562,194.22999572753906,180.89390563964844,3147100
2020-10-02,191.02999877929688,198.58999633789062,190.8699951171875,196.35000610351562,182.86837768554688,3231400
2020-10-05,198.1999969482422,202.25,197.4499969482422,201.32000732421875,187.49710083007812,3376200
2020-10-06,202.0,204.0,199.2899932861328,199.41000366210938,185.71827697753906,3403800
2020-10-07,201.0800018310547,205.5800018310547,201.0,204.6199951171875,190.57054138183594,2214500
2020-10-08,204.88999938964844,205.5,201.55999755859375,203.77999877929688,189.7882080078125,1720300
2020-10-09,204.63999938964844,206.47999572753906,204.5500030517578,205.77999877929688,191.65089416503906,1724600
2020-10-12,208.67999267578125,208.82000732421875,205.4600067138672,206.35000610351562,192.18174743652344,2035500
2020-10-13,205.52000427246094,206.86000061035156,202.75,203.0,189.06178283691406,1882400
2020-10-14,203.61000061035156,205.3699951171875,203.44000244140625,204.80999755859375,190.7474822998047,2053100
2020-10-15,202.16000366210938,209.42999267578125,201.11000061035156,208.80999755859375,194.47283935546875,2588200
2020-10-16,209.3699951171875,210.9499969482422,207.82000732421875,209.85000610351562,195.44142150878906,3329500
2020-10-19,208.38999938964844,210.64999389648438,205.1699981689453,205.66000366210938,191.53912353515625,2110300
2020-10-20,206.5500030517578,210.08999633789062,206.00999450683594,206.77999877929688,192.58218383789062,1569500
2020-10-21,200.0500030517578,202.27000427246094,198.64999389648438,199.47999572753906,185.78343200683594,4141200
2020-10-22,193.99000549316406,194.27000427246094,185.8300018310547,187.13999938964844,174.29071044921875,7578800
2020-10-23,185.02000427246094,189.75,185.0,188.13999938964844,175.22206115722656,3897100
2020-10-26,186.52999877929688,186.92999267578125,182.0,184.6999969482422,172.0182647705078,4007100
2020-10-27,184.47999572753906,184.69000244140625,178.07000732421875,179.57000732421875,167.2405242919922,4542000
2020-10-28,175.7899932861328,178.22000122070312,173.07000732421875,173.3699951171875,161.46617126464844,4092200
2020-10-29,172.8300018310547,177.66000366210938,171.5,176.0399932861328,163.952880859375,5987900
2020-10-30,175.2899932861328,177.38999938964844,173.1300048828125,177.19000244140625,165.02389526367188,3747900
2020-11-02,179.72000122070312,181.69000244140625,176.89999389648438,179.24000549316406,166.93316650390625,3726500
2020-11-03,181.5,186.9600067138672,180.82000732421875,185.3800048828125,172.65158081054688,3983600
2020-11-04,189.6199951171875,191.72999572753906,186.39999389648438,186.74000549316406,173.91818237304688,4391900
2020-11-05,189.6199951171875,193.89999389648438,189.3000030517578,192.07000732421875,178.88226318359375,3998900
2020-11-06,191.25,191.80999755859375,189.0399932861328,190.07000732421875,177.01954650878906,1999600
2020-11-09,200.0,207.77999877929688,196.3300018310547,198.0,184.4050750732422,4487000
2020-11-10,198.86000061035156,203.5,197.9499969482422,201.25999450683594,187.4412078857422,4279800
2020-11-11,201.5800018310547,201.9499969482422,197.74000549316406,200.0,186.26776123046875,3134800
2020-11-12,199.52999877929688,201.2899932861328,197.75,200.49000549316406,186.72409057617188,2923200
2020-11-13,202.14999389648438,204.52000427246094,201.08999633789062,203.44000244140625,189.4715576171875,2292000
2020-11-16,206.5,209.94000244140625,204.52000427246094,206.7100067138672,192.5170440673828,3066200
2020-11-17,205.11000061035156,206.60000610351562,201.58999633789062,205.85000610351562,191.716064453125,2481000
2020-11-18,205.13999938964844,207.8800048828125,203.9499969482422,204.02999877929688,190.02102661132812,2244200
2020-11-19,202.6199951171875,204.8000030517578,200.6300048828125,204.5500030517578,190.50535583496094,1965000
2020-11-20,204.85000610351562,205.99000549316406,202.61000061035156,203.38999938964844,189.42498779296875,1911100
2020-11-23,205.1699981689453,207.5500030517578,204.63999938964844,207.38999938964844,193.1503448486328,2133300
2020-11-24,209.4600067138672,211.13999938964844,208.49000549316406,208.6999969482422,194.370361328125,2726100
2020-11-25,208.60000610351562,208.60000610351562,206.07000732421875,207.24000549316406,193.01065063476562,2046900
2020-11-27,207.57000732421875,207.85000610351562,205.0,205.63999938964844,192.42111206054688,1429300
2020-11-30,206.47999572753906,206.75,202.88999938964844,204.0800018310547,190.96139526367188,2537000
2020-12-01,205.6999969482422,208.2899932861328,202.1300048828125,202.39999389648438,189.38941955566406,4481200
2020-12-02,201.89999389648438,204.52999877929688,201.42999267578125,203.55999755859375,190.474853515625,2676300
2020-12-03,204.52000427246094,205.25999450683594,201.80999755859375,202.25999450683594,189.25840759277344,4152100
2020-12-04,202.10000610351562,206.4199981689453,202.10000610351562,206.0500030517578,192.80479431152344,2979900
2020-12-07,205.60000610351562,205.92999267578125,203.82000732421875,204.99000549316406,191.81289672851562,2071800
2020-12-08,203.64999389648438,206.6999969482422,203.2100067138672,205.2100067138672,192.01878356933594,2043600
2020-12-09,203.8300018310547,206.99000549316406,203.8300018310547,205.8800048828125,192.64572143554688,1937700
2020-12-10,204.97000122070312,205.74000549316406,201.38999938964844,202.52000427246094,189.501708984375,2206000
2020-12-11,200.67999267578125,203.75,200.0,203.05999755859375,190.00697326660156,1919600
2020-12-14,205.27000427246094,205.4600067138672,197.91000366210938,198.0,185.2722625732422,2163000
2020-12-15,198.80999755859375,201.4199981689453,197.4600067138672,200.3000030517578,187.42440795898438,1959500
2020-12-16,200.83999633789062,201.0,198.61000061035156,198.85000610351562,186.06761169433594,2094900
2020-12-17,200.02999877929688,202.80999755859375,199.00999450683594,202.1999969482422,189.2022705078125,2705900
2020-12-18,202.08999633789062,204.49000549316406,200.72999572753906,203.60000610351562,190.51226806640625,5918600
2020-12-21,199.61000061035156,203.8000030517578,199.61000061035156,202.49000549316406,189.4736328125,2035100
2020-12-22,201.8300018310547,203.50999450683594,201.44000244140625,201.52000427246094,188.56597900390625,1444200
2020-12-23,202.8300018310547,203.50999450683594,201.0500030517578,201.1699981689453,188.2384490966797,1787600
2020-12-24,201.25999450683594,203.85000610351562,200.47999572753906,203.38999938964844,190.31578063964844,691700
2020-12-28,203.97000122070312,206.5399932861328,203.5500030517578,205.64999389648438,192.43048095703125,1790200
2020-12-29,206.3000030517578,206.8300018310547,203.3800048828125,204.4199981689453,191.27955627441406,1735200
2020-12-30,204.8699951171875,206.5,204.61000061035156,205.97999572753906,192.73928833007812,1279700
2020-12-31,206.35000610351562,208.64999389648438,205.66000366210938,208.22000122070312,194.83531188964844,1739900
2021-01-04,208.0399932861328,209.02999877929688,201.3800048828125,203.00999450683594,189.96018981933594,2642400
2021-01-05,202.89999389648438,206.44000244140625,202.86000061035156,205.5,192.2901153564453,2127300
2021-01-06,205.5500030517578,211.61000061035156,205.1300048828125,209.8000030517578,196.31370544433594,2512400
2021-01-07,210.61000061035156,213.35000610351562,209.1199951171875,212.72000122070312,199.0460205078125,2023000
2021-01-08,218.0,221.27999877929688,216.99000549316406,218.82000732421875,204.75392150878906,3922900
2021-01-11,220.17999267578125,220.99000549316406,216.9499969482422,217.35000610351562,203.3783721923828,2969500
2021-01-12,217.05999755859375,220.44000244140625,213.86000061035156,218.63999938964844,204.58547973632812,3226000
2021-01-13,217.5800018310547,219.0,215.36000061035156,216.61000061035156,202.68594360351562,1466000
2021-01-14,217.9499969482422,218.1199951171875,215.7100067138672,216.16000366210938,202.26486206054688,1720000
2021-01-15,214.50999450683594,217.52000427246094,213.25,216.60000610351562,202.67662048339844,2325200
2021-01-19,218.2100067138672,218.82000732421875,215.1300048828125,215.27999877929688,201.4414520263672,2841900
2021-01-20,217.08999633789062,218.4600067138672,215.7100067138672,218.17999267578125,204.155029296875,3239600
2021-01-21,210.0,216.89999389648438,207.88999938964844,207.89999389648438,194.53585815429688,6344000
2021-01-22,207.61000061035156,209.0,203.24000549316406,207.1300048828125,193.8153533935547,4290300
2021-01-25,205.16000366210938,207.14999389648438,201.1199951171875,206.4600067138672,193.18841552734375,4815200
2021-01-26,207.30999755859375,207.30999755859375,199.39999389648438,200.0500030517578,187.1904754638672,3867700
2021-01-27,196.02000427246094,198.8000030517578,193.13999938964844,194.3300018310547,181.83816528320312,3791000
2021-01-28,197.3800048828125,204.97999572753906,195.44000244140625,201.2899932861328,188.35076904296875,3406500
2021-01-29,199.2899932861328,200.8000030517578,196.77000427246094,197.47000122070312,184.77633666992188,3508000
2021-02-01,198.82000732421875,200.7100067138672,198.27000427246094,198.60000610351562,185.83367919921875,2228700
2021-02-02,200.5399932861328,207.1300048828125,200.0399932861328,205.92999267578125,192.69247436523438,3714100
2021-02-03,205.13999938964844,205.9199981689453,203.86000061035156,204.36000061035156,191.22340393066406,1731600
2021-02-04,204.77999877929688,206.64999389648438,203.3800048828125,204.4499969482422,191.3076171875,2552100
2021-02-05,206.5500030517578,207.67999267578125,203.86000061035156,204.1999969482422,191.07369995117188,2097000
2021-02-08,205.3000030517578,205.3000030517578,202.1199951171875,204.1199951171875,190.99884033203125,1995400
2021-02-09,204.44000244140625,205.60000610351562,202.52999877929688,204.64999389648438,191.4947509765625,1526600
2021-02-10,205.92999267578125,206.19000244140625,202.6999969482422,203.5,190.41868591308594,1766800
2021-02-11,205.11000061035156,207.8699951171875,204.35000610351562,207.22999572753906,193.90890502929688,2658000
2021-02-12,206.2100067138672,213.6999969482422,206.2100067138672,213.16000366210938,199.45773315429688,3318300
2021-02-16,213.3699951171875,215.4199981689453,210.4600067138672,213.99000549316406,200.234375,2936300
2021-02-17,213.24000549316406,213.8800048828125,209.80999755859375,211.22999572753906,197.6518096923828,3042700
2021-02-18,209.22000122070312,209.7899932861328,204.16000366210938,207.05999755859375,193.74986267089844,3621400
2021-02-19,208.0399932861328,211.55999755859375,207.89999389648438,209.05999755859375,195.62127685546875,3120800
2021-02-22,207.13999938964844,210.3699951171875,206.67999267578125,206.8300018310547,193.5346221923828,2775900
2021-02-23,207.35000610351562,208.0800018310547,204.67999267578125,206.9600067138672,193.65628051757812,2677500
2021-02-24,206.35000610351562,212.9499969482422,205.47000122070312,211.14999389648438,197.5769500732422,2355200
2021-02-25,209.77999877929688,210.88999938964844,207.89999389648438,208.6699981689453,196.15748596191406,4150200
2021-02-26,210.2100067138672,210.2100067138672,205.85000610351562,205.9600067138672,193.6100311279297,3707900
2021-03-01,208.5800018310547,211.60000610351562,207.77000427246094,209.17999267578125,196.63690185546875,4118200
2021-03-02,209.5500030517578,210.63999938964844,207.3300018310547,209.3000030517578,196.74969482421875,2315500
2021-03-03,209.3300018310547,209.8300018310547,205.99000549316406,206.22999572753906,193.8638153076172,2307400
2021-03-04,205.97999572753906,206.6999969482422,198.58999633789062,201.0800018310547,189.02259826660156,3208800
2021-03-05,203.0,210.14999389648438,200.63999938964844,209.7100067138672,197.1351318359375,3187200
2021-03-08,210.57000732421875,215.67999267578125,210.1699981689453,210.88999938964844,198.24435424804688,3068500
2021-03-09,212.0500030517578,214.97000122070312,211.22999572753906,211.6999969482422,199.00579833984375,2814500
2021-03-10,212.5,215.17999267578125,211.3800048828125,213.1199951171875,200.34063720703125,2764600
2021-03-11,214.82000732421875,216.5399932861328,213.1699981689453,214.52000427246094,201.65673828125,2573500
2021-03-12,215.86000061035156,217.5,213.9199981689453,214.08999633789062,201.25247192382812,2321100
2021-03-15,214.25,214.88999938964844,209.9600067138672,212.6699981689453,199.91763305664062,2881100
2021-03-16,213.1199951171875,213.1699981689453,208.91000366210938,211.6999969482422,199.00579833984375,2786100
2021-03-17,211.42999267578125,214.22999572753906,209.82000732421875,212.3000030517578,199.56982421875,2795200
2021-03-18,211.44000244140625,217.7100067138672,211.44000244140625,215.36000061035156,202.4463653564453,2866600
2021-03-19,215.42999267578125,215.52999877929688,209.2100067138672,210.8000030517578,198.15977478027344,7005200
2021-03-22,210.0800018310547,211.0,204.77999877929688,206.27000427246094,193.90139770507812,5863500
2021-03-23,207.25999450683594,210.52999877929688,206.5,208.0500030517578,195.57464599609375,3661700
2021-03-24,208.0,215.8000030517578,208.0,212.89999389648438,200.13385009765625,3245100
2021-03-25,212.52999877929688,216.52999877929688,211.82000732421875,216.08999633789062,203.13255310058594,2689300
2021-03-26,217.16000366210938,223.2100067138672,216.75,222.9199981689453,209.5530242919922,3653800
2021-03-29,222.8000030517578,223.9499969482422,220.24000549316406,222.97999572753906,209.60940551757812,2279800
2021-03-30,221.25999450683594,223.4199981689453,220.5399932861328,221.1300048828125,207.870361328125,2601500
2021-03-31,221.1199951171875,222.57000732421875,219.17999267578125,220.41000366210938,207.19354248046875,3246500
2021-04-01,220.8800048828125,221.7899932861328,219.02000427246094,220.2100067138672,207.00552368164062,2551300
2021-04-05,222.24000549316406,224.6199951171875,222.07000732421875,223.47000122070312,210.07003784179688,1958400
2021-04-06,223.97000122070312,224.08999633789062,220.8000030517578,221.10000610351562,207.8421630859375,1590800
2021-04-07,220.89999389648438,221.94000244140625,219.97000122070312,221.33999633789062,208.06776428222656,1634200
2021-04-08,221.0800018310547,221.5800018310547,220.0800018310547,220.17999267578125,206.97731018066406,1983900
2021-04-09,220.69000244140625,223.36000061035156,220.47000122070312,223.24000549316406,209.85382080078125,2383700
2021-04-12,222.55999755859375,225.27999877929688,222.50999450683594,223.5500030517578,210.1452178955078,2286500
2021-04-13,222.97999572753906,223.38999938964844,220.1999969482422,221.99000549316406,208.67877197265625,1799100
2021-04-14,222.47999572753906,223.39999389648438,221.5500030517578,222.60000610351562,209.2522430419922,1515300
2021-04-15,223.38999938964844,224.5,222.3699951171875,223.10000610351562,209.7222442626953,2008800
2021-04-16,224.91000366210938,225.77999877929688,222.13999938964844,222.7100067138672,209.3556365966797,2539800
2021-04-19,223.22999572753906,223.50999450683594,221.4499969482422,223.47000122070312,210.07003784179688,1911000
2021-04-20,222.77000427246094,225.33999633789062,220.13999938964844,220.6699981689453,207.43792724609375,2766000
2021-04-21,220.0800018310547,226.2100067138672,219.69000244140625,223.42999267578125,210.03240966796875,3470200
2021-04-22,218.97000122070312,221.11000061035156,216.05999755859375,217.97999572753906,204.90924072265625,4831400
2021-04-23,219.52000427246094,223.94000244140625,218.57000732421875,223.5399932861328,210.1358184814453,2975600
2021-04-26,223.97999572753906,226.9600067138672,223.77000427246094,224.58999633789062,211.12289428710938,2767600
2021-04-27,225.6999969482422,226.8000030517578,223.9499969482422,225.72999572753906,212.1945037841797,2239600
2021-04-28,225.67999267578125,228.32000732421875,225.52000427246094,226.19000244140625,212.626953125,2172900
2021-04-29,227.58999633789062,227.6199951171875,223.41000366210938,224.47999572753906,211.0194549560547,2239700
2021-04-30,223.64999389648438,224.35000610351562,220.25999450683594,222.08999633789062,208.77279663085938,3674700
2021-05-03,224.00999450683594,225.66000366210938,223.2100067138672,223.74000549316406,210.32388305664062,2771400
2021-05-04,223.1699981689453,225.91000366210938,222.6300048828125,225.6699981689453,212.13812255859375,2781500
2021-05-05,226.39999389648438,226.94000244140625,223.3000030517578,223.55999755859375,210.15464782714844,2649800
2021-05-06,224.47999572753906,227.35000610351562,224.11000061035156,227.2100067138672,213.58578491210938,1852100
2021-05-07,227.72999572753906,229.97000122070312,226.00999450683594,229.47999572753906,215.7196502685547,2073700
2021-05-10,230.1300048828125,231.25999450683594,228.24000549316406,228.44000244140625,214.7420196533203,1827200
2021-05-11,226.80999755859375,227.80999755859375,223.86000061035156,226.61000061035156,213.02175903320312,2085200
2021-05-12,225.52999877929688,226.33999633789062,221.89999389648438,222.0,208.68820190429688,2413100
2021-05-13,222.0,226.67999267578125,222.0,225.17999267578125,211.67747497558594,1915000
2021-05-14,226.75999450683594,229.3699951171875,225.8300018310547,227.86000061035156,214.19679260253906,1631800
2021-05-17,226.7100067138672,227.30999755859375,224.08999633789062,224.75999450683594,211.2826690673828,3062200
2021-05-18,225.0,225.22999572753906,221.97999572753906,222.44000244140625,209.101806640625,2937200
2021-05-19,220.25999450683594,222.33999633789062,218.02000427246094,222.3000030517578,208.97021484375,2832300
2021-05-20,222.02000427246094,222.92999267578125,220.22000122070312,221.9499969482422,208.6411590576172,2456000
2021-05-21,223.00999450683594,224.3800048828125,221.22999572753906,221.52000427246094,208.23696899414062,2463200
2021-05-24,222.52000427246094,224.38999938964844,221.91000366210938,223.55999755859375,210.15464782714844,2021400
2021-05-25,224.4499969482422,225.38999938964844,221.77999877929688,221.94000244140625,208.63180541992188,2372400
2021-05-26,224.36000061035156,224.82000732421875,221.8300018310547,223.85000610351562,210.42727661132812,5997100
2021-05-27,223.74000549316406,225.44000244140625,223.1199951171875,223.89999389648438,211.48513793945312,3558900
2021-05-28,225.27999877929688,225.80999755859375,224.35000610351562,224.72999572753906,212.26913452148438,1663800
2021-06-01,226.35000610351562,227.3800048828125,224.94000244140625,225.02999877929688,212.55250549316406,2133100
2021-06-02,224.24000549316406,226.35000610351562,223.69000244140625,224.4499969482422,212.0046844482422,2244600
2021-06-03,223.47000122070312,226.80999755859375,222.8800048828125,224.9499969482422,212.47691345214844,2260400
2021-06-04,226.50999450683594,227.10000610351562,224.52999877929688,226.1699981689453,213.6292724609375,1842500
2021-06-07,226.7100067138672,226.7100067138672,222.82000732421875,222.9499969482422,210.58779907226562,1926800
2021-06-08,222.17999267578125,223.47000122070312,219.63999938964844,221.8300018310547,209.52992248535156,2511500
2021-06-09,221.5800018310547,222.52000427246094,220.30999755859375,221.5,209.21824645996094,2117300
2021-06-10,222.3300018310547,223.1699981689453,219.39999389648438,219.58999633789062,207.41412353515625,3077100
2021-06-11,220.8300018310547,222.2100067138672,220.69000244140625,221.3300018310547,209.05763244628906,2029900
2021-06-14,220.5800018310547,222.75,220.1999969482422,222.6199951171875,210.27610778808594,1764200
2021-06-15,223.47000122070312,223.88999938964844,222.17999267578125,222.83999633789062,210.48394775390625,2030100
2021-06-16,223.5800018310547,223.5800018310547,220.3800048828125,222.05999755859375,209.7471923828125,2903500
2021-06-17,221.9199981689453,222.47999572753906,217.16000366210938,219.07000732421875,206.92298889160156,2962800
2021-06-18,216.35000610351562,217.2899932861328,214.50999450683594,214.80999755859375,202.89918518066406,4791300
2021-06-21,216.02999877929688,218.85000610351562,215.57000732421875,217.50999450683594,205.44944763183594,2962000
2021-06-22,216.72000122070312,219.3699951171875,216.02999877929688,218.99000549316406,206.847412109375,2311100
2021-06-23,219.83999633789062,221.39999389648438,218.74000549316406,219.11000061035156,206.9607391357422,2625800
2021-06-24,219.5500030517578,219.85000610351562,216.97999572753906,218.47000122070312,206.35623168945312,3485900
2021-06-25,219.0,221.5,218.2899932861328,221.27000427246094,209.00099182128906,4337900
2021-06-28,221.25,221.52000427246094,218.1199951171875,219.1300048828125,206.97964477539062,2133400
2021-06-29,219.88999938964844,220.3800048828125,217.9499969482422,218.64999389648438,206.5262451171875,2203300
2021-06-30,218.5399932861328,220.72999572753906,217.77000427246094,219.92999267578125,207.73529052734375,2828400
2021-07-01,221.52000427246094,223.6699981689453,221.30999755859375,223.5500030517578,211.15457153320312,2363900
2021-07-02,224.10000610351562,225.92999267578125,223.4199981689453,224.72000122070312,212.25970458984375,1706600
2021-07-06,225.22999572753906,225.5,221.30999755859375,223.80999755859375,211.40013122558594,2263600
2021-07-07,222.82000732421875,228.74000549316406,222.50999450683594,228.35000610351562,215.6884002685547,2610100
2021-07-08,222.10000610351562,223.22000122070312,217.41000366210938,218.33999633789062,206.2334442138672,5669000
2021-07-09,220.0,222.64999389648438,219.72999572753906,221.69000244140625,209.397705078125,4229900
2021-07-12,221.0,222.1300048828125,219.66000366210938,221.22000122070312,208.95375061035156,3412700
2021-07-13,220.8699951171875,221.39999389648438,219.0,219.17999267578125,207.02685546875,3465700
2021-07-14,219.9199981689453,221.41000366210938,219.25,220.0500030517578,207.84864807128906,4597300
2021-07-15,218.83999633789062,220.8800048828125,217.91000366210938,219.94000244140625,207.74472045898438,2070200
2021-07-16,219.88999938964844,220.82000732421875,217.80999755859375,218.4199981689453,206.3090057373047,2958100
2021-07-19,215.16000366210938,215.88999938964844,212.94000244140625,214.33999633789062,202.45521545410156,3682600
2021-07-20,213.99000549316406,217.63999938964844,213.99000549316406,215.47999572753906,203.53204345703125,3066400
2021-07-21,216.4499969482422,219.22000122070312,216.22000122070312,217.19000244140625,205.14720153808594,2320000
2021-07-22,223.17999267578125,224.5,219.0500030517578,219.5399932861328,207.3668975830078,4194900
2021-07-23,220.5,221.64999389648438,219.47000122070312,220.14999389648438,207.94308471679688,3946800
2021-07-26,219.92999267578125,222.0,218.61000061035156,220.19000244140625,207.9808349609375,2840900
2021-07-27,219.25,220.39999389648438,217.19000244140625,218.02999877929688,205.94064331054688,3199000
2021-07-28,218.8000030517578,219.0800018310547,215.5399932861328,216.55999755859375,204.5521240234375,2366200
2021-07-29,218.1999969482422,219.6300048828125,217.24000549316406,217.32000732421875,205.27001953125,1908000
2021-07-30,216.72999572753906,219.60000610351562,216.72999572753906,218.75999450683594,206.63014221191406,2324100
2021-08-02,220.49000549316406,220.9499969482422,217.3800048828125,217.52000427246094,205.45889282226562,1990900
2021-08-03,217.91000366210938,220.72999572753906,217.13999938964844,220.05999755859375,207.85806274414062,2278400
2021-08-04,219.44000244140625,219.6199951171875,217.19000244140625,217.6199951171875,205.55335998535156,2396900
2021-08-05,218.38999938964844,219.58999633789062,217.5800018310547,219.16000366210938,207.0079803466797,2051800
2021-08-06,219.88999938964844,221.6999969482422,219.6199951171875,220.5,208.273681640625,2480700
2021-08-09,219.8800048828125,220.5800018310547,219.44000244140625,219.9499969482422,207.75416564941406,1990000
2021-08-10,220.6199951171875,222.92999267578125,219.4600067138672,221.7100067138672,209.41659545898438,2061300
2021-08-11,222.3699951171875,226.5800018310547,221.86000061035156,226.38999938964844,213.8370819091797,3076400
2021-08-12,225.2899932861328,227.8699951171875,225.08999633789062,227.66000366210938,215.03668212890625,2015900
2021-08-13,228.08999633789062,228.57000732421875,226.60000610351562,227.8000030517578,215.16891479492188,1794100
2021-08-16,227.4499969482422,228.07000732421875,225.02999877929688,227.49000549316406,214.8760986328125,1803200
2021-08-17,226.75,226.85000610351562,223.1300048828125,225.86000061035156,213.3364715576172,2265100
2021-08-18,224.44000244140625,228.27999877929688,224.19000244140625,224.82000732421875,212.35414123535156,2277500
2021-08-19,223.10000610351562,225.50999450683594,222.39999389648438,223.77000427246094,211.36236572265625,2110400
2021-08-20,223.9499969482422,224.77000427246094,223.1300048828125,223.7100067138672,211.30569458007812,1608900
2021-08-23,224.3699951171875,226.0800018310547,223.50999450683594,223.77999877929688,211.37179565429688,1873200
2021-08-24,223.85000610351562,224.33999633789062,221.11000061035156,221.25,208.98211669921875,2390700
2021-08-25,221.5800018310547,222.02999877929688,220.4499969482422,221.2899932861328,209.0198516845703,1744000
2021-08-26,221.32000732421875,222.17999267578125,219.5399932861328,220.97999572753906,208.72705078125,3064500
2021-08-27,221.32000732421875,222.58999633789062,221.16000366210938,221.42999267578125,209.152099609375,1944800
2021-08-30,220.24000549316406,220.6199951171875,218.74000549316406,219.0800018310547,207.9372100830078,3485300
2021-08-31,219.58999633789062,219.85000610351562,215.5399932861328,216.83999633789062,205.81112670898438,5434800
2021-09-01,216.0399932861328,218.55999755859375,214.8000030517578,216.92999267578125,205.89654541015625,4309800
2021-09-02,217.3300018310547,219.10000610351562,216.86000061035156,217.52999877929688,206.4660186767578,2659400
2021-09-03,217.0,217.35000610351562,214.44000244140625,214.91000366210938,203.97930908203125,4355200
2021-09-07,214.6999969482422,216.75,212.6999969482422,213.0,202.1664276123047,3840100
2021-09-08,213.30999755859375,215.92999267578125,212.27000427246094,215.25,204.302001953125,3319700
2021-09-09,214.75,215.19000244140625,209.0500030517578,210.0500030517578,199.3665008544922,3887600
2021-09-10,211.0,211.92999267578125,207.60000610351562,207.75999450683594,197.1929473876953,2981900
2021-09-13,209.0500030517578,209.5500030517578,205.22000122070312,206.75,196.2343292236328,3209600
2021-09-14,207.5,207.5,202.61000061035156,203.41000366210938,193.06417846679688,4362800
2021-09-15,203.42999267578125,204.64999389648438,202.61000061035156,204.25,193.8614959716797,5225600
2021-09-16,205.0,205.91000366210938,203.11000061035156,203.44000244140625,193.0926971435547,3481900
2021-09-17,202.8699951171875,204.57000732421875,200.83999633789062,201.47000122070312,191.222900390625,7702800
2021-09-20,198.86000061035156,199.9199981689453,195.67999267578125,197.8699951171875,187.80596923828125,4370600
2021-09-21,199.1199951171875,199.5800018310547,196.1699981689453,196.61000061035156,186.6100616455078,3730300
2021-09-22,198.39999389648438,200.1699981689453,197.69000244140625,198.07000732421875,187.99583435058594,2907200
2021-09-23,199.3000030517578,203.30999755859375,199.17999267578125,201.72000122070312,191.46017456054688,3553500
2021-09-24,201.16000366210938,204.8699951171875,201.10000610351562,203.8000030517578,193.4343719482422,2908500
2021-09-27,203.58999633789062,206.49000549316406,203.5500030517578,203.9600067138672,193.5862579345703,2449600
2021-09-28,201.5500030517578,202.75999450683594,199.7100067138672,201.1199951171875,190.8907012939453,3792800
2021-09-29,201.3000030517578,202.6300048828125,200.92999267578125,201.67999267578125,191.4221954345703,3448800
2021-09-30,202.25,202.30999755859375,195.92999267578125,196.00999450683594,186.0405731201172,4098900
2021-10-01,197.7899932861328,202.9199981689453,197.2899932861328,201.74000549316406,191.47914123535156,3468600
2021-10-04,203.9499969482422,206.6199951171875,203.60000610351562,205.50999450683594,195.05740356445312,5531900
2021-10-05,205.1300048828125,211.97000122070312,205.1300048828125,209.97000122070312,199.29058837890625,4177300
2021-10-06,207.83999633789062,212.9499969482422,206.5500030517578,212.44000244140625,201.63491821289062,3074400
2021-10-07,214.5500030517578,215.4499969482422,211.3000030517578,211.8800048828125,201.10342407226562,2655200
2021-10-08,215.1699981689453,216.72000122070312,214.47000122070312,216.47999572753906,205.46945190429688,3352100
2021-10-11,216.86000061035156,218.07000732421875,214.8699951171875,214.91000366210938,203.97930908203125,2312000
2021-10-12,214.64999389648438,215.36000061035156,213.0,213.41000366210938,202.55560302734375,1975500
2021-10-13,213.75999450683594,216.5800018310547,213.25,215.85000610351562,204.8715057373047,2206100
2021-10-14,217.77999877929688,221.58999633789062,217.50999450683594,221.33999633789062,210.08226013183594,2559400
2021-10-15,222.94000244140625,225.6999969482422,221.94000244140625,225.16000366210938,213.70794677734375,2747400
2021-10-18,224.0,226.5500030517578,222.89999389648438,225.92999267578125,214.4387969970703,2287000
2021-10-19,227.3000030517578,227.49000549316406,224.8699951171875,225.75999450683594,214.27743530273438,1933300
2021-10-20,226.14999389648438,228.41000366210938,224.22000122070312,228.00999450683594,216.4130096435547,3454200
2021-10-21,229.5,232.08999633789062,226.94000244140625,231.27999877929688,219.51670837402344,3361500
2021-10-22,233.10000610351562,239.64999389648438,232.4600067138672,237.58999633789062,225.50576782226562,3809000
2021-10-25,238.3000030517578,241.17999267578125,237.17999267578125,240.27999877929688,228.05894470214844,3158000
2021-10-26,241.91000366210938,243.91000366210938,239.77000427246094,240.72000122070312,228.47654724121094,2409700
2021-10-27,240.55999755859375,243.27000427246094,239.32000732421875,239.3800048828125,227.20472717285156,2886300
2021-10-28,240.35000610351562,242.44000244140625,240.10000610351562,242.3000030517578,229.97621154785156,1998200
2021-10-29,240.4199981689453,242.88999938964844,239.39999389648438,241.39999389648438,229.12197875976562,2387000
2021-11-01,242.16000366210938,242.27000427246094,237.64999389648438,239.4600067138672,227.2806396484375,2547300
2021-11-02,240.27999877929688,242.44000244140625,238.74000549316406,240.44000244140625,228.21080017089844,1933200
2021-11-03,239.82000732421875,240.8000030517578,237.0399932861328,239.4600067138672,227.2806396484375,2535600
2021-11-04,239.75999450683594,239.88999938964844,236.0,237.1999969482422,225.13560485839844,3007800
2021-11-05,239.0,240.27999877929688,237.9499969482422,238.8300018310547,226.6826629638672,2313900
2021-11-08,240.0,240.0,237.58999633789062,239.4499969482422,227.2711639404297,1612900
2021-11-09,239.02000427246094,241.10000610351562,238.36000061035156,241.0,228.74232482910156,1778800
2021-11-10,241.6300048828125,242.5,240.47000122070312,241.5399932861328,229.25485229492188,1613800
2021-11-11,241.0,241.1300048828125,239.00999450683594,240.55999755859375,228.32469177246094,1443600
2021-11-12,241.00999450683594,244.0399932861328,239.86000061035156,242.44000244140625,230.1090850830078,1803800
2021-11-15,242.52000427246094,243.02999877929688,240.8699951171875,241.4600067138672,229.17892456054688,1633800
2021-11-16,242.00999450683594,244.33999633789062,240.97999572753906,241.47999572753906,229.19790649414062,1986100
2021-11-17,241.36000061035156,241.9600067138672,238.67999267578125,239.75,227.55589294433594,3023200
2021-11-18,239.5399932861328,241.52999877929688,238.02999877929688,240.24000549316406,228.02099609375,2754200
2021-11-19,241.19000244140625,243.0,238.22999572753906,241.30999755859375,229.03656005859375,2589000
2021-11-22,241.6999969482422,247.1199951171875,240.82000732421875,243.91000366210938,231.5043182373047,2381400
2021-11-23,243.3800048828125,247.75999450683594,242.77000427246094,247.3699951171875,234.788330078125,3004500
2021-11-24,246.6300048828125,247.14999389648438,245.22000122070312,246.60000610351562,234.0574951171875,2145700
2021-11-26,240.3800048828125,241.67999267578125,237.66000366210938,239.7899932861328,227.59384155273438,2566700
2021-11-29,241.5,243.00999450683594,239.33999633789062,239.4600067138672,227.2806396484375,3749000
2021-11-30,237.83999633789062,239.42999267578125,235.3000030517578,235.63999938964844,223.6549530029297,4488300
2021-12-01,237.6300048828125,239.7100067138672,233.2100067138672,233.25,221.38648986816406,3934700
2021-12-02,235.32000732421875,241.44000244140625,234.08999633789062,240.0800018310547,227.86911010742188,3783200
2021-12-03,241.1699981689453,243.02999877929688,238.0500030517578,240.42999267578125,228.20132446289062,2961100
2021-12-06,243.30999755859375,247.60000610351562,241.77000427246094,246.05999755859375,233.54495239257812,2623700
2021-12-07,247.25999450683594,249.94000244140625,246.80999755859375,247.47000122070312,234.88323974609375,2270700
2021-12-08,247.3000030517578,248.67999267578125,245.1999969482422,247.60000610351562,235.0066375732422,1814500
2021-12-09,247.05999755859375,249.38999938964844,246.05999755859375,247.25,234.6744384765625,1983000
2021-12-10,248.63999938964844,249.6999969482422,247.07000732421875,248.4600067138672,235.8228759765625,1937800
2021-12-13,247.57000732421875,248.47000122070312,244.38999938964844,245.74000549316406,233.24124145507812,2548300
2021-12-14,245.50999450683594,247.0,243.27999877929688,244.61000061035156,232.16871643066406,2682200
2021-12-15,246.0800018310547,247.36000061035156,244.00999450683594,247.1199951171875,234.551025390625,2517600
2021-12-16,247.91000366210938,249.89999389648438,246.2899932861328,248.35000610351562,235.71847534179688,2297200
2021-12-17,246.58999633789062,247.32000732421875,242.22999572753906,242.69000244140625,231.446044921875,4937100
2021-12-20,239.97999572753906,240.89999389648438,238.07000732421875,240.63999938964844,229.49102783203125,2769900
2021-12-21,242.6999969482422,244.38999938964844,240.77000427246094,242.22000122070312,230.99781799316406,2746200
2021-12-22,242.0,243.61000061035156,241.08999633789062,242.88999938964844,231.63677978515625,1623000
2021-12-23,243.27000427246094,246.80999755859375,243.14999389648438,245.63999938964844,234.2593994140625,1655700
2021-12-27,246.2100067138672,248.25,245.4199981689453,247.9499969482422,236.4623565673828,1176500
2021-12-28,247.86000061035156,250.3300018310547,247.33999633789062,249.22999572753906,237.68304443359375,1119700
2021-12-29,250.00999450683594,251.77000427246094,249.44000244140625,251.02999877929688,239.39964294433594,1106200
2021-12-30,251.27000427246094,251.66000366210938,248.5800018310547,249.5399932861328,237.9786834716797,1163300
2021-12-31,249.5399932861328,253.3300018310547,249.13999938964844,251.92999267578125,240.25794982910156,1516700
2022-01-03,253.25,253.5,246.5,247.77000427246094,236.2906951904297,2450200
2022-01-04,250.0,254.39999389648438,249.36000061035156,252.02999877929688,240.3533172607422,2647500
2022-01-05,252.85000610351562,254.7100067138672,251.66000366210938,252.7899932861328,241.07810974121094,3651300
2022-01-06,254.0,254.6999969482422,251.8800048828125,253.49000549316406,241.74569702148438,2342300
2022-01-07,252.7899932861328,256.1099853515625,251.57000732421875,254.77999877929688,242.97593688964844,2346800
2022-01-10,254.52999877929688,254.52999877929688,248.39999389648438,250.27999877929688,238.6844024658203,3341400
2022-01-11,250.75,251.19000244140625,245.07000732421875,246.4199981689453,235.0032196044922,3087200
2022-01-12,247.61000061035156,248.9600067138672,246.0399932861328,247.0,235.55633544921875,2480800
2022-01-13,247.5,248.77000427246094,246.69000244140625,247.6199951171875,236.1476287841797,2615100
2022-01-14,245.27000427246094,248.22999572753906,244.52999877929688,246.27000427246094,234.8601837158203,2525500
2022-01-18,244.8000030517578,245.5399932861328,236.8000030517578,238.0399932861328,227.01148986816406,5752100
2022-01-19,240.0,241.6999969482422,237.02999877929688,239.49000549316406,228.39430236816406,4910900
2022-01-20,237.22000122070312,245.66000366210938,237.0,242.07000732421875,230.8547821044922,4256100
2022-01-21,244.66000366210938,250.52999877929688,242.24000549316406,246.3300018310547,234.91741943359375,4932400
2022-01-24,242.9199981689453,245.9199981689453,239.1300048828125,245.10000610351562,233.74441528320312,5093200
2022-01-25,242.63999938964844,245.6699981689453,239.19000244140625,244.1199951171875,232.80978393554688,3325400
2022-01-26,246.58999633789062,250.14999389648438,242.36000061035156,244.8800048828125,233.53460693359375,3529100
2022-01-27,247.3300018310547,248.6699981689453,242.72000122070312,244.58999633789062,233.2580108642578,3045500
2022-01-28,245.0,246.0800018310547,239.60000610351562,245.92999267578125,234.5359344482422,2659900
2022-01-31,245.0,245.38999938964844,242.80999755859375,244.5500030517578,233.21986389160156,3522000
2022-02-01,244.80999755859375,248.3800048828125,243.82000732421875,246.7100067138672,235.27981567382812,2438500
2022-02-02,246.02999877929688,251.8000030517578,246.02999877929688,251.25999450683594,239.61900329589844,2640200
2022-02-03,250.3000030517578,251.69000244140625,243.5399932861328,244.35000610351562,233.02915954589844,3666700
2022-02-04,244.63999938964844,246.08999633789062,241.16000366210938,242.38999938964844,231.15992736816406,3603500
2022-02-07,244.16000366210938,244.97999572753906,240.14999389648438,241.14999389648438,229.9774169921875,3067400
2022-02-08,243.1999969482422,245.1699981689453,242.0500030517578,242.9499969482422,231.69400024414062,3027700
2022-02-09,245.1699981689453,246.6199951171875,243.72000122070312,246.49000549316406,235.07000732421875,3135200
2022-02-10,243.5500030517578,246.10000610351562,240.94000244140625,242.1199951171875,230.90245056152344,2034800
2022-02-11,241.33999633789062,244.49000549316406,237.7100067138672,238.80999755859375,227.74581909179688,2379100
2022-02-14,240.1300048828125,243.75,238.3800048828125,242.5500030517578,231.3125457763672,2429400
2022-02-15,245.0,249.97999572753906,244.47999572753906,249.32000732421875,237.76889038085938,3248500
2022-02-16,248.4499969482422,254.85000610351562,248.4499969482422,253.80999755859375,242.05087280273438,3493100
2022-02-17,252.30999755859375,253.3000030517578,249.55999755859375,250.99000549316406,239.36154174804688,2697500
2022-02-18,251.4600067138672,254.47999572753906,250.3300018310547,251.19000244140625,239.55223083496094,3319300
2022-02-22,251.0,252.27999877929688,245.27000427246094,246.27000427246094,234.8601837158203,4360300
2022-02-23,248.0399932861328,251.58999633789062,244.30999755859375,244.82000732421875,233.47735595703125,3346900
2022-02-24,240.41000366210938,242.8000030517578,236.80999755859375,242.08999633789062,230.87384033203125,3944100
2022-02-25,242.25999450683594,248.35000610351562,241.55999755859375,246.41000366210938,236.1446990966797,2548100
2022-02-28,240.52999877929688,246.49000549316406,239.63999938964844,245.9499969482422,235.7039031982422,3358100
2022-03-01,244.86000061035156,246.5500030517578,240.97999572753906,242.42999267578125,232.33050537109375,3327000
2022-03-02,243.22000122070312,253.3800048828125,242.9499969482422,252.3699951171875,241.85643005371094,3528900
2022-03-03,253.92999267578125,263.5899963378906,253.3300018310547,255.4600067138672,244.81773376464844,7218000
2022-03-04,254.67999267578125,264.7900085449219,253.6300048828125,264.6300048828125,253.605712890625,5924800
2022-03-07,264.0,270.1400146484375,261.2799987792969,261.4599914550781,250.5677490234375,5794000
2022-03-08,261.5,263.25,253.10000610351562,253.47000122070312,242.9105987548828,6229800
2022-03-09,257.3500061035156,259.3500061035156,251.5399932861328,253.6699981689453,243.10226440429688,6204400
2022-03-10,252.0,259.9100036621094,249.55999755859375,259.6499938964844,248.83316040039062,4501100
2022-03-11,259.010009765625,263.3999938964844,259.010009765625,261.5199890136719,250.625244140625,3873800
2022-03-14,263.3599853515625,263.8699951171875,255.64999389648438,257.6600036621094,246.92608642578125,3839200
2022-03-15,261.54998779296875,262.2900085449219,256.79998779296875,260.1300048828125,249.2931671142578,2913800
2022-03-16,262.1000061035156,264.92999267578125,260.260009765625,264.1499938964844,253.1456756591797,3958600
2022-03-17,260.9200134277344,264.4200134277344,258.44000244140625,263.55999755859375,252.58026123046875,3761500
2022-03-18,264.0,264.1600036621094,259.6499938964844,261.32000732421875,250.43357849121094,6342900
2022-03-21,260.8500061035156,265.44000244140625,260.239990234375,264.510009765625,253.49069213867188,5158400
2022-03-22,266.0,267.20001220703125,263.7900085449219,265.8599853515625,254.7844696044922,3704700
2022-03-23,265.05999755859375,269.7699890136719,264.5199890136719,267.67999267578125,256.52862548828125,2877100
2022-03-24,269.0,272.7699890136719,268.2699890136719,270.2099914550781,258.9532470703125,3400200
2022-03-25,271.3699951171875,273.5799865722656,270.2900085449219,273.3800048828125,261.9911804199219,2814300
2022-03-28,272.7200012207031,275.3999938964844,271.6499938964844,275.3399963378906,263.8695068359375,2548400
2022-03-29,275.20001220703125,276.82000732421875,269.3800048828125,273.6099853515625,262.2115478515625,2759500
2022-03-30,274.1300048828125,276.8699951171875,273.8599853515625,276.69000244140625,265.1632995605469,2770400
2022-03-31,275.57000732421875,278.94000244140625,273.2099914550781,273.2099914550781,261.8282775878906,3793000
2022-04-01,274.20001220703125,274.44000244140625,257.0,259.9599914550781,249.13021850585938,6367000
2022-04-04,259.760009765625,260.69000244140625,253.33999633789062,257.739990234375,247.0027313232422,4633400
2022-04-05,256.3599853515625,259.4800109863281,251.67999267578125,252.11000061035156,241.60726928710938,5042600
2022-04-06,249.92999267578125,250.49000549316406,240.36000061035156,242.92999267578125,232.8096923828125,6794200
2022-04-07,243.61000061035156,245.99000549316406,240.02000427246094,244.86000061035156,234.6593017578125,4793100
2022-04-08,241.22000122070312,245.36000061035156,239.67999267578125,241.97999572753906,231.8992462158203,3530700
2022-04-11,240.91000366210938,244.2899932861328,239.57000732421875,243.11000061035156,232.982177734375,2912100
2022-04-12,243.60000610351562,248.14999389648438,242.49000549316406,245.05999755859375,234.8509521484375,3097700
2022-04-13,244.75999450683594,246.30999755859375,242.66000366210938,244.6300048828125,234.4388885498047,3062000
2022-04-14,246.39999389648438,247.89999389648438,244.52999877929688,246.2100067138672,235.95306396484375,3180200
2022-04-18,245.0,246.8300018310547,240.22000122070312,242.1199951171875,232.03343200683594,3173200
2022-04-19,244.77000427246094,246.08999633789062,243.6199951171875,245.6199951171875,235.3876190185547,2269000
2022-04-20,246.08999633789062,249.24000549316406,246.08999633789062,247.07000732421875,236.77725219726562,2937700
2022-04-21,245.47000122070312,250.52000427246094,242.5399932861328,244.39999389648438,234.21844482421875,4179600
2022-04-22,242.25999450683594,242.66000366210938,233.83999633789062,234.3000030517578,224.53921508789062,5105300
2022-04-25,233.8300018310547,236.9600067138672,230.05999755859375,236.4199981689453,226.57090759277344,4129900
2022-04-26,235.60000610351562,237.86000061035156,233.42999267578125,233.58999633789062,223.85877990722656,2316200
2022-04-27,232.5399932861328,238.02999877929688,232.2899932861328,236.7899932861328,226.9254913330078,3489800
2022-04-28,236.7899932861328,239.8800048828125,236.42999267578125,239.25,229.28302001953125,4531800
2022-04-29,238.10000610351562,239.8800048828125,233.83999633789062,234.2899932861328,224.52963256835938,4407100
2022-05-02,235.47999572753906,236.33999633789062,228.6199951171875,232.8699951171875,223.1687774658203,3665800
2022-05-03,232.99000549316406,233.4499969482422,229.61000061035156,232.10000610351562,222.43087768554688,2285000
2022-05-04,233.27000427246094,237.63999938964844,231.41000366210938,237.08999633789062,227.21298217773438,2598400
2022-05-05,235.44000244140625,236.33999633789062,229.55999755859375,231.47999572753906,221.83670043945312,3005500
2022-05-06,230.52999877929688,230.58999633789062,225.77000427246094,229.58999633789062,220.02542114257812,2774900
2022-05-09,227.0,227.75999450683594,224.4199981689453,225.25,215.86622619628906,3288900
2022-05-10,227.99000549316406,228.22999572753906,218.27999877929688,222.60000610351562,213.32666015625,3845200
2022-05-11,222.86000061035156,228.1199951171875,222.4600067138672,223.8800048828125,214.55331420898438,2457500
2022-05-12,223.38999938964844,227.97999572753906,221.86000061035156,225.92999267578125,216.5178985595703,3230900
2022-05-13,226.8699951171875,232.35000610351562,226.7100067138672,230.75999450683594,221.1466827392578,3263800
2022-05-16,230.11000061035156,231.42999267578125,227.32000732421875,227.88999938964844,218.39625549316406,3091900
2022-05-17,231.47000122070312,233.08999633789062,229.2899932861328,232.19000244140625,222.51712036132812,2916400
2022-05-18,232.32000732421875,232.35000610351562,224.0800018310547,224.99000549316406,215.61708068847656,2620700
2022-05-19,219.42999267578125,220.3000030517578,212.72000122070312,216.5,207.48077392578125,5428100
2022-05-20,216.0,217.4499969482422,210.24000549316406,213.5800018310547,204.68238830566406,3796000
2022-05-23,215.49000549316406,217.10000610351562,214.3300018310547,216.88999938964844,207.85450744628906,3079300
2022-05-24,215.75,217.61000061035156,213.27000427246094,217.08999633789062,208.0461883544922,2159700
2022-05-25,217.67999267578125,219.5500030517578,215.64999389648438,217.4199981689453,208.36241149902344,2006700
2022-05-26,218.22999572753906,222.5800018310547,218.22999572753906,221.2899932861328,212.07119750976562,2045300
2022-05-27,221.66000366210938,224.25,220.8300018310547,222.5,214.49085998535156,1537400
2022-05-31,221.72999572753906,221.77999877929688,219.27000427246094,219.77999877929688,211.86875915527344,4405400
2022-06-01,221.1699981689453,222.58999633789062,219.9199981689453,221.32000732421875,213.35333251953125,2796200
2022-06-02,222.9199981689453,225.88999938964844,220.61000061035156,225.38999938964844,217.2768096923828,2091900
2022-06-03,223.80999755859375,225.32000732421875,221.8800048828125,224.0,215.9368438720703,1964400
2022-06-06,225.33999633789062,226.35000610351562,224.11000061035156,225.1699981689453,217.0647430419922,2151300
2022-06-07,218.9199981689453,229.05999755859375,217.1999969482422,228.75,220.515869140625,3772300
2022-06-08,225.5800018310547,225.85000610351562,220.0,221.67999267578125,213.7003631591797,2409300
2022-06-09,220.57000732421875,222.3800048828125,216.67999267578125,216.7899932861328,208.98638916015625,2198300
2022-06-10,213.8300018310547,215.16000366210938,210.00999450683594,211.1199951171875,203.52049255371094,2752200
2022-06-13,207.5,209.6999969482422,204.2100067138672,208.07000732421875,200.5802764892578,3374500
2022-06-14,209.5399932861328,212.25999450683594,207.5800018310547,208.49000549316406,200.98516845703125,2631600
2022-06-15,211.14999389648438,213.00999450683594,207.0500030517578,209.83999633789062,202.28656005859375,2236000
2022-06-16,205.74000549316406,209.5800018310547,205.32000732421875,208.19000244140625,200.69595336914062,3124500
2022-06-17,208.14999389648438,209.24000549316406,205.69000244140625,206.4499969482422,199.0186004638672,6079700
2022-06-21,210.0500030517578,211.47999572753906,208.08999633789062,209.47000122070312,201.9298858642578,2956000
2022-06-22,207.0,211.22000122070312,206.50999450683594,208.99000549316406,201.4671630859375,2098400
2022-06-23,209.72000122070312,211.35000610351562,207.47999572753906,209.75,202.19979858398438,2504700
2022-06-24,210.05999755859375,217.85000610351562,210.05999755859375,215.77999877929688,208.0127410888672,5516500
2022-06-27,216.82000732421875,216.82000732421875,212.42999267578125,213.85000610351562,206.1522216796875,1827600
2022-06-28,216.1300048828125,218.85000610351562,213.14999389648438,213.36000061035156,205.67987060546875,2156400
2022-06-29,214.02999877929688,214.02999877929688,210.4600067138672,213.14999389648438,205.4774169921875,2179000
2022-06-30,210.0,213.4199981689453,209.02000427246094,213.27999877929688,205.60275268554688,2314100
2022-07-01,212.5,216.2100067138672,211.3000030517578,215.25999450683594,207.51145935058594,1765900
2022-07-05,213.19000244140625,213.2100067138672,207.6699981689453,210.1699981689453,202.6046905517578,2236000
2022-07-06,209.5,212.5800018310547,207.17999267578125,209.72000122070312,202.17088317871094,2655800
2022-07-07,210.02999877929688,213.22000122070312,208.77999877929688,212.6300048828125,204.9761199951172,2007200
2022-07-08,212.05999755859375,213.0800018310547,205.64999389648438,209.6999969482422,202.151611328125,1850900
2022-07-11,208.80999755859375,211.1199951171875,208.24000549316406,209.8699951171875,202.3154754638672,1818500
2022-07-12,206.47999572753906,208.6699981689453,205.10000610351562,206.5,199.0668182373047,2653900
2022-07-13,204.99000549316406,208.61000061035156,204.2899932861328,206.7100067138672,199.2692413330078,1902500
2022-07-14,203.5,205.97000122070312,202.3800048828125,205.52000427246094,198.12208557128906,2306600
2022-07-15,209.14999389648438,210.85000610351562,207.86000061035156,209.1300048828125,201.6021270751953,3997500
2022-07-18,210.4199981689453,212.77999877929688,209.5500030517578,210.22000122070312,202.65289306640625,1990100
2022-07-19,212.11000061035156,217.27999877929688,211.61000061035156,216.89999389648438,209.09242248535156,2387700
2022-07-20,216.89999389648438,217.85000610351562,214.08999633789062,214.4499969482422,206.73062133789062,3152100
2022-07-21,212.5,214.36000061035156,209.80999755859375,211.89999389648438,204.27239990234375,4130900
2022-07-22,212.2100067138672,214.25999450683594,210.8000030517578,213.39999389648438,205.71841430664062,2612600
2022-07-25,213.38999938964844,217.57000732421875,212.60000610351562,217.36000061035156,209.535888671875,2534200
2022-07-26,216.36000061035156,217.6300048828125,214.4499969482422,215.97000122070312,208.1959228515625,1927900
2022-07-27,216.39999389648438,221.1999969482422,215.67999267578125,219.88999938964844,211.9748077392578,2041500
2022-07-28,220.36000061035156,224.10000610351562,219.11000061035156,223.74000549316406,215.68624877929688,2337200
2022-07-29,223.4199981689453,228.22999572753906,223.27999877929688,227.3000030517578,219.11807250976562,2337000
2022-08-01,226.08999633789062,227.97999572753906,225.3300018310547,227.0800018310547,218.90599060058594,2245100
2022-08-02,225.63999938964844,225.63999938964844,221.5500030517578,222.5,214.49085998535156,2954300
2022-08-03,223.5399932861328,226.47000122070312,222.8699951171875,225.6300048828125,217.5081787109375,1922300
2022-08-04,225.97999572753906,228.97999572753906,224.42999267578125,227.35000610351562,219.16627502441406,1891900
2022-08-05,226.0,229.0399932861328,226.0,228.6199951171875,220.39056396484375,1482200
2022-08-08,230.0,231.3300018310547,227.7899932861328,227.86000061035156,219.65792846679688,1662500
2022-08-09,228.6699981689453,230.16000366210938,228.22000122070312,228.49000549316406,220.2652587890625,1778700
2022-08-10,232.11000061035156,236.4499969482422,230.91000366210938,235.75999450683594,227.2735595703125,2411500
2022-08-11,237.19000244140625,241.88999938964844,237.0,239.25,230.63792419433594,2746600
2022-08-12,239.99000549316406,241.17999267578125,238.60000610351562,239.9499969482422,231.31272888183594,2186700
2022-08-15,238.60000610351562,238.6999969482422,236.47999572753906,238.1699981689453,229.59677124023438,2070500
2022-08-16,237.75,242.36000061035156,237.75,241.35000610351562,232.66232299804688,2486800
2022-08-17,238.1199951171875,241.4199981689453,237.6699981689453,240.88999938964844,232.21888732910156,1686800
2022-08-18,241.5399932861328,242.27999877929688,240.0500030517578,241.91000366210938,233.20216369628906,1457500
2022-08-19,241.0,241.0,238.2899932861328,238.52000427246094,229.93421936035156,2082500
2022-08-22,235.47999572753906,237.88999938964844,234.75999450683594,237.50999450683594,228.96054077148438,2891100
2022-08-23,237.24000549316406,239.0500030517578,236.38999938964844,237.63999938964844,229.08587646484375,1638900
2022-08-24,237.3300018310547,239.02000427246094,236.85000610351562,238.2899932861328,229.7124481201172,1779700
2022-08-25,238.58999633789062,240.1300048828125,237.17999267578125,239.07000732421875,230.4644012451172,1624100
2022-08-26,238.5399932861328,239.1199951171875,230.9499969482422,231.27000427246094,222.94515991210938,1728800
2022-08-29,229.6199951171875,234.11000061035156,228.83999633789062,232.41000366210938,224.04412841796875,2139900
2022-08-30,230.97000122070312,231.49000549316406,224.52000427246094,225.24000549316406,218.35362243652344,3159400
2022-08-31,226.14999389648438,226.86000061035156,223.9600067138672,224.50999450683594,217.64588928222656,2420700
2022-09-01,223.66000366210938,226.27999877929688,222.8000030517578,226.05999755859375,219.14852905273438,2263200
2022-09-02,228.1199951171875,228.1199951171875,222.92999267578125,223.94000244140625,217.0933380126953,1571800
2022-09-06,223.94000244140625,229.6999969482422,223.5,227.97999572753906,221.0098114013672,2956400
2022-09-07,226.7899932861328,230.00999450683594,226.7899932861328,228.7899932861328,221.79505920410156,2858500
2022-09-08,227.74000549316406,230.57000732421875,227.22999572753906,230.33999633789062,223.29766845703125,2181800
2022-09-09,231.11000061035156,233.27999877929688,230.99000549316406,231.8800048828125,224.7906036376953,2016400
2022-09-12,234.38999938964844,235.2899932861328,232.55999755859375,234.16000366210938,227.00088500976562,2635500
2022-09-13,230.14999389648438,231.8800048828125,225.5500030517578,226.2899932861328,219.37149047851562,2378300
2022-09-14,223.3800048828125,223.8800048828125,214.00999450683594,217.9499969482422,211.28646850585938,5915000
2022-09-15,221.33999633789062,224.69000244140625,218.0399932861328,218.36000061035156,211.68394470214844,4148500
2022-09-16,213.86000061035156,214.6999969482422,207.5800018310547,212.0,205.5183868408203,7984100
2022-09-19,210.8699951171875,216.58999633789062,210.52000427246094,216.1999969482422,209.58999633789062,2863800
2022-09-20,213.8699951171875,215.2100067138672,210.6199951171875,213.27000427246094,206.74957275390625,2094100
2022-09-21,214.88999938964844,216.9600067138672,211.75999450683594,211.88999938964844,205.41175842285156,1917600
2022-09-22,211.36000061035156,212.50999450683594,208.83999633789062,209.1699981689453,202.77490234375,2508400
2022-09-23,206.5,207.1300048828125,202.1199951171875,203.97000122070312,197.73388671875,2585500
2022-09-26,202.94000244140625,203.85000610351562,199.08999633789062,200.86000061035156,194.71897888183594,3708100
2022-09-27,200.85000610351562,202.4199981689453,196.49000549316406,197.25,191.21934509277344,5466100
2022-09-28,198.27000427246094,203.55999755859375,197.4600067138672,201.8300018310547,195.65933227539062,3284900
2022-09-29,200.14999389648438,200.52000427246094,197.3699951171875,199.1999969482422,193.1097412109375,2072400
2022-09-30,198.02000427246094,199.3300018310547,194.72999572753906,194.82000732421875,188.86366271972656,3267600
2022-10-03,197.02000427246094,201.72000122070312,196.0399932861328,200.25999450683594,194.13731384277344,2489900
2022-10-04,202.83999633789062,205.39999389648438,202.1699981689453,205.3800048828125,199.10079956054688,2896500
2022-10-05,202.57000732421875,203.47999572753906,199.47999572753906,200.6199951171875,194.48631286621094,3065800
2022-10-06,200.16000366210938,201.41000366210938,197.8300018310547,198.2100067138672,192.14999389648438,2586800
2022-10-07,196.02000427246094,197.16000366210938,193.61000061035156,195.6199951171875,189.63919067382812,2875700
2022-10-10,197.1300048828125,198.07000732421875,193.7100067138672,194.0500030517578,188.1171875,2859500
2022-10-11,192.9199981689453,195.8000030517578,191.64999389648438,192.63999938964844,186.7502899169922,3094700
2022-10-12,192.82000732421875,195.85000610351562,191.9199981689453,192.1199951171875,186.24618530273438,2381300
2022-10-13,188.33999633789062,198.19000244140625,186.88999938964844,196.74000549316406,190.7249298095703,3482900
2022-10-14,198.7899932861328,199.19000244140625,193.4199981689453,193.7899932861328,187.86512756347656,2719400
2022-10-17,196.16000366210938,199.7100067138672,196.10000610351562,198.60000610351562,192.52806091308594,3002200
2022-10-18,202.22999572753906,203.72000122070312,199.00999450683594,201.63999938964844,195.47512817382812,2551300
2022-10-19,199.99000549316406,201.77000427246094,198.72999572753906,200.05999755859375,193.9434356689453,2386900
2022-10-20,192.5500030517578,194.77999877929688,185.8300018310547,186.4499969482422,180.74954223632812,6103200
2022-10-21,185.4499969482422,191.17999267578125,183.6999969482422,190.52999877929688,184.704833984375,6711600
2022-10-24,192.83999633789062,195.0,191.94000244140625,193.49000549316406,187.57431030273438,2994300
2022-10-25,193.5800018310547,195.02999877929688,192.6699981689453,194.61000061035156,188.66006469726562,2770000
2022-10-26,197.1999969482422,198.24000549316406,194.38999938964844,195.77999877929688,189.7943115234375,4134600
2022-10-27,197.25,199.92999267578125,195.5800018310547,196.0399932861328,190.0463409423828,3148200
2022-10-28,196.6199951171875,198.83999633789062,195.1199951171875,198.64999389648438,192.5765380859375,3724100
2022-10-31,198.57000732421875,198.61000061035156,195.0399932861328,197.13999938964844,191.1127166748047,3130300
2022-11-01,197.1999969482422,198.00999450683594,193.57000732421875,196.82000732421875,190.80250549316406,3042400
2022-11-02,196.35000610351562,198.9499969482422,192.16000366210938,192.52999877929688,186.64364624023438,3020000
2022-11-03,190.27999877929688,195.2100067138672,190.22000122070312,193.19000244140625,187.28346252441406,3238800
2022-11-04,195.55999755859375,197.77999877929688,194.17999267578125,196.6999969482422,190.68617248535156,3334000
2022-11-07,198.5,198.5,195.47000122070312,196.3000030517578,190.29840087890625,3757800
2022-11-08,198.14999389648438,205.1199951171875,197.77000427246094,204.00999450683594,197.77268981933594,6285100
2022-11-09,203.50999450683594,204.5399932861328,201.94000244140625,203.41000366210938,197.19100952148438,4682700
2022-11-10,210.8800048828125,213.19000244140625,209.08999633789062,212.99000549316406,206.47813415527344,4923400
2022-11-11,216.11000061035156,219.55999755859375,214.75999450683594,217.5,210.85025024414062,5176500
2022-11-14,216.85000610351562,221.4600067138672,216.2899932861328,216.9499969482422,210.3170623779297,3999000
2022-11-15,217.80999755859375,219.07000732421875,208.74000549316406,210.66000366210938,204.2193603515625,6235200
2022-11-16,211.14999389648438,213.19000244140625,210.47999572753906,212.27000427246094,205.7801513671875,3864600
2022-11-17,210.6300048828125,212.35000610351562,207.00999450683594,209.82000732421875,203.40504455566406,4561400
2022-11-18,211.61000061035156,212.19000244140625,209.3000030517578,210.5800018310547,204.14183044433594,2499500
2022-11-21,209.89999389648438,213.33999633789062,208.1999969482422,212.27000427246094,205.7801513671875,2365400
2022-11-22,213.57000732421875,217.72999572753906,212.82000732421875,213.1999969482422,206.6817169189453,2962500
2022-11-23,212.69000244140625,213.22999572753906,210.57000732421875,212.52000427246094,206.02249145507812,2405000
2022-11-25,213.0,215.4199981689453,212.47999572753906,213.3300018310547,206.8077392578125,1101900
2022-11-28,211.22999572753906,212.42999267578125,207.67999267578125,208.52000427246094,202.14479064941406,2755400
2022-11-29,208.9600067138672,213.24000549316406,208.11000061035156,212.77000427246094,206.2648468017578,2280600
2022-11-30,212.72000122070312,218.9499969482422,210.7100067138672,217.42999267578125,210.78236389160156,5173000
2022-12-01,219.16000366210938,219.16000366210938,214.88999938964844,215.92999267578125,209.32823181152344,2638400
2022-12-02,213.74000549316406,215.83999633789062,213.1999969482422,214.72999572753906,208.1649169921875,1760000
2022-12-05,212.94000244140625,213.5500030517578,210.41000366210938,211.05999755859375,204.60711669921875,2504500
2022-12-06,211.52999877929688,213.22999572753906,208.6999969482422,211.13999938964844,204.6846923828125,3097600
2022-12-07,211.0,214.7899932861328,210.58999633789062,212.22000122070312,205.73167419433594,2828600
2022-12-08,212.72999572753906,214.55999755859375,211.5399932861328,213.02999877929688,206.5168914794922,1585400
2022-12-09,212.39999389648438,213.0500030517578,211.0500030517578,211.35000610351562,204.8882598876953,2334400
2022-12-12,212.63999938964844,215.89999389648438,210.77000427246094,215.8300018310547,209.23130798339844,3017500
2022-12-13,220.89999389648438,221.4499969482422,215.85000610351562,218.02000427246094,211.35435485839844,3585000
2022-12-14,219.32000732421875,221.7100067138672,216.36000061035156,217.5800018310547,210.9277801513672,2749800
2022-12-15,214.75999450683594,215.11000061035156,210.75999450683594,212.30999755859375,205.81890869140625,3373200
2022-12-16,208.5500030517578,210.75,206.64999389648438,210.2100067138672,205.03860473632812,5194100
2022-12-19,210.1999969482422,210.41000366210938,204.75,206.38999938964844,201.31256103515625,2355300
2022-12-20,206.4600067138672,207.02000427246094,203.6699981689453,205.41000366210938,200.356689453125,4081900
2022-12-21,207.4600067138672,209.14999389648438,206.72000122070312,208.4199981689453,203.29261779785156,2756400
2022-12-22,207.02999877929688,208.67999267578125,205.13999938964844,208.66000366210938,203.5267333984375,2399300
2022-12-23,208.1999969482422,210.75,208.1999969482422,209.91000366210938,204.7459716796875,1639500
2022-12-27,210.4600067138672,211.4499969482422,208.85000610351562,210.32000732421875,205.14590454101562,1139700
2022-12-28,210.22999572753906,211.22999572753906,206.77999877929688,206.8699951171875,201.78074645996094,1631200
2022-12-29,208.0399932861328,210.36000061035156,207.13999938964844,209.22000122070312,204.07293701171875,1484800
2022-12-30,207.6699981689453,208.99000549316406,204.67999267578125,207.07000732421875,201.97586059570312,1554200
2023-01-03,207.2899932861328,207.8699951171875,205.1300048828125,207.5800018310547,202.47328186035156,1766300
2023-01-04,208.08999633789062,210.2100067138672,207.57000732421875,209.24000549316406,204.09246826171875,1830900
2023-01-05,207.72999572753906,208.67999267578125,202.75999450683594,203.0800018310547,198.08401489257812,2317500
2023-01-06,206.8000030517578,212.5500030517578,206.0,212.00999450683594,206.79429626464844,3375200
2023-01-09,212.19000244140625,215.8800048828125,211.10000610351562,211.4600067138672,206.25784301757812,2259500
2023-01-10,211.3800048828125,212.3800048828125,209.8699951171875,212.27999877929688,207.0576629638672,1225300
2023-01-11,213.24000549316406,214.6699981689453,212.1300048828125,214.25999450683594,208.98895263671875,1840500
2023-01-12,215.30999755859375,216.25,212.07000732421875,214.69000244140625,209.4083709716797,2034600
2023-01-13,212.91000366210938,214.1199951171875,212.16000366210938,213.22999572753906,207.9842987060547,1693500
2023-01-17,214.47000122070312,216.9600067138672,212.4499969482422,214.30999755859375,209.0377197265625,2186200
2023-01-18,214.64999389648438,215.80999755859375,209.1999969482422,209.47999572753906,204.32655334472656,2719400
2023-01-19,207.61000061035156,209.22000122070312,205.49000549316406,205.5,200.4444580078125,3065600
2023-01-20,205.86000061035156,208.72000122070312,203.52999877929688,208.66000366210938,203.5267333984375,5344000
2023-01-23,209.32000732421875,212.97000122070312,208.02000427246094,210.1300048828125,204.9605712890625,3155600
2023-01-24,205.0,207.0,201.0,203.17999267578125,198.1815185546875,4462600
2023-01-25,200.9600067138672,201.69000244140625,197.02999877929688,200.1199951171875,195.1968231201172,4163900
2023-01-26,198.47000122070312,201.60000610351562,194.5,201.47999572753906,196.52334594726562,4207000
2023-01-27,201.64999389648438,203.85000610351562,200.66000366210938,202.38999938964844,197.41098022460938,3429400
2023-01-30,200.85000610351562,203.94000244140625,200.0,200.1999969482422,195.27484130859375,2617500
2023-01-31,200.11000061035156,204.2100067138672,199.63999938964844,204.19000244140625,199.1667022705078,2958700
2023-02-01,203.2100067138672,209.10000610351562,202.6199951171875,207.92999267578125,202.81466674804688,3080100
2023-02-02,208.0,214.88999938964844,206.9499969482422,213.41000366210938,208.1598663330078,3446000
2023-02-03,210.57000732421875,212.8800048828125,209.58999633789062,210.2899932861328,205.1166229248047,2142100
2023-02-06,209.02000427246094,210.3800048828125,208.07000732421875,208.9600067138672,203.81935119628906,1665600
2023-02-07,207.0399932861328,210.3800048828125,206.55999755859375,209.0399932861328,203.89736938476562,2067500
2023-02-08,208.3699951171875,209.5800018310547,206.52000427246094,207.13999938964844,202.0441131591797,1805100
2023-02-09,208.13999938964844,208.63999938964844,202.4499969482422,202.80999755859375,197.82064819335938,2989900
2023-02-10,202.22000122070312,206.10000610351562,201.75999450683594,205.5,200.4444580078125,2599900
2023-02-13,204.9199981689453,208.94000244140625,204.52999877929688,206.0500030517578,200.98094177246094,4095400
2023-02-14,205.86000061035156,205.92999267578125,201.60000610351562,204.02999877929688,199.01063537597656,2174600
2023-02-15,201.61000061035156,203.1199951171875,199.4199981689453,203.11000061035156,198.11328125,2880000
2023-02-16,199.67999267578125,203.0399932861328,199.4499969482422,200.52000427246094,195.58697509765625,3375000
2023-02-17,198.82000732421875,201.64999389648438,198.55999755859375,201.58999633789062,196.63064575195312,7063800
2023-02-21,199.41000366210938,200.1699981689453,193.67999267578125,193.75,188.98353576660156,4462300
2023-02-22,193.66000366210938,194.49000549316406,190.0800018310547,191.3800048828125,186.6718292236328,5816000
2023-02-23,192.6300048828125,193.66000366210938,190.74000549316406,193.32000732421875,188.56411743164062,3125400
2023-02-24,191.3000030517578,194.58999633789062,190.32000732421875,194.02000427246094,189.24688720703125,3371400
2023-02-27,213.92999267578125,214.8000030517578,209.77000427246094,212.1699981689453,208.3463592529297,12140400
2023-02-28,210.52999877929688,211.39999389648438,206.61000061035156,207.27999877929688,203.54449462890625,6091200
2023-03-01,206.08999633789062,210.14999389648438,205.97999572753906,207.99000549316406,204.24169921875,2775200
2023-03-02,206.64999389648438,212.16000366210938,206.25999450683594,211.36000061035156,207.55096435546875,2812900
2023-03-03,212.00999450683594,212.8800048828125,208.0,209.36000061035156,205.58702087402344,3665800
2023-03-06,209.55999755859375,210.80999755859375,207.83999633789062,208.8300018310547,205.06655883789062,2300400
2023-03-07,207.42999267578125,207.6999969482422,204.64999389648438,205.39999389648438,201.6983642578125,3898000
2023-03-08,204.49000549316406,205.14999389648438,201.4600067138672,203.57000732421875,199.90135192871094,2980800
2023-03-09,204.82000732421875,204.82000732421875,199.4199981689453,199.57000732421875,195.97344970703125,3342100
2023-03-10,198.8800048828125,203.08999633789062,195.17999267578125,196.05999755859375,192.5266876220703,3909500
2023-03-13,194.6199951171875,199.14999389648438,193.72999572753906,195.10000610351562,191.58399963378906,2774700
2023-03-14,196.8699951171875,199.6999969482422,192.6300048828125,195.14999389648438,191.63308715820312,3168900
2023-03-15,191.1699981689453,193.07000732421875,189.39999389648438,192.0399932861328,188.5791473388672,5749600
2023-03-16,191.0800018310547,193.60000610351562,189.13999938964844,192.91000366210938,189.43345642089844,6357200
2023-03-17,193.33999633789062,193.33999633789062,187.72999572753906,190.00999450683594,186.58572387695312,11852800
2023-03-20,190.1199951171875,191.85000610351562,188.99000549316406,189.69000244140625,186.27149963378906,2956800
2023-03-21,191.41000366210938,192.6999969482422,188.3800048828125,189.5399932861328,186.1241912841797,3338900
2023-03-22,188.55999755859375,190.17999267578125,185.6699981689453,185.72000122070312,182.37303161621094,3325400
2023-03-23,186.00999450683594,187.85000610351562,183.69000244140625,186.1999969482422,182.84439086914062,3854900
2023-03-24,184.13999938964844,188.55999755859375,183.85000610351562,188.50999450683594,185.1127471923828,4263600
2023-03-27,190.6199951171875,193.72000122070312,190.1699981689453,193.22999572753906,189.74769592285156,3666800
2023-03-28,193.22999572753906,197.47000122070312,193.22999572753906,196.5800018310547,193.03732299804688,5635300
2023-03-29,198.47000122070312,199.8699951171875,197.47999572753906,199.08999633789062,195.50209045410156,3152100
2023-03-30,200.36000061035156,201.4499969482422,197.5,198.36000061035156,194.78524780273438,3050700
2023-03-31,198.8699951171875,201.38999938964844,198.64999389648438,201.25999450683594,197.6329803466797,3422600
2023-04-03,200.9199981689453,201.92999267578125,197.99000549316406,199.5399932861328,195.9439697265625,1908400
2023-04-04,199.3800048828125,199.72999572753906,195.05999755859375,195.8800048828125,192.34996032714844,3556700
2023-04-05,195.1300048828125,196.3000030517578,194.07000732421875,194.2100067138672,190.7100372314453,2382200
2023-04-06,194.60000610351562,198.69000244140625,194.08999633789062,198.63999938964844,195.06019592285156,3280000
2023-04-10,197.17999267578125,199.3000030517578,197.08999633789062,198.3699951171875,194.79505920410156,2402000
2023-04-11,199.44000244140625,200.05999755859375,198.50999450683594,198.89999389648438,195.3155059814453,3598000
2023-04-12,199.75999450683594,200.69000244140625,198.22999572753906,198.72999572753906,195.1485595703125,2315400
2023-04-13,198.88999938964844,199.6999969482422,196.72999572753906,197.9199981689453,194.35317993164062,2894400
2023-04-14,198.1300048828125,199.63999938964844,197.3699951171875,198.52999877929688,194.95217895507812,1947800
2023-04-17,199.64999389648438,202.67999267578125,198.4499969482422,200.0399932861328,196.43495178222656,2740800
2023-04-18,200.6999969482422,201.97999572753906,199.02999877929688,199.47000122070312,195.875244140625,2388100
2023-04-19,198.08999633789062,202.2100067138672,198.08999633789062,202.0,198.35964965820312,2619800
2023-04-20,202.38999938964844,207.82000732421875,201.4199981689453,202.60000610351562,198.94882202148438,2989200
2023-04-21,202.99000549316406,203.72999572753906,198.16000366210938,198.85000610351562,195.26641845703125,6029400
2023-04-24,197.9199981689453,201.6999969482422,197.33999633789062,200.27999877929688,196.67063903808594,2723700
2023-04-25,198.08999633789062,199.5399932861328,194.13999938964844,194.75,191.24029541015625,2594400
2023-04-26,193.5800018310547,194.3699951171875,190.3699951171875,191.5,188.0488739013672,2377500
2023-04-27,191.25,193.77999877929688,190.4499969482422,193.5399932861328,190.05209350585938,2287500
2023-04-28,192.8699951171875,197.1199951171875,192.8699951171875,195.6999969482422,192.1731719970703,1810100
2023-05-01,195.52999877929688,199.8699951171875,195.52999877929688,198.6300048828125,195.05038452148438,2195000
2023-05-02,197.4499969482422,197.9199981689453,192.99000549316406,196.07000732421875,192.53652954101562,2693800
2023-05-03,197.17999267578125,198.07000732421875,195.25999450683594,195.3300018310547,191.8098602294922,2017400
2023-05-04,195.41000366210938,197.39999389648438,194.02999877929688,197.05999755859375,193.50868225097656,1866300
2023-05-05,198.6999969482422,202.5,198.13999938964844,201.22999572753906,197.603515625,2065000
2023-05-08,202.49000549316406,202.8300018310547,199.5,199.94000244140625,196.3367919921875,1973000
2023-05-09,198.94000244140625,200.6999969482422,197.8300018310547,200.58999633789062,196.9750518798828,1606700
2023-05-10,202.1199951171875,202.60000610351562,196.91000366210938,199.05999755859375,195.47262573242188,1703500
2023-05-11,198.72999572753906,198.88999938964844,197.0500030517578,198.0800018310547,194.5102996826172,1397200
2023-05-12,199.42999267578125,199.5,197.3699951171875,198.99000549316406,195.40390014648438,1459500
2023-05-15,198.8300018310547,200.07000732421875,197.52000427246094,199.63999938964844,196.0421905517578,1630500
2023-05-16,199.1199951171875,199.2899932861328,196.5,196.8699951171875,193.3220977783203,1893900
2023-05-17,197.0399932861328,200.1199951171875,196.86000061035156,198.83999633789062,195.256591796875,2273000
2023-05-18,197.97999572753906,199.22999572753906,195.16000366210938,198.80999755859375,195.2271270751953,1947800
2023-05-19,199.10000610351562,200.05999755859375,197.25,198.97000122070312,195.38424682617188,1798800
2023-05-22,201.00999450683594,201.9499969482422,196.0800018310547,198.2899932861328,194.71649169921875,1744000
2023-05-23,198.19000244140625,198.19000244140625,194.86000061035156,196.3800048828125,192.8409423828125,2434100
2023-05-24,195.77000427246094,195.99000549316406,191.30999755859375,191.91000366210938,188.45147705078125,2970800
2023-05-25,191.05999755859375,193.8300018310547,190.7100067138672,193.2100067138672,189.72805786132812,2467500
2023-05-26,193.5800018310547,193.9499969482422,192.08999633789062,193.10000610351562,189.6200408935547,2287400
2023-05-30,192.11000061035156,194.69000244140625,191.22000122070312,194.1999969482422,191.9927520751953,2453400
2023-05-31,193.07000732421875,193.91000366210938,191.11000061035156,192.52000427246094,190.3318634033203,3569300
2023-06-01,192.4600067138672,196.05999755859375,192.25,195.67999267578125,193.4559326171875,2713800
2023-06-02,197.17999267578125,200.72000122070312,196.8800048828125,198.66000366210938,196.40208435058594,2522700
2023-06-05,198.74000549316406,200.22000122070312,198.1699981689453,198.72999572753906,196.4712677001953,2140600
2023-06-06,197.0399932861328,197.72999572753906,195.16000366210938,196.36000061035156,194.1282196044922,2341900
2023-06-07,196.3000030517578,201.64999389648438,194.1300048828125,201.4600067138672,199.17025756835938,2582800
2023-06-08,201.47000122070312,201.8800048828125,197.52999877929688,200.99000549316406,198.70559692382812,2180700
2023-06-09,201.77999877929688,201.77999877929688,198.7100067138672,199.6699981689453,197.4005889892578,1806800
2023-06-12,199.55999755859375,199.6300048828125,195.8699951171875,198.9600067138672,196.69866943359375,2096400
2023-06-13,197.38999938964844,199.5399932861328,194.60000610351562,198.92999267578125,196.66900634765625,3577800
2023-06-14,200.13999938964844,205.0399932861328,199.30999755859375,202.74000549316406,200.4357147216797,3259400
2023-06-15,203.14999389648438,206.83999633789062,202.74000549316406,205.9199981689453,203.5795440673828,2288600
2023-06-16,206.3699951171875,206.89999389648438,204.47999572753906,204.6699981689453,202.34376525878906,4139800
2023-06-20,202.94000244140625,204.24000549316406,201.02000427246094,201.3800048828125,199.09115600585938,2412600
2023-06-21,200.47000122070312,204.1699981689453,200.1300048828125,203.64999389648438,201.33535766601562,2191200
2023-06-22,203.6300048828125,203.64999389648438,201.8699951171875,203.3699951171875,201.05853271484375,1809300
2023-06-23,201.8800048828125,201.99000549316406,199.05999755859375,199.88999938964844,197.61810302734375,7413900
2023-06-26,200.19000244140625,201.80999755859375,199.82000732421875,201.3300018310547,199.04171752929688,1764800
2023-06-27,201.63999938964844,203.3800048828125,200.66000366210938,202.97999572753906,200.67295837402344,2433900
2023-06-28,203.0399932861328,203.4199981689453,201.63999938964844,203.08999633789062,200.78170776367188,2498200
2023-06-29,202.3699951171875,204.86000061035156,201.64999389648438,204.64999389648438,202.32398986816406,1957400
2023-06-30,205.57000732421875,206.6199951171875,203.36000061035156,204.6199951171875,202.29432678222656,2298700
2023-07-03,203.25,207.11000061035156,202.05999755859375,206.1300048828125,203.78717041015625,1057400
2023-07-05,204.63999938964844,205.7899932861328,203.47999572753906,203.91000366210938,201.5924072265625,1818100
2023-07-06,202.02999877929688,203.00999450683594,200.60000610351562,202.50999450683594,200.20831298828125,1518500
2023-07-07,201.07000732421875,204.41000366210938,200.5,202.82000732421875,200.51478576660156,2074800
2023-07-10,202.66000366210938,205.4199981689453,202.42999267578125,204.86000061035156,202.5316162109375,2025200
2023-07-11,206.0,207.19000244140625,205.02999877929688,206.7899932861328,204.43966674804688,2101000
2023-07-12,208.07000732421875,210.6199951171875,206.0,208.9199981689453,206.5454559326172,3261500
2023-07-13,209.42999267578125,210.9199981689453,208.57000732421875,210.61000061035156,208.21624755859375,2214300
2023-07-14,210.3699951171875,211.66000366210938,209.8699951171875,210.99000549316406,208.59193420410156,1603000
2023-07-17,210.55999755859375,210.8300018310547,209.10000610351562,209.86000061035156,207.4747772216797,1471700
2023-07-18,209.4600067138672,213.0,209.10000610351562,212.6199951171875,210.20339965820312,1893600
2023-07-19,212.86000061035156,215.0,212.5,214.25,211.81488037109375,2036600
2023-07-20,215.02999877929688,217.6199951171875,214.6199951171875,216.77999877929688,214.3161163330078,3137600
2023-07-21,213.52999877929688,217.27000427246094,212.0399932861328,216.77999877929688,214.3161163330078,6040100
2023-07-24,216.32000732421875,219.10000610351562,215.77000427246094,216.94000244140625,214.47430419921875,2165200
2023-07-25,216.2899932861328,217.4499969482422,214.75,215.5500030517578,213.10009765625,2766100
2023-07-26,236.8300018310547,240.47999572753906,233.3800048828125,238.0,235.29493713378906,14540700
2023-07-27,235.4499969482422,236.38999938964844,230.41000366210938,232.10000610351562,229.46200561523438,5806700
2023-07-28,231.86000061035156,235.25,230.25,232.77000427246094,230.1243896484375,3595800
2023-07-31,232.72999572753906,234.5399932861328,230.4199981689453,232.02000427246094,229.38290405273438,2988700
2023-08-01,231.49000549316406,232.16000366210938,229.1300048828125,231.5,228.8688201904297,3486300
2023-08-02,231.14999389648438,232.4499969482422,229.8699951171875,230.1999969482422,227.58358764648438,2740200
2023-08-03,229.58999633789062,231.72999572753906,228.5500030517578,229.88999938964844,227.27713012695312,1914100
2023-08-04,230.52000427246094,232.82000732421875,228.24000549316406,228.52999877929688,225.9325714111328,3176300
2023-08-07,230.30999755859375,231.8300018310547,228.60000610351562,229.6999969482422,227.0892791748047,2211300
2023-08-08,230.30999755859375,230.3699951171875,226.3699951171875,228.6300048828125,226.0314483642578,2513700
2023-08-09,227.25,229.80999755859375,226.75999450683594,229.25,226.64439392089844,2562500
2023-08-10,229.97000122070312,231.33999633789062,229.52000427246094,230.3000030517578,227.6824493408203,2737700
2023-08-11,229.75,230.99000549316406,229.27999877929688,229.49000549316406,226.8816680908203,2346200
2023-08-14,228.6699981689453,229.99000549316406,228.25,229.8000030517578,227.18814086914062,1682100
2023-08-15,228.83999633789062,229.1199951171875,225.4600067138672,225.5399932861328,222.97654724121094,2146200
2023-08-16,225.35000610351562,226.16000366210938,223.66000366210938,224.6199951171875,222.0670166015625,2169200
2023-08-17,225.2899932861328,226.6699981689453,224.07000732421875,224.3800048828125,221.8297576904297,2075400
2023-08-18,223.25999450683594,225.69000244140625,223.14999389648438,225.25999450683594,222.69973754882812,1660100
2023-08-21,225.24000549316406,225.7899932861328,223.39999389648438,223.97000122070312,221.42440795898438,2000600
2023-08-22,224.27000427246094,224.60000610351562,221.57000732421875,222.41000366210938,219.88214111328125,1636200
2023-08-23,222.8300018310547,223.6699981689453,221.3699951171875,223.1300048828125,220.5939483642578,2026500
2023-08-24,223.2899932861328,224.24000549316406,222.47999572753906,222.52000427246094,219.9908905029297,1738900
2023-08-25,223.22999572753906,225.47999572753906,222.27999877929688,224.17999267578125,221.63201904296875,1609900
2023-08-28,223.91000366210938,227.25,223.8699951171875,224.5399932861328,221.98793029785156,1731300
2023-08-29,224.42999267578125,225.24000549316406,223.0,223.44000244140625,220.9004364013672,2362100
2023-08-30,222.80999755859375,224.11000061035156,221.64999389648438,222.88999938964844,221.646240234375,2690700
2023-08-31,222.89999389648438,223.8300018310547,220.5399932861328,220.57000732421875,219.33920288085938,2410300
2023-09-01,221.63999938964844,222.39999389648438,219.7100067138672,221.02999877929688,219.796630859375,2303700
2023-09-05,219.47000122070312,219.82000732421875,215.17999267578125,215.7100067138672,214.50631713867188,2679700
2023-09-06,215.8300018310547,216.19000244140625,211.6999969482422,212.8300018310547,211.6423797607422,2344800
2023-09-07,212.4199981689453,213.72000122070312,209.89999389648438,210.57000732421875,209.39500427246094,2882100
2023-09-08,210.32000732421875,212.1699981689453,209.0399932861328,211.8000030517578,210.61813354492188,3188200
2023-09-11,212.50999450683594,212.80999755859375,210.0500030517578,211.61000061035156,210.42918395996094,1943900
2023-09-12,211.0399932861328,214.91000366210938,206.86000061035156,213.8699951171875,212.67657470703125,2828200
2023-09-13,213.89999389648438,214.00999450683594,210.77999877929688,212.1300048828125,210.9462890625,2919700
2023-09-14,214.13999938964844,216.55999755859375,211.74000549316406,215.6999969482422,214.49636840820312,2798700
2023-09-15,213.05999755859375,214.2100067138672,212.19000244140625,213.32000732421875,212.12965393066406,4221000
2023-09-18,214.17999267578125,214.42999267578125,211.8699951171875,213.14999389648438,211.96058654785156,2206800
2023-09-19,212.64999389648438,213.50999450683594,209.89999389648438,211.77000427246094,210.5883026123047,2156000
2023-09-20,213.1199951171875,214.89999389648438,212.89999389648438,212.97999572753906,211.79153442382812,2116800
2023-09-21,212.05999755859375,213.2899932861328,210.86000061035156,211.39999389648438,210.22035217285156,2370300
2023-09-22,210.7100067138672,213.02999877929688,208.75,209.24000549316406,208.07241821289062,2416500
2023-09-25,207.9499969482422,209.50999450683594,207.1300048828125,208.47999572753906,207.316650390625,1427400
2023-09-26,207.36000061035156,208.24000549316406,204.6199951171875,204.83999633789062,203.69696044921875,1990200
2023-09-27,205.2100067138672,205.5500030517578,201.4600067138672,202.39999389648438,201.27056884765625,2760800
2023-09-28,202.42999267578125,204.82000732421875,201.58999633789062,204.11000061035156,202.97103881835938,2112600
2023-09-29,205.8800048828125,205.8800048828125,203.3300018310547,203.6300048828125,202.4937286376953,2246700
2023-10-02,201.88999938964844,203.08999633789062,200.1300048828125,202.63999938964844,201.50924682617188,1888000
2023-10-03,201.94000244140625,205.13999938964844,201.60000610351562,203.77999877929688,202.64288330078125,2087500
2023-10-04,203.5,205.0,201.35000610351562,202.27000427246094,201.1413116455078,1911900
2023-10-05,202.1699981689453,202.4199981689453,199.50999450683594,200.63999938964844,199.52040100097656,2037200
2023-10-06,199.8300018310547,204.2100067138672,199.3300018310547,202.4600067138672,201.33026123046875,1760500
2023-10-09,201.4600067138672,204.66000366210938,200.77999877929688,204.3000030517578,203.1599884033203,1557700
2023-10-10,205.02000427246094,207.0399932861328,204.17999267578125,206.35000610351562,205.19854736328125,1972900
2023-10-11,207.24000549316406,209.94000244140625,207.0,209.47999572753906,208.31106567382812,2851100
2023-10-12,210.0,210.11000061035156,205.80999755859375,207.99000549316406,206.8293914794922,1851200
2023-10-13,208.88999938964844,210.44000244140625,207.02000427246094,207.75,206.59072875976562,1874600
2023-10-16,209.2100067138672,213.30999755859375,208.72999572753906,210.8300018310547,209.65354919433594,2358900
2023-10-17,209.89999389648438,213.3800048828125,209.57000732421875,211.33999633789062,210.1606903076172,2479900
2023-10-18,210.13999938964844,210.39999389648438,205.47000122070312,205.9199981689453,204.77093505859375,3487200
2023-10-19,218.57000732421875,220.10000610351562,210.13999938964844,210.3300018310547,209.1563262939453,6031000
2023-10-20,212.49000549316406,214.9600067138672,210.00999450683594,211.33999633789062,210.1606903076172,5485700
2023-10-23,210.2899932861328,211.63999938964844,207.47999572753906,207.75999450683594,206.6006622314453,2576500
2023-10-24,208.4499969482422,209.07000732421875,204.25999450683594,205.44000244140625,204.2936248779297,2937500
2023-10-25,203.85000610351562,207.0800018310547,202.3300018310547,205.22000122070312,204.07484436035156,2457300
2023-10-26,204.33999633789062,206.2899932861328,201.9199981689453,202.24000549316406,201.11148071289062,2626300
2023-10-27,202.55999755859375,204.02999877929688,199.97000122070312,201.72000122070312,200.59437561035156,2427600
2023-10-30,203.24000549316406,207.0399932861328,202.41000366210938,205.8000030517578,204.651611328125,2230100
2023-10-31,206.38999938964844,207.91000366210938,204.63999938964844,207.61000061035156,206.45150756835938,2057800
2023-11-01,207.05999755859375,208.38999938964844,205.4600067138672,207.55999755859375,206.4017791748047,2444200
2023-11-02,208.57000732421875,211.91000366210938,207.75,211.38999938964844,210.21041870117188,1776600
2023-11-03,213.0,213.41000366210938,211.57000732421875,212.1300048828125,210.9462890625,1634800
2023-11-06,212.0,213.19000244140625,209.35000610351562,213.10000610351562,211.91087341308594,1547200
2023-11-07,212.72999572753906,212.8699951171875,210.89999389648438,211.41000366210938,210.23031616210938,2324200
2023-11-08,212.08999633789062,212.97000122070312,211.02999877929688,212.0,210.8170166015625,2483100
2023-11-09,212.8000030517578,212.85000610351562,209.50999450683594,210.22999572753906,209.056884765625,1496400
2023-11-10,211.22999572753906,211.9199981689453,208.5,211.49000549316406,210.3098602294922,2673600
2023-11-13,211.11000061035156,211.11000061035156,208.13999938964844,209.39999389648438,208.2315216064453,2185100
2023-11-14,212.47999572753906,217.3000030517578,212.47000122070312,215.69000244140625,214.48641967773438,2610400
2023-11-15,216.36000061035156,220.39999389648438,215.80999755859375,218.0800018310547,216.8630828857422,2709700
2023-11-16,218.36000061035156,219.7100067138672,216.7899932861328,219.36000061035156,218.1359405517578,1438200
2023-11-17,220.7899932861328,221.2899932861328,217.8300018310547,219.2100067138672,217.98678588867188,2002600
2023-11-20,219.0,221.67999267578125,216.9199981689453,221.10000610351562,219.86624145507812,2548000
2023-11-21,221.10000610351562,223.0,219.10000610351562,222.0,220.76121520996094,2422300
2023-11-22,222.74000549316406,224.27999877929688,222.1199951171875,223.49000549316406,222.24290466308594,1716200
2023-11-24,223.32000732421875,224.99000549316406,223.1300048828125,224.27999877929688,223.0284881591797,1045600
2023-11-27,223.74000549316406,224.08999633789062,219.3699951171875,219.85000610351562,218.6232147216797,2369200
2023-11-28,219.7100067138672,222.67999267578125,219.47999572753906,221.22999572753906,219.99549865722656,1827600
2023-11-29,222.8300018310547,223.8800048828125,220.85000610351562,221.47000122070312,220.2341766357422,1228900
2023-11-30,222.25,225.63999938964844,220.64999389648438,225.27000427246094,224.01296997070312,4430100
2023-12-01,227.41000366210938,232.35000610351562,226.24000549316406,231.3699951171875,230.07891845703125,3239000
2023-12-04,230.75999450683594,234.7100067138672,230.5500030517578,233.89999389648438,232.5948028564453,3881900
2023-12-05,232.7899932861328,233.1300048828125,230.89999389648438,232.1699981689453,230.8744659423828,2632400
2023-12-06,233.1199951171875,233.99000549316406,231.83999633789062,232.97000122070312,231.6699981689453,1804900
2023-12-07,232.4199981689453,232.89999389648438,230.5399932861328,231.49000549316406,231.49000549316406,2075100
2023-12-08,231.63999938964844,232.9199981689453,229.50999450683594,229.77000427246094,229.77000427246094,2544100
2023-12-11,229.9199981689453,232.33999633789062,229.5399932861328,232.02999877929688,232.02999877929688,1810200
2023-12-12,233.08999633789062,234.5399932861328,232.52999877929688,232.91000366210938,232.91000366210938,2427500
2023-12-13,232.92999267578125,236.80999755859375,231.55999755859375,236.69000244140625,236.69000244140625,3926700
2023-12-14,239.66000366210938,245.07000732421875,239.0399932861328,242.86000061035156,242.86000061035156,4863600
2023-12-15,237.63999938964844,242.86000061035156,237.39999389648438,241.97999572753906,241.97999572753906,4768500
2023-12-18,243.0500030517578,243.88999938964844,240.94000244140625,241.10000610351562,241.10000610351562,2457600
2023-12-19,241.3300018310547,243.42999267578125,240.0,242.64999389648438,242.64999389648438,2314200
2023-12-20,240.22000122070312,242.1199951171875,237.6999969482422,237.83999633789062,237.83999633789062,2724800
2023-12-21,238.1199951171875,242.33999633789062,237.60000610351562,242.11000061035156,242.11000061035156,2603100
2023-12-22,243.0,244.9499969482422,242.3300018310547,243.5800018310547,243.5800018310547,1824800
2023-12-26,243.6199951171875,246.42999267578125,243.6199951171875,245.2899932861328,245.2899932861328,1454100
2023-12-27,244.64999389648438,246.6999969482422,244.30999755859375,245.80999755859375,245.80999755859375,2206000
2023-12-28,246.0399932861328,246.99000549316406,245.1999969482422,246.02000427246094,246.02000427246094,1208500
2023-12-29,245.99000549316406,246.5399932861328,244.72999572753906,245.6199951171875,245.6199951171875,1228700
2024-01-02,244.97999572753906,245.99000549316406,242.75,243.42999267578125,243.42999267578125,2622200
2024-01-03,242.8000030517578,243.9600067138672,240.97999572753906,241.6999969482422,241.6999969482422,1748200
2024-01-04,241.24000549316406,244.0800018310547,240.92999267578125,241.05999755859375,241.05999755859375,2305400
2024-01-05,241.89999389648438,242.0,238.41000366210938,239.91000366210938,239.91000366210938,2316900
2024-01-08,239.1699981689453,240.6699981689453,237.52000427246094,240.6199951171875,240.6199951171875,2567800
2024-01-09,239.2899932861328,239.2899932861328,236.0500030517578,237.41000366210938,237.41000366210938,2055200
2024-01-10,236.85000610351562,239.1199951171875,236.8000030517578,239.0,239.0,1683400
2024-01-11,238.4499969482422,238.4499969482422,234.8000030517578,236.3800048828125,236.3800048828125,2219300
2024-01-12,237.27000427246094,238.0,234.8000030517578,237.7100067138672,237.7100067138672,3018700
2024-01-16,237.8000030517578,238.25,235.2899932861328,236.2100067138672,236.2100067138672,2578700
2024-01-17,234.8699951171875,238.22000122070312,234.47000122070312,235.80999755859375,235.80999755859375,2311100
2024-01-18,235.55999755859375,238.77000427246094,235.07000732421875,237.99000549316406,237.99000549316406,2326500
2024-01-19,238.49000549316406,240.2100067138672,236.50999450683594,239.27000427246094,239.27000427246094,2272100
2024-01-22,242.75999450683594,244.0,241.11000061035156,243.11000061035156,243.11000061035156,3005300
2024-01-23,244.0,244.52999877929688,242.25999450683594,243.3300018310547,243.3300018310547,2398300
2024-01-24,243.75999450683594,245.4199981689453,242.3300018310547,242.3300018310547,242.3300018310547,2843400
2024-01-25,244.10000610351562,245.4499969482422,237.13999938964844,241.57000732421875,241.57000732421875,4154600
2024-01-26,241.47000122070312,242.2100067138672,238.25999450683594,240.38999938964844,240.38999938964844,2493400
2024-01-29,239.67999267578125,245.5399932861328,239.17999267578125,245.1699981689453,245.1699981689453,2844600
2024-01-30,243.8699951171875,246.97999572753906,242.30999755859375,246.6999969482422,246.6999969482422,2435400
2024-01-31,247.2899932861328,248.0,243.8000030517578,243.92999267578125,243.92999267578125,2798900
2024-02-01,245.33999633789062,249.44000244140625,244.7100067138672,249.27000427246094,249.27000427246094,2116300
2024-02-02,248.1199951171875,249.74000549316406,245.8800048828125,248.3300018310547,248.3300018310547,1994200
2024-02-05,247.35000610351562,249.1199951171875,246.47999572753906,246.63999938964844,246.63999938964844,2701300
2024-02-06,246.63999938964844,250.82000732421875,246.63999938964844,249.8699951171875,249.8699951171875,2357300
2024-02-07,250.74000549316406,251.64999389648438,248.9600067138672,249.16000366210938,249.16000366210938,2337200
2024-02-08,249.07000732421875,249.24000549316406,246.41000366210938,248.82000732421875,248.82000732421875,1871500
2024-02-09,248.13999938964844,249.5500030517578,246.5,249.4499969482422,249.4499969482422,2012500
2024-02-12,248.7899932861328,249.07000732421875,247.0,247.39999389648438,247.39999389648438,2259600
2024-02-13,246.0,246.27000427246094,243.74000549316406,245.61000061035156,245.61000061035156,2664100
2024-02-14,246.36000061035156,250.36000061035156,245.0500030517578,250.11000061035156,250.11000061035156,2579500
2024-02-15,250.0,251.38999938964844,248.7899932861328,250.5500030517578,250.5500030517578,2252300
2024-02-16,249.41000366210938,249.72000122070312,246.0500030517578,246.58999633789062,246.58999633789062,2201300
