Datetime,Open,High,Low,Close,Adj Close,Volume
2024-04-08 09:30:00-04:00,57.540000915527344,57.54999923706055,57.45000076293945,57.525001525878906,57.525001525878906,53942
2024-04-08 09:32:00-04:00,57.52000045776367,57.630001068115234,57.52000045776367,57.529998779296875,57.529998779296875,5014
2024-04-08 09:34:00-04:00,57.45000076293945,57.47999954223633,57.41999816894531,57.43000030517578,57.43000030517578,9895
2024-04-08 09:36:00-04:00,57.41999816894531,57.59000015258789,57.41999816894531,57.59000015258789,57.59000015258789,4009
2024-04-08 09:38:00-04:00,57.599998474121094,57.84000015258789,57.599998474121094,57.83000183105469,57.83000183105469,9170
2024-04-08 09:40:00-04:00,57.83000183105469,57.880001068115234,57.83000183105469,57.869998931884766,57.869998931884766,8667
2024-04-08 09:42:00-04:00,57.869998931884766,57.880001068115234,57.69169998168945,57.709999084472656,57.709999084472656,8280
2024-04-08 09:44:00-04:00,57.720001220703125,57.720001220703125,57.650001525878906,57.71500015258789,57.71500015258789,53604
2024-04-08 09:46:00-04:00,57.709999084472656,57.72999954223633,57.55500030517578,57.560001373291016,57.560001373291016,10529
2024-04-08 09:48:00-04:00,57.58000183105469,57.599998474121094,57.47999954223633,57.4900016784668,57.4900016784668,10022
2024-04-08 09:50:00-04:00,57.5,57.61669921875,57.5,57.61000061035156,57.61000061035156,28926
2024-04-08 09:52:00-04:00,57.619998931884766,57.625,57.54999923706055,57.579898834228516,57.579898834228516,11827
2024-04-08 09:54:00-04:00,57.58000183105469,57.584999084472656,57.52000045776367,57.558799743652344,57.558799743652344,7713
2024-04-08 09:56:00-04:00,57.560001373291016,57.564998626708984,57.46500015258789,57.4900016784668,57.4900016784668,9330
2024-04-08 09:58:00-04:00,57.4900016784668,57.4900016784668,57.400001525878906,57.400001525878906,57.400001525878906,8701
2024-04-08 10:00:00-04:00,57.404998779296875,57.47999954223633,57.404998779296875,57.470001220703125,57.470001220703125,17635
2024-04-08 10:02:00-04:00,57.4822998046875,57.52000045776367,57.47999954223633,57.4900016784668,57.4900016784668,14034
2024-04-08 10:04:00-04:00,57.4900016784668,57.5,57.470001220703125,57.4900016784668,57.4900016784668,8400
2024-04-08 10:06:00-04:00,57.5099983215332,57.56999969482422,57.505001068115234,57.53499984741211,57.53499984741211,13522
2024-04-08 10:08:00-04:00,57.529998779296875,57.529998779296875,57.459999084472656,57.48500061035156,57.48500061035156,7881
2024-04-08 10:10:00-04:00,57.47999954223633,57.494998931884766,57.45000076293945,57.494998931884766,57.494998931884766,16052
2024-04-08 10:12:00-04:00,57.494998931884766,57.52000045776367,57.4900016784668,57.5099983215332,57.5099983215332,7849
2024-04-08 10:14:00-04:00,57.5099983215332,57.52000045776367,57.47999954223633,57.4900016784668,57.4900016784668,10494
2024-04-08 10:16:00-04:00,57.5,57.540000915527344,57.4900016784668,57.525001525878906,57.525001525878906,9884
2024-04-08 10:18:00-04:00,57.52000045776367,57.52000045776367,57.47999954223633,57.494998931884766,57.494998931884766,7820
2024-04-08 10:20:00-04:00,57.4900016784668,57.52000045776367,57.47999954223633,57.4900016784668,57.4900016784668,11401
2024-04-08 10:22:00-04:00,57.494998931884766,57.505001068115234,57.459999084472656,57.494998931884766,57.494998931884766,11304
2024-04-08 10:24:00-04:00,57.47999954223633,57.529998779296875,57.47999954223633,57.52389907836914,57.52389907836914,8085
2024-04-08 10:26:00-04:00,57.52000045776367,57.560001373291016,57.52000045776367,57.529998779296875,57.529998779296875,5415
2024-04-08 10:28:00-04:00,57.5,57.5,57.474998474121094,57.5,57.5,9334
2024-04-08 10:30:00-04:00,57.5,57.52000045776367,57.459999084472656,57.5099983215332,57.5099983215332,29145
2024-04-08 10:32:00-04:00,57.5099983215332,57.52000045776367,57.4900016784668,57.5,57.5,9853
2024-04-08 10:34:00-04:00,57.5,57.5099983215332,57.48500061035156,57.4900016784668,57.4900016784668,10768
2024-04-08 10:36:00-04:00,57.4900016784668,57.494998931884766,57.46500015258789,57.46500015258789,57.46500015258789,5579
2024-04-08 10:38:00-04:00,57.470001220703125,57.48500061035156,57.45500183105469,57.45500183105469,57.45500183105469,12185
2024-04-08 10:40:00-04:00,57.45500183105469,57.46500015258789,57.400001525878906,57.40999984741211,57.40999984741211,10145
2024-04-08 10:42:00-04:00,57.39500045776367,57.415000915527344,57.375,57.39500045776367,57.39500045776367,12683
2024-04-08 10:44:00-04:00,57.40999984741211,57.47999954223633,57.40999984741211,57.47999954223633,57.47999954223633,9658
2024-04-08 10:46:00-04:00,57.48500061035156,57.48500061035156,57.39500045776367,57.39500045776367,57.39500045776367,5287
2024-04-08 10:48:00-04:00,57.39500045776367,57.400001525878906,57.35499954223633,57.3849983215332,57.3849983215332,13221
2024-04-08 10:50:00-04:00,57.38999938964844,57.412498474121094,57.345001220703125,57.3650016784668,57.3650016784668,9603
2024-04-08 10:52:00-04:00,57.36000061035156,57.3650016784668,57.29999923706055,57.29999923706055,57.29999923706055,6188
2024-04-08 10:54:00-04:00,57.29499816894531,57.310001373291016,57.290000915527344,57.290000915527344,57.290000915527344,5918
2024-04-08 10:56:00-04:00,57.28499984741211,57.34000015258789,57.275001525878906,57.33000183105469,57.33000183105469,14913
2024-04-08 10:58:00-04:00,57.334999084472656,57.345001220703125,57.310001373291016,57.310001373291016,57.310001373291016,12450
2024-04-08 11:00:00-04:00,57.310001373291016,57.41999816894531,57.310001373291016,57.41999816894531,57.41999816894531,15970
2024-04-08 11:02:00-04:00,57.43000030517578,57.45000076293945,57.41999816894531,57.42499923706055,57.42499923706055,8840
2024-04-08 11:04:00-04:00,57.42499923706055,57.47999954223633,57.42499923706055,57.470001220703125,57.470001220703125,13261
2024-04-08 11:06:00-04:00,57.470001220703125,57.47999954223633,57.439998626708984,57.459999084472656,57.459999084472656,7344
2024-04-08 11:08:00-04:00,57.474998474121094,57.5,57.474998474121094,57.4900016784668,57.4900016784668,4818
2024-04-08 11:10:00-04:00,57.48500061035156,57.51499938964844,57.474998474121094,57.4900016784668,57.4900016784668,17807
2024-04-08 11:12:00-04:00,57.48500061035156,57.494998931884766,57.48500061035156,57.494998931884766,57.494998931884766,3234
2024-04-08 11:14:00-04:00,57.494998931884766,57.494998931884766,57.45500183105469,57.45500183105469,57.45500183105469,9225
2024-04-08 11:16:00-04:00,57.45500183105469,57.5099983215332,57.439998626708984,57.5099983215332,57.5099983215332,10944
2024-04-08 11:18:00-04:00,57.51499938964844,57.5172004699707,57.470001220703125,57.470001220703125,57.470001220703125,7601
2024-04-08 11:20:00-04:00,57.459999084472656,57.47999954223633,57.45500183105469,57.47999954223633,57.47999954223633,8240
2024-04-08 11:22:00-04:00,57.474998474121094,57.4900016784668,57.470001220703125,57.4900016784668,57.4900016784668,5787
2024-04-08 11:24:00-04:00,57.5,57.51499938964844,57.4900016784668,57.5,57.5,6336
2024-04-08 11:26:00-04:00,57.505001068115234,57.54999923706055,57.470001220703125,57.529998779296875,57.529998779296875,12954
2024-04-08 11:28:00-04:00,57.525001525878906,57.54499816894531,57.52000045776367,57.52000045776367,57.52000045776367,5517
2024-04-08 11:30:00-04:00,57.52000045776367,57.525001525878906,57.48889923095703,57.5,57.5,7947
2024-04-08 11:32:00-04:00,57.505001068115234,57.505001068115234,57.48500061035156,57.5,57.5,9687
2024-04-08 11:34:00-04:00,57.505001068115234,57.505001068115234,57.470001220703125,57.470001220703125,57.470001220703125,4064
2024-04-08 11:36:00-04:00,57.470001220703125,57.470001220703125,57.439998626708984,57.470001220703125,57.470001220703125,8583
2024-04-08 11:38:00-04:00,57.474998474121094,57.47679901123047,57.474998474121094,57.474998474121094,57.474998474121094,2281
2024-04-08 11:40:00-04:00,57.474998474121094,57.48500061035156,57.459999084472656,57.46500015258789,57.46500015258789,11546
2024-04-08 11:42:00-04:00,57.46500015258789,57.5099983215332,57.459999084472656,57.48500061035156,57.48500061035156,15001
2024-04-08 11:44:00-04:00,57.47999954223633,57.48500061035156,57.459999084472656,57.459999084472656,57.459999084472656,9480
2024-04-08 11:46:00-04:00,57.474998474121094,57.48500061035156,57.474998474121094,57.47999954223633,57.47999954223633,5902
2024-04-08 11:48:00-04:00,57.48500061035156,57.4900016784668,57.46500015258789,57.4734001159668,57.4734001159668,11933
2024-04-08 11:50:00-04:00,57.470001220703125,57.474998474121094,57.470001220703125,57.470001220703125,57.470001220703125,4342
2024-04-08 11:52:00-04:00,57.470001220703125,57.47999954223633,57.459999084472656,57.46500015258789,57.46500015258789,12616
2024-04-08 11:54:00-04:00,57.46500015258789,57.52000045776367,57.45000076293945,57.51499938964844,57.51499938964844,19325
2024-04-08 11:56:00-04:00,57.51499938964844,57.51499938964844,57.47999954223633,57.5099983215332,57.5099983215332,24640
2024-04-08 11:58:00-04:00,57.5099983215332,57.5099983215332,57.494998931884766,57.5,57.5,6671
2024-04-08 12:00:00-04:00,57.5099983215332,57.5099983215332,57.5,57.5099983215332,57.5099983215332,12851
2024-04-08 12:02:00-04:00,57.5099983215332,57.5099983215332,57.470001220703125,57.47999954223633,57.47999954223633,11552
2024-04-08 12:04:00-04:00,57.48500061035156,57.494998931884766,57.474998474121094,57.474998474121094,57.474998474121094,7777
2024-04-08 12:06:00-04:00,57.47999954223633,57.48500061035156,57.435001373291016,57.48500061035156,57.48500061035156,10516
2024-04-08 12:08:00-04:00,57.47999954223633,57.4900016784668,57.45500183105469,57.459999084472656,57.459999084472656,11463
2024-04-08 12:10:00-04:00,57.470001220703125,57.47999954223633,57.470001220703125,57.474998474121094,57.474998474121094,4537
2024-04-08 12:12:00-04:00,57.470001220703125,57.5,57.45500183105469,57.48500061035156,57.48500061035156,19167
2024-04-08 12:14:00-04:00,57.48500061035156,57.505001068115234,57.48500061035156,57.494998931884766,57.494998931884766,9923
2024-04-08 12:16:00-04:00,57.494998931884766,57.5,57.4900016784668,57.494998931884766,57.494998931884766,8070
2024-04-08 12:18:00-04:00,57.494998931884766,57.5099983215332,57.494998931884766,57.505001068115234,57.505001068115234,7188
2024-04-08 12:20:00-04:00,57.51499938964844,57.529998779296875,57.51499938964844,57.525001525878906,57.525001525878906,4336
2024-04-08 12:22:00-04:00,57.525001525878906,57.560001373291016,57.525001525878906,57.540000915527344,57.540000915527344,22533
2024-04-08 12:24:00-04:00,57.529998779296875,57.529998779296875,57.505001068115234,57.513999938964844,57.513999938964844,20492
2024-04-08 12:26:00-04:00,57.51029968261719,57.51029968261719,57.470001220703125,57.48500061035156,57.48500061035156,9091
2024-04-08 12:28:00-04:00,57.48379898071289,57.4900016784668,57.48379898071289,57.4900016784668,57.4900016784668,2433
2024-04-08 12:30:00-04:00,57.4900016784668,57.494998931884766,57.46500015258789,57.494998931884766,57.494998931884766,9163
2024-04-08 12:32:00-04:00,57.4900016784668,57.51499938964844,57.46500015258789,57.51499938964844,57.51499938964844,10792
2024-04-08 12:34:00-04:00,57.5099983215332,57.5099983215332,57.47999954223633,57.48500061035156,57.48500061035156,3670
2024-04-08 12:36:00-04:00,57.47999954223633,57.47999954223633,57.46500015258789,57.46500015258789,57.46500015258789,4108
2024-04-08 12:38:00-04:00,57.470001220703125,57.48500061035156,57.415000915527344,57.459999084472656,57.459999084472656,20193
2024-04-08 12:40:00-04:00,57.46989822387695,57.47999954223633,57.46500015258789,57.470001220703125,57.470001220703125,16901
2024-04-08 12:42:00-04:00,57.46500015258789,57.494998931884766,57.45500183105469,57.470001220703125,57.470001220703125,18192
2024-04-08 12:44:00-04:00,57.474998474121094,57.474998474121094,57.459999084472656,57.46500015258789,57.46500015258789,11815
2024-04-08 12:46:00-04:00,57.459999084472656,57.47999954223633,57.459999084472656,57.474998474121094,57.474998474121094,6193
2024-04-08 12:48:00-04:00,57.474998474121094,57.47999954223633,57.470001220703125,57.47999954223633,57.47999954223633,7015
2024-04-08 12:50:00-04:00,57.48500061035156,57.5,57.48500061035156,57.494998931884766,57.494998931884766,4210
2024-04-08 12:52:00-04:00,57.5,57.5,57.4900016784668,57.4900016784668,57.4900016784668,10285
2024-04-08 12:54:00-04:00,57.47999954223633,57.47999954223633,57.470001220703125,57.47999954223633,57.47999954223633,5432
2024-04-08 12:56:00-04:00,57.47999954223633,57.494998931884766,57.47999954223633,57.4900016784668,57.4900016784668,5631
2024-04-08 12:58:00-04:00,57.4900016784668,57.5,57.47999954223633,57.5,57.5,3228
2024-04-08 13:00:00-04:00,57.4900016784668,57.52000045776367,57.4900016784668,57.52000045776367,57.52000045776367,8465
2024-04-08 13:02:00-04:00,57.52000045776367,57.52000045776367,57.5099983215332,57.51250076293945,57.51250076293945,4765
2024-04-08 13:04:00-04:00,57.52000045776367,57.53499984741211,57.5,57.5,57.5,5152
2024-04-08 13:06:00-04:00,57.5,57.5099983215332,57.5,57.5099983215332,57.5099983215332,4011
2024-04-08 13:08:00-04:00,57.5099983215332,57.540000915527344,57.5099983215332,57.53499984741211,57.53499984741211,2385
2024-04-08 13:10:00-04:00,57.53499984741211,57.54499816894531,57.5099983215332,57.5099983215332,57.5099983215332,7142
2024-04-08 13:12:00-04:00,57.5099983215332,57.52000045776367,57.5099983215332,57.52000045776367,57.52000045776367,2775
2024-04-08 13:14:00-04:00,57.52000045776367,57.60499954223633,57.52000045776367,57.599998474121094,57.599998474121094,9444
2024-04-08 13:16:00-04:00,57.59000015258789,57.59000015258789,57.56999969482422,57.58570098876953,57.58570098876953,4379
2024-04-08 13:18:00-04:00,57.584999084472656,57.61000061035156,57.58000183105469,57.595001220703125,57.595001220703125,5431
2024-04-08 13:20:00-04:00,57.59000015258789,57.61000061035156,57.59000015258789,57.61000061035156,57.61000061035156,2985
2024-04-08 13:22:00-04:00,57.630001068115234,57.630001068115234,57.599998474121094,57.599998474121094,57.599998474121094,5700
2024-04-08 13:24:00-04:00,57.59000015258789,57.6150016784668,57.59000015258789,57.59000015258789,57.59000015258789,4874
2024-04-08 13:26:00-04:00,57.599998474121094,57.599998474121094,57.584999084472656,57.59000015258789,57.59000015258789,4646
2024-04-08 13:28:00-04:00,57.59000015258789,57.59000015258789,57.540000915527344,57.540000915527344,57.540000915527344,3793
2024-04-08 13:30:00-04:00,57.54999923706055,57.56999969482422,57.54249954223633,57.54999923706055,57.54999923706055,4779
2024-04-08 13:32:00-04:00,57.54999923706055,57.58000183105469,57.54999923706055,57.58000183105469,57.58000183105469,4766
2024-04-08 13:34:00-04:00,57.58000183105469,57.584999084472656,57.54999923706055,57.54999923706055,57.54999923706055,6174
2024-04-08 13:36:00-04:00,57.55500030517578,57.560001373291016,57.54999923706055,57.560001373291016,57.560001373291016,6658
2024-04-08 13:38:00-04:00,57.560001373291016,57.564998626708984,57.540000915527344,57.54999923706055,57.54999923706055,8772
2024-04-08 13:40:00-04:00,57.54999923706055,57.560001373291016,57.540000915527344,57.540000915527344,57.540000915527344,3825
2024-04-08 13:42:00-04:00,57.54999923706055,57.560001373291016,57.53499984741211,57.54999923706055,57.54999923706055,5448
2024-04-08 13:44:00-04:00,57.54999923706055,57.55500030517578,57.540000915527344,57.55500030517578,57.55500030517578,3022
2024-04-08 13:46:00-04:00,57.55500030517578,57.560001373291016,57.54999923706055,57.54999923706055,57.54999923706055,2343
2024-04-08 13:48:00-04:00,57.54999923706055,57.54999923706055,57.540000915527344,57.540000915527344,57.540000915527344,2392
2024-04-08 13:50:00-04:00,57.540000915527344,57.54499816894531,57.52000045776367,57.52000045776367,57.52000045776367,10528
2024-04-08 13:52:00-04:00,57.5099983215332,57.53499984741211,57.5,57.52000045776367,57.52000045776367,10822
2024-04-08 13:54:00-04:00,57.52000045776367,57.540000915527344,57.52000045776367,57.540000915527344,57.540000915527344,3921
2024-04-08 13:56:00-04:00,57.537899017333984,57.54999923706055,57.529998779296875,57.529998779296875,57.529998779296875,5453
2024-04-08 13:58:00-04:00,57.52000045776367,57.52000045776367,57.47999954223633,57.47999954223633,57.47999954223633,7397
2024-04-08 14:00:00-04:00,57.474998474121094,57.474998474121094,57.400001525878906,57.400001525878906,57.400001525878906,5532
2024-04-08 14:02:00-04:00,57.400001525878906,57.459999084472656,57.400001525878906,57.45500183105469,57.45500183105469,30962
2024-04-08 14:04:00-04:00,57.45000076293945,57.47999954223633,57.45000076293945,57.470001220703125,57.470001220703125,13442
2024-04-08 14:06:00-04:00,57.47249984741211,57.479000091552734,57.46500015258789,57.474998474121094,57.474998474121094,7057
2024-04-08 14:08:00-04:00,57.47999954223633,57.5099983215332,57.47999954223633,57.5099983215332,57.5099983215332,12483
2024-04-08 14:10:00-04:00,57.5099983215332,57.51499938964844,57.505001068115234,57.505001068115234,57.505001068115234,6236
2024-04-08 14:12:00-04:00,57.5,57.505001068115234,57.4900016784668,57.494998931884766,57.494998931884766,6682
2024-04-08 14:14:00-04:00,57.494998931884766,57.5,57.47999954223633,57.47999954223633,57.47999954223633,6789
2024-04-08 14:16:00-04:00,57.474998474121094,57.47999954223633,57.470001220703125,57.474998474121094,57.474998474121094,11896
2024-04-08 14:18:00-04:00,57.47999954223633,57.47999954223633,57.470001220703125,57.47999954223633,57.47999954223633,10505
2024-04-08 14:20:00-04:00,57.474998474121094,57.474998474121094,57.45500183105469,57.46500015258789,57.46500015258789,16522
2024-04-08 14:22:00-04:00,57.470001220703125,57.47999954223633,57.435001373291016,57.47999954223633,57.47999954223633,16038
2024-04-08 14:24:00-04:00,57.47999954223633,57.505001068115234,57.415000915527344,57.459999084472656,57.459999084472656,47382
2024-04-08 14:26:00-04:00,57.470001220703125,57.4900016784668,57.470001220703125,57.47999954223633,57.47999954223633,21890
2024-04-08 14:28:00-04:00,57.47999954223633,57.4900016784668,57.45500183105469,57.470001220703125,57.470001220703125,47107
2024-04-08 14:30:00-04:00,57.46500015258789,57.47999954223633,57.45000076293945,57.470001220703125,57.470001220703125,25662
2024-04-08 14:32:00-04:00,57.4900016784668,57.5,57.48500061035156,57.4900016784668,57.4900016784668,5187
2024-04-08 14:34:00-04:00,57.4900016784668,57.4900016784668,57.45500183105469,57.474998474121094,57.474998474121094,36103
2024-04-08 14:36:00-04:00,57.470001220703125,57.494998931884766,57.44499969482422,57.48500061035156,57.48500061035156,13455
2024-04-08 14:38:00-04:00,57.4900016784668,57.5,57.45000076293945,57.47999954223633,57.47999954223633,21430
2024-04-08 14:40:00-04:00,57.47999954223633,57.47999954223633,57.45000076293945,57.459999084472656,57.459999084472656,29929
2024-04-08 14:42:00-04:00,57.46500015258789,57.474998474121094,57.459999084472656,57.470001220703125,57.470001220703125,7300
2024-04-08 14:44:00-04:00,57.470001220703125,57.47999954223633,57.459999084472656,57.474998474121094,57.474998474121094,9122
2024-04-08 14:46:00-04:00,57.470001220703125,57.474998474121094,57.459999084472656,57.474998474121094,57.474998474121094,14382
2024-04-08 14:48:00-04:00,57.474998474121094,57.47999954223633,57.459999084472656,57.459999084472656,57.459999084472656,9756
2024-04-08 14:50:00-04:00,57.46500015258789,57.46500015258789,57.40999984741211,57.439998626708984,57.439998626708984,18567
2024-04-08 14:52:00-04:00,57.439998626708984,57.47999954223633,57.439998626708984,57.47999954223633,57.47999954223633,14936
2024-04-08 14:54:00-04:00,57.474998474121094,57.47999954223633,57.45500183105469,57.474998474121094,57.474998474121094,24070
2024-04-08 14:56:00-04:00,57.47999954223633,57.4900016784668,57.45500183105469,57.45500183105469,57.45500183105469,14035
2024-04-08 14:58:00-04:00,57.45000076293945,57.459999084472656,57.45000076293945,57.45500183105469,57.45500183105469,8334
2024-04-08 15:00:00-04:00,57.45500183105469,57.48500061035156,57.45000076293945,57.48500061035156,57.48500061035156,12833
2024-04-08 15:02:00-04:00,57.4900016784668,57.4900016784668,57.459999084472656,57.459999084472656,57.459999084472656,8554
2024-04-08 15:04:00-04:00,57.46500015258789,57.474998474121094,57.45000076293945,57.45000076293945,57.45000076293945,5962
2024-04-08 15:06:00-04:00,57.45000076293945,57.45500183105469,57.43000030517578,57.439998626708984,57.439998626708984,11046
2024-04-08 15:08:00-04:00,57.435001373291016,57.45500183105469,57.435001373291016,57.44580078125,57.44580078125,9319
2024-04-08 15:10:00-04:00,57.44499969482422,57.44499969482422,57.41999816894531,57.42499923706055,57.42499923706055,9530
2024-04-08 15:12:00-04:00,57.41999816894531,57.439998626708984,57.38999938964844,57.435001373291016,57.435001373291016,23129
2024-04-08 15:14:00-04:00,57.439998626708984,57.44499969482422,57.39500045776367,57.43000030517578,57.43000030517578,35439
2024-04-08 15:16:00-04:00,57.43000030517578,57.459999084472656,57.41999816894531,57.44499969482422,57.44499969482422,57515
2024-04-08 15:18:00-04:00,57.44499969482422,57.47999954223633,57.44499969482422,57.474998474121094,57.474998474121094,25341
2024-04-08 15:20:00-04:00,57.474998474121094,57.48500061035156,57.470001220703125,57.48500061035156,57.48500061035156,12825
2024-04-08 15:22:00-04:00,57.47999954223633,57.48500061035156,57.46500015258789,57.46500015258789,57.46500015258789,4918
2024-04-08 15:24:00-04:00,57.46500015258789,57.48500061035156,57.46500015258789,57.46500015258789,57.46500015258789,10097
2024-04-08 15:26:00-04:00,57.46500015258789,57.470001220703125,57.45000076293945,57.46969985961914,57.46969985961914,14855
2024-04-08 15:28:00-04:00,57.46500015258789,57.470001220703125,57.45000076293945,57.46500015258789,57.46500015258789,10825
2024-04-08 15:30:00-04:00,57.459999084472656,57.5,57.459999084472656,57.47999954223633,57.47999954223633,35353
2024-04-08 15:32:00-04:00,57.470001220703125,57.494998931884766,57.459999084472656,57.4900016784668,57.4900016784668,13929
2024-04-08 15:34:00-04:00,57.4900016784668,57.4900016784668,57.439998626708984,57.45000076293945,57.45000076293945,16621
2024-04-08 15:36:00-04:00,57.45000076293945,57.470001220703125,57.435001373291016,57.439998626708984,57.439998626708984,41180
2024-04-08 15:38:00-04:00,57.439998626708984,57.459999084472656,57.43000030517578,57.44499969482422,57.44499969482422,64980
2024-04-08 15:40:00-04:00,57.439998626708984,57.439998626708984,57.369998931884766,57.369998931884766,57.369998931884766,13046
2024-04-08 15:42:00-04:00,57.369998931884766,57.40999984741211,57.369998931884766,57.37009811401367,57.37009811401367,35352
2024-04-08 15:44:00-04:00,57.369998931884766,57.400001525878906,57.345001220703125,57.35499954223633,57.35499954223633,26639
2024-04-08 15:46:00-04:00,57.345001220703125,57.3849983215332,57.30500030517578,57.30500030517578,57.30500030517578,27758
2024-04-08 15:48:00-04:00,57.29999923706055,57.31999969482422,57.29999923706055,57.314998626708984,57.314998626708984,27819
2024-04-08 15:50:00-04:00,57.310001373291016,57.310001373291016,57.220001220703125,57.244998931884766,57.244998931884766,51469
2024-04-08 15:52:00-04:00,57.244998931884766,57.32500076293945,57.244998931884766,57.32500076293945,57.32500076293945,49289
2024-04-08 15:54:00-04:00,57.33000183105469,57.415000915527344,57.33000183105469,57.369998931884766,57.369998931884766,66413
2024-04-08 15:56:00-04:00,57.3650016784668,57.400001525878906,57.3650016784668,57.39500045776367,57.39500045776367,59479
2024-04-08 15:58:00-04:00,57.39500045776367,57.52000045776367,57.38999938964844,57.5099983215332,57.5099983215332,208125
2024-04-09 09:30:00-04:00,57.56999969482422,57.599998474121094,57.34000015258789,57.41999816894531,57.41999816894531,26026
2024-04-09 09:32:00-04:00,57.41999816894531,57.41999816894531,57.349998474121094,57.40999984741211,57.40999984741211,1928
2024-04-09 09:34:00-04:00,57.470001220703125,57.61000061035156,57.470001220703125,57.59000015258789,57.59000015258789,5059
2024-04-09 09:36:00-04:00,57.540000915527344,57.540000915527344,57.400001525878906,57.400001525878906,57.400001525878906,4583
2024-04-09 09:38:00-04:00,57.41999816894531,57.558998107910156,57.41999816894531,57.558998107910156,57.558998107910156,5594
2024-04-09 09:40:00-04:00,57.560001373291016,57.560001373291016,57.474998474121094,57.474998474121094,57.474998474121094,6483
2024-04-09 09:42:00-04:00,57.4900016784668,57.5,57.45500183105469,57.5,57.5,5916
2024-04-09 09:44:00-04:00,57.529998779296875,57.584800720214844,57.5099983215332,57.5099983215332,57.5099983215332,4724
2024-04-09 09:46:00-04:00,57.529998779296875,57.53499984741211,57.47999954223633,57.53499984741211,57.53499984741211,5744
2024-04-09 09:48:00-04:00,57.529998779296875,57.529998779296875,57.459999084472656,57.470001220703125,57.470001220703125,9527
2024-04-09 09:50:00-04:00,57.47999954223633,57.5192985534668,57.45000076293945,57.47999954223633,57.47999954223633,14666
2024-04-09 09:52:00-04:00,57.4900016784668,57.5,57.44499969482422,57.4900016784668,57.4900016784668,23066
2024-04-09 09:54:00-04:00,57.5,57.5099983215332,57.439998626708984,57.470001220703125,57.470001220703125,30466
2024-04-09 09:56:00-04:00,57.47999954223633,57.47999954223633,57.415000915527344,57.43000030517578,57.43000030517578,8395
2024-04-09 09:58:00-04:00,57.43000030517578,57.4900016784668,57.40999984741211,57.470001220703125,57.470001220703125,12111
2024-04-09 10:00:00-04:00,57.470001220703125,57.55080032348633,57.459999084472656,57.5099983215332,57.5099983215332,20034
2024-04-09 10:02:00-04:00,57.52000045776367,57.529998779296875,57.459999084472656,57.51499938964844,57.51499938964844,8725
2024-04-09 10:04:00-04:00,57.5099983215332,57.560001373291016,57.4900016784668,57.560001373291016,57.560001373291016,9186
2024-04-09 10:06:00-04:00,57.553001403808594,57.61000061035156,57.525001525878906,57.60499954223633,57.60499954223633,5550
2024-04-09 10:08:00-04:00,57.60499954223633,57.61000061035156,57.56999969482422,57.59000015258789,57.59000015258789,4905
2024-04-09 10:10:00-04:00,57.59000015258789,57.630001068115234,57.59000015258789,57.630001068115234,57.630001068115234,7828
2024-04-09 10:12:00-04:00,57.619998931884766,57.685001373291016,57.599998474121094,57.685001373291016,57.685001373291016,6601
2024-04-09 10:14:00-04:00,57.66999816894531,57.70000076293945,57.65999984741211,57.65999984741211,57.65999984741211,9451
2024-04-09 10:16:00-04:00,57.65999984741211,57.720001220703125,57.654998779296875,57.66999816894531,57.66999816894531,6458
2024-04-09 10:18:00-04:00,57.66999816894531,57.75,57.66999816894531,57.75,57.75,7595
2024-04-09 10:20:00-04:00,57.75,57.7599983215332,57.709999084472656,57.709999084472656,57.709999084472656,8407
2024-04-09 10:22:00-04:00,57.720001220703125,57.75,57.70500183105469,57.744998931884766,57.744998931884766,5737
2024-04-09 10:24:00-04:00,57.7400016784668,57.790000915527344,57.7400016784668,57.790000915527344,57.790000915527344,4972
2024-04-09 10:26:00-04:00,57.779998779296875,57.79999923706055,57.7599983215332,57.79999923706055,57.79999923706055,4429
2024-04-09 10:28:00-04:00,57.79999923706055,57.79999923706055,57.7400016784668,57.7400016784668,57.7400016784668,9661
2024-04-09 10:30:00-04:00,57.7400016784668,57.779998779296875,57.724998474121094,57.77000045776367,57.77000045776367,7516
2024-04-09 10:32:00-04:00,57.7599983215332,57.7599983215332,57.72999954223633,57.744998931884766,57.744998931884766,2151
2024-04-09 10:34:00-04:00,57.75,57.81999969482422,57.75,57.81999969482422,57.81999969482422,5039
2024-04-09 10:36:00-04:00,57.81999969482422,57.81999969482422,57.720001220703125,57.75,57.75,8038
2024-04-09 10:38:00-04:00,57.7599983215332,57.779998779296875,57.755001068115234,57.775001525878906,57.775001525878906,7098
2024-04-09 10:40:00-04:00,57.779998779296875,57.810001373291016,57.7599983215332,57.779998779296875,57.779998779296875,5357
2024-04-09 10:42:00-04:00,57.77000045776367,57.77000045776367,57.66999816894531,57.69499969482422,57.69499969482422,9411
2024-04-09 10:44:00-04:00,57.70000076293945,57.70000076293945,57.61000061035156,57.630001068115234,57.630001068115234,7758
2024-04-09 10:46:00-04:00,57.630001068115234,57.65999984741211,57.59000015258789,57.63999938964844,57.63999938964844,19234
2024-04-09 10:48:00-04:00,57.619998931884766,57.619998931884766,57.54999923706055,57.59000015258789,57.59000015258789,9338
2024-04-09 10:50:00-04:00,57.61000061035156,57.619998931884766,57.58000183105469,57.619998931884766,57.619998931884766,11889
2024-04-09 10:52:00-04:00,57.630001068115234,57.63999938964844,57.599998474121094,57.63999938964844,57.63999938964844,9202
2024-04-09 10:54:00-04:00,57.63999938964844,57.689998626708984,57.63999938964844,57.689998626708984,57.689998626708984,9590
2024-04-09 10:56:00-04:00,57.689998626708984,57.720001220703125,57.66999816894531,57.68000030517578,57.68000030517578,16034
2024-04-09 10:58:00-04:00,57.65999984741211,57.689998626708984,57.63999938964844,57.689998626708984,57.689998626708984,13619
2024-04-09 11:00:00-04:00,57.69499969482422,57.72999954223633,57.689998626708984,57.689998626708984,57.689998626708984,12157
2024-04-09 11:02:00-04:00,57.66999816894531,57.68000030517578,57.63999938964844,57.65999984741211,57.65999984741211,11717
2024-04-09 11:04:00-04:00,57.65999984741211,57.66999816894531,57.60499954223633,57.630001068115234,57.630001068115234,13467
2024-04-09 11:06:00-04:00,57.630001068115234,57.64500045776367,57.59000015258789,57.63999938964844,57.63999938964844,10973
2024-04-09 11:08:00-04:00,57.64500045776367,57.650001525878906,57.619998931884766,57.6349983215332,57.6349983215332,7714
2024-04-09 11:10:00-04:00,57.630001068115234,57.65999984741211,57.619998931884766,57.650001525878906,57.650001525878906,3961
2024-04-09 11:12:00-04:00,57.630001068115234,57.69499969482422,57.625301361083984,57.68000030517578,57.68000030517578,9406
2024-04-09 11:14:00-04:00,57.68000030517578,57.709999084472656,57.68000030517578,57.709999084472656,57.709999084472656,3187
2024-04-09 11:16:00-04:00,57.70500183105469,57.709999084472656,57.689998626708984,57.70500183105469,57.70500183105469,3592
2024-04-09 11:18:00-04:00,57.70000076293945,57.724998474121094,57.689998626708984,57.720001220703125,57.720001220703125,9479
2024-04-09 11:20:00-04:00,57.720001220703125,57.720001220703125,57.66999816894531,57.68000030517578,57.68000030517578,5671
2024-04-09 11:22:00-04:00,57.689998626708984,57.689998626708984,57.65999984741211,57.66999816894531,57.66999816894531,4031
2024-04-09 11:24:00-04:00,57.66999816894531,57.67499923706055,57.650001525878906,57.67499923706055,57.67499923706055,6332
2024-04-09 11:26:00-04:00,57.67499923706055,57.709999084472656,57.67499923706055,57.689998626708984,57.689998626708984,7419
2024-04-09 11:28:00-04:00,57.68000030517578,57.70000076293945,57.66999816894531,57.66999816894531,57.66999816894531,5882
2024-04-09 11:30:00-04:00,57.66999816894531,57.66999816894531,57.650001525878906,57.65999984741211,57.65999984741211,6019
2024-04-09 11:32:00-04:00,57.66999816894531,57.68000030517578,57.650001525878906,57.68000030517578,57.68000030517578,7314
2024-04-09 11:34:00-04:00,57.68000030517578,57.7400016784668,57.68000030517578,57.689998626708984,57.689998626708984,16984
2024-04-09 11:36:00-04:00,57.68000030517578,57.70500183105469,57.66999816894531,57.70000076293945,57.70000076293945,4278
2024-04-09 11:38:00-04:00,57.689998626708984,57.689998626708984,57.650001525878906,57.65999984741211,57.65999984741211,7646
2024-04-09 11:40:00-04:00,57.65999984741211,57.65999984741211,57.625,57.65999984741211,57.65999984741211,18674
2024-04-09 11:42:00-04:00,57.65999984741211,57.65999984741211,57.52000045776367,57.54499816894531,57.54499816894531,35815
2024-04-09 11:44:00-04:00,57.540000915527344,57.59000015258789,57.529998779296875,57.58000183105469,57.58000183105469,4299
2024-04-09 11:46:00-04:00,57.56999969482422,57.599998474121094,57.549400329589844,57.59000015258789,57.59000015258789,5217
2024-04-09 11:48:00-04:00,57.58000183105469,57.58000183105469,57.52000045776367,57.529998779296875,57.529998779296875,3307
2024-04-09 11:50:00-04:00,57.52000045776367,57.540000915527344,57.5,57.540000915527344,57.540000915527344,3872
2024-04-09 11:52:00-04:00,57.529998779296875,57.54999923706055,57.52040100097656,57.529998779296875,57.529998779296875,3982
2024-04-09 11:54:00-04:00,57.540000915527344,57.56999969482422,57.5,57.5,57.5,5033
2024-04-09 11:56:00-04:00,57.52000045776367,57.53499984741211,57.4900016784668,57.51499938964844,57.51499938964844,3873
2024-04-09 11:58:00-04:00,57.52050018310547,57.560001373291016,57.52050018310547,57.560001373291016,57.560001373291016,3275
2024-04-09 12:00:00-04:00,57.54999923706055,57.56999969482422,57.54999923706055,57.56999969482422,57.56999969482422,5044
2024-04-09 12:02:00-04:00,57.58000183105469,57.599998474121094,57.56999969482422,57.56999969482422,57.56999969482422,2750
2024-04-09 12:04:00-04:00,57.560001373291016,57.56999969482422,57.54999923706055,57.560001373291016,57.560001373291016,3994
2024-04-09 12:06:00-04:00,57.560001373291016,57.57500076293945,57.540000915527344,57.540000915527344,57.540000915527344,2756
2024-04-09 12:08:00-04:00,57.540000915527344,57.540000915527344,57.52000045776367,57.52000045776367,57.52000045776367,6156
2024-04-09 12:10:00-04:00,57.529998779296875,57.540000915527344,57.52000045776367,57.540000915527344,57.540000915527344,2354
2024-04-09 12:12:00-04:00,57.540000915527344,57.55500030517578,57.529998779296875,57.529998779296875,57.529998779296875,2141
2024-04-09 12:14:00-04:00,57.54999923706055,57.560001373291016,57.540000915527344,57.55500030517578,57.55500030517578,3998
2024-04-09 12:16:00-04:00,57.560001373291016,57.59000015258789,57.560001373291016,57.58000183105469,57.58000183105469,4155
2024-04-09 12:18:00-04:00,57.56999969482422,57.56999969482422,57.540000915527344,57.55500030517578,57.55500030517578,3307
2024-04-09 12:20:00-04:00,57.560001373291016,57.564998626708984,57.54999923706055,57.54999923706055,57.54999923706055,2256
2024-04-09 12:22:00-04:00,57.540000915527344,57.56999969482422,57.540000915527344,57.55500030517578,57.55500030517578,4615
2024-04-09 12:24:00-04:00,57.54999923706055,57.56019973754883,57.54999923706055,57.56019973754883,57.56019973754883,1970
2024-04-09 12:26:00-04:00,57.564998626708984,57.57749938964844,57.564998626708984,57.57440185546875,57.57440185546875,3412
2024-04-09 12:28:00-04:00,57.53499984741211,57.53499984741211,57.51089859008789,57.52000045776367,57.52000045776367,8602
2024-04-09 12:30:00-04:00,57.52000045776367,57.560001373291016,57.52000045776367,57.540000915527344,57.540000915527344,3760
2024-04-09 12:32:00-04:00,57.529998779296875,57.54999923706055,57.529998779296875,57.54999923706055,57.54999923706055,2545
2024-04-09 12:34:00-04:00,57.54999923706055,57.560001373291016,57.540000915527344,57.54999923706055,57.54999923706055,2710
2024-04-09 12:36:00-04:00,57.55500030517578,57.55500030517578,57.540000915527344,57.540000915527344,57.540000915527344,7479
2024-04-09 12:38:00-04:00,57.529998779296875,57.529998779296875,57.5,57.50749969482422,57.50749969482422,2818
2024-04-09 12:40:00-04:00,57.50749969482422,57.50749969482422,57.47999954223633,57.4900016784668,57.4900016784668,2191
2024-04-09 12:42:00-04:00,57.4900016784668,57.4900016784668,57.459999084472656,57.47999954223633,57.47999954223633,5701
2024-04-09 12:44:00-04:00,57.470001220703125,57.470001220703125,57.400001525878906,57.40999984741211,57.40999984741211,3546
2024-04-09 12:46:00-04:00,57.40999984741211,57.439998626708984,57.404998779296875,57.43000030517578,57.43000030517578,7164
2024-04-09 12:48:00-04:00,57.439998626708984,57.439998626708984,57.400001525878906,57.400001525878906,57.400001525878906,2504
2024-04-09 12:50:00-04:00,57.400001525878906,57.40999984741211,57.380001068115234,57.380001068115234,57.380001068115234,5750
2024-04-09 12:52:00-04:00,57.38999938964844,57.38999938964844,57.34000015258789,57.34000015258789,57.34000015258789,2962
2024-04-09 12:54:00-04:00,57.33000183105469,57.34000015258789,57.29999923706055,57.33000183105469,57.33000183105469,3581
2024-04-09 12:56:00-04:00,57.34000015258789,57.35499954223633,57.31999969482422,57.31999969482422,57.31999969482422,5372
2024-04-09 12:58:00-04:00,57.31999969482422,57.345001220703125,57.310001373291016,57.330101013183594,57.330101013183594,3209
2024-04-09 13:00:00-04:00,57.34000015258789,57.369998931884766,57.33000183105469,57.36000061035156,57.36000061035156,5356
2024-04-09 13:02:00-04:00,57.34000015258789,57.36000061035156,57.33000183105469,57.34000015258789,57.34000015258789,4018
2024-04-09 13:04:00-04:00,57.34000015258789,57.34000015258789,57.29999923706055,57.310001373291016,57.310001373291016,4539
2024-04-09 13:06:00-04:00,57.31999969482422,57.349998474121094,57.31999969482422,57.34000015258789,57.34000015258789,3404
2024-04-09 13:08:00-04:00,57.34000015258789,57.34000015258789,57.3129997253418,57.334999084472656,57.334999084472656,5448
2024-04-09 13:10:00-04:00,57.34000015258789,57.36000061035156,57.31999969482422,57.33000183105469,57.33000183105469,2594
2024-04-09 13:12:00-04:00,57.34000015258789,57.34000015258789,57.33000183105469,57.33000183105469,57.33000183105469,1129
2024-04-09 13:14:00-04:00,57.31999969482422,57.365501403808594,57.31999969482422,57.365501403808594,57.365501403808594,5184
2024-04-09 13:16:00-04:00,57.34000015258789,57.34000015258789,57.310001373291016,57.310001373291016,57.310001373291016,3807
2024-04-09 13:18:00-04:00,57.31999969482422,57.33000183105469,57.29999923706055,57.31999969482422,57.31999969482422,6834
2024-04-09 13:20:00-04:00,57.310001373291016,57.31990051269531,57.290000915527344,57.314998626708984,57.314998626708984,3911
2024-04-09 13:22:00-04:00,57.310001373291016,57.31999969482422,57.29999923706055,57.31999969482422,57.31999969482422,2023
2024-04-09 13:24:00-04:00,57.31999969482422,57.31999969482422,57.279998779296875,57.28499984741211,57.28499984741211,4595
2024-04-09 13:26:00-04:00,57.290000915527344,57.290000915527344,57.279998779296875,57.290000915527344,57.290000915527344,1352
2024-04-09 13:28:00-04:00,57.290000915527344,57.29999923706055,57.26499938964844,57.279998779296875,57.279998779296875,29923
2024-04-09 13:30:00-04:00,57.279998779296875,57.279998779296875,57.2599983215332,57.26499938964844,57.26499938964844,3262
2024-04-09 13:32:00-04:00,57.290000915527344,57.29499816894531,57.27000045776367,57.27000045776367,57.27000045776367,7178
2024-04-09 13:34:00-04:00,57.27000045776367,57.279998779296875,57.27000045776367,57.27000045776367,57.27000045776367,2158
2024-04-09 13:36:00-04:00,57.27000045776367,57.27000045776367,57.2599983215332,57.26499938964844,57.26499938964844,2085
2024-04-09 13:38:00-04:00,57.26499938964844,57.27000045776367,57.25,57.26499938964844,57.26499938964844,8370
2024-04-09 13:40:00-04:00,57.27000045776367,57.27000045776367,57.25,57.2599983215332,57.2599983215332,2986
2024-04-09 13:42:00-04:00,57.255001068115234,57.27000045776367,57.247501373291016,57.247501373291016,57.247501373291016,4619
2024-04-09 13:44:00-04:00,57.25,57.255001068115234,57.22999954223633,57.22999954223633,57.22999954223633,4430
2024-04-09 13:46:00-04:00,57.220001220703125,57.220001220703125,57.20000076293945,57.20000076293945,57.20000076293945,2314
2024-04-09 13:48:00-04:00,57.209999084472656,57.209999084472656,57.19499969482422,57.20000076293945,57.20000076293945,3017
2024-04-09 13:50:00-04:00,57.209999084472656,57.220001220703125,57.17499923706055,57.187198638916016,57.187198638916016,8063
2024-04-09 13:52:00-04:00,57.185001373291016,57.185001373291016,57.15999984741211,57.16999816894531,57.16999816894531,7260
2024-04-09 13:54:00-04:00,57.15999984741211,57.15999984741211,57.150001525878906,57.15999984741211,57.15999984741211,2922
2024-04-09 13:56:00-04:00,57.16999816894531,57.16999816894531,57.150001525878906,57.150001525878906,57.150001525878906,2295
2024-04-09 13:58:00-04:00,57.147499084472656,57.150001525878906,57.130001068115234,57.130001068115234,57.130001068115234,3857
2024-04-09 14:00:00-04:00,57.130001068115234,57.130001068115234,57.09000015258789,57.095001220703125,57.095001220703125,4439
2024-04-09 14:02:00-04:00,57.099998474121094,57.11000061035156,57.06999969482422,57.06999969482422,57.06999969482422,6808
2024-04-09 14:04:00-04:00,57.060001373291016,57.06999969482422,57.04999923706055,57.06999969482422,57.06999969482422,6144
2024-04-09 14:06:00-04:00,57.08000183105469,57.099998474121094,57.07500076293945,57.099998474121094,57.099998474121094,2484
2024-04-09 14:08:00-04:00,57.095001220703125,57.130001068115234,57.084999084472656,57.125,57.125,3086
2024-04-09 14:10:00-04:00,57.125,57.1349983215332,57.1150016784668,57.1150016784668,57.1150016784668,6176
2024-04-09 14:12:00-04:00,57.1150016784668,57.1349983215332,57.1150016784668,57.1349983215332,57.1349983215332,1785
2024-04-09 14:14:00-04:00,57.1349983215332,57.1349983215332,57.119998931884766,57.119998931884766,57.119998931884766,5754
2024-04-09 14:16:00-04:00,57.11349868774414,57.119998931884766,57.11000061035156,57.11000061035156,57.11000061035156,1738
2024-04-09 14:18:00-04:00,57.11000061035156,57.11000061035156,57.07500076293945,57.08000183105469,57.08000183105469,3156
2024-04-09 14:20:00-04:00,57.084999084472656,57.10499954223633,57.084999084472656,57.10499954223633,57.10499954223633,3067
2024-04-09 14:22:00-04:00,57.11000061035156,57.119998931884766,57.06999969482422,57.06999969482422,57.06999969482422,5377
2024-04-09 14:24:00-04:00,57.06999969482422,57.06999969482422,57.040000915527344,57.051998138427734,57.051998138427734,6659
2024-04-09 14:26:00-04:00,57.05500030517578,57.08000183105469,57.04999923706055,57.05500030517578,57.05500030517578,5380
2024-04-09 14:28:00-04:00,57.04999923706055,57.064998626708984,57.040000915527344,57.040000915527344,57.040000915527344,2160
2024-04-09 14:30:00-04:00,57.040000915527344,57.060001373291016,57.029998779296875,57.060001373291016,57.060001373291016,10030
2024-04-09 14:32:00-04:00,57.060001373291016,57.08000183105469,57.05500030517578,57.05500030517578,57.05500030517578,2970
2024-04-09 14:34:00-04:00,57.04999923706055,57.07500076293945,57.04999923706055,57.05500030517578,57.05500030517578,6073
2024-04-09 14:36:00-04:00,57.04999923706055,57.060001373291016,57.02000045776367,57.05500030517578,57.05500030517578,8836
2024-04-09 14:38:00-04:00,57.05500030517578,57.05500030517578,57.04499816894531,57.04499816894531,57.04499816894531,1999
2024-04-09 14:40:00-04:00,57.04999923706055,57.064998626708984,57.03499984741211,57.040000915527344,57.040000915527344,5090
2024-04-09 14:42:00-04:00,57.04499816894531,57.05500030517578,57.04499816894531,57.04999923706055,57.04999923706055,3087
2024-04-09 14:44:00-04:00,57.04999923706055,57.05500030517578,57.040000915527344,57.04999923706055,57.04999923706055,2981
2024-04-09 14:46:00-04:00,57.040000915527344,57.040000915527344,57.029998779296875,57.029998779296875,57.029998779296875,4144
2024-04-09 14:48:00-04:00,57.040000915527344,57.060001373291016,57.03499984741211,57.060001373291016,57.060001373291016,5709
2024-04-09 14:50:00-04:00,57.040000915527344,57.04999923706055,57.01499938964844,57.01499938964844,57.01499938964844,6243
2024-04-09 14:52:00-04:00,57.0099983215332,57.02000045776367,57.0,57.005001068115234,57.005001068115234,7897
2024-04-09 14:54:00-04:00,57.005001068115234,57.02000045776367,56.96500015258789,57.0099983215332,57.0099983215332,21539
2024-04-09 14:56:00-04:00,57.01499938964844,57.01499938964844,57.0,57.0099983215332,57.0099983215332,9366
2024-04-09 14:58:00-04:00,57.0099983215332,57.04499816894531,57.005001068115234,57.04499816894531,57.04499816894531,7472
2024-04-09 15:00:00-04:00,57.04999923706055,57.04999923706055,57.0099983215332,57.02000045776367,57.02000045776367,6189
2024-04-09 15:02:00-04:00,57.0099983215332,57.04999923706055,57.005001068115234,57.03499984741211,57.03499984741211,5814
2024-04-09 15:04:00-04:00,57.029998779296875,57.084999084472656,57.029998779296875,57.084999084472656,57.084999084472656,6499
2024-04-09 15:06:00-04:00,57.08000183105469,57.16999816894531,57.08000183105469,57.15999984741211,57.15999984741211,6424
2024-04-09 15:08:00-04:00,57.165000915527344,57.20000076293945,57.165000915527344,57.185001373291016,57.185001373291016,1655
2024-04-09 15:10:00-04:00,57.185001373291016,57.220001220703125,57.165000915527344,57.21500015258789,57.21500015258789,8002
2024-04-09 15:12:00-04:00,57.209999084472656,57.209999084472656,57.165000915527344,57.20000076293945,57.20000076293945,7173
2024-04-09 15:14:00-04:00,57.20500183105469,57.20500183105469,57.189998626708984,57.189998626708984,57.189998626708984,3187
2024-04-09 15:16:00-04:00,57.189998626708984,57.2400016784668,57.185001373291016,57.209999084472656,57.209999084472656,7171
2024-04-09 15:18:00-04:00,57.209999084472656,57.22999954223633,57.209999084472656,57.220001220703125,57.220001220703125,2436
2024-04-09 15:20:00-04:00,57.22999954223633,57.2400016784668,57.21500015258789,57.220001220703125,57.220001220703125,6291
2024-04-09 15:22:00-04:00,57.224998474121094,57.255001068115234,57.220001220703125,57.220001220703125,57.220001220703125,5476
2024-04-09 15:24:00-04:00,57.224998474121094,57.25,57.224998474121094,57.25,57.25,7811
2024-04-09 15:26:00-04:00,57.2599983215332,57.314998626708984,57.2599983215332,57.28499984741211,57.28499984741211,8157
2024-04-09 15:28:00-04:00,57.290000915527344,57.31999969482422,57.275001525878906,57.314998626708984,57.314998626708984,5787
2024-04-09 15:30:00-04:00,57.314998626708984,57.32899856567383,57.29999923706055,57.30500030517578,57.30500030517578,9008
2024-04-09 15:32:00-04:00,57.29999923706055,57.29999923706055,57.275001525878906,57.279998779296875,57.279998779296875,5988
2024-04-09 15:34:00-04:00,57.279998779296875,57.28900146484375,57.26499938964844,57.26499938964844,57.26499938964844,6370
2024-04-09 15:36:00-04:00,57.2599983215332,57.2599983215332,57.22999954223633,57.22999954223633,57.22999954223633,9981
2024-04-09 15:38:00-04:00,57.224998474121094,57.224998474121094,57.209999084472656,57.220001220703125,57.220001220703125,11016
2024-04-09 15:40:00-04:00,57.220001220703125,57.244998931884766,57.21500015258789,57.224998474121094,57.224998474121094,8971
2024-04-09 15:42:00-04:00,57.224998474121094,57.22999954223633,57.14500045776367,57.150001525878906,57.150001525878906,18878
2024-04-09 15:44:00-04:00,57.150001525878906,57.209999084472656,57.150001525878906,57.20000076293945,57.20000076293945,18299
2024-04-09 15:46:00-04:00,57.20500183105469,57.220001220703125,57.18000030517578,57.18000030517578,57.18000030517578,14253
2024-04-09 15:48:00-04:00,57.17499923706055,57.23500061035156,57.17499923706055,57.23500061035156,57.23500061035156,18133
2024-04-09 15:50:00-04:00,57.2400016784668,57.2400016784668,57.130001068115234,57.20500183105469,57.20500183105469,43804
2024-04-09 15:52:00-04:00,57.20500183105469,57.224998474121094,57.20000076293945,57.220001220703125,57.220001220703125,22666
2024-04-09 15:54:00-04:00,57.21500015258789,57.279998779296875,57.20000076293945,57.20000076293945,57.20000076293945,47483
2024-04-09 15:56:00-04:00,57.19499969482422,57.22999954223633,57.189998626708984,57.19499969482422,57.19499969482422,69704
2024-04-09 15:58:00-04:00,57.19499969482422,57.20000076293945,57.04999923706055,57.119998931884766,57.119998931884766,269053
2024-04-10 09:30:00-04:00,56.900001525878906,57.06999969482422,56.900001525878906,56.974998474121094,56.974998474121094,33524
2024-04-10 09:32:00-04:00,57.09000015258789,57.18000030517578,57.09000015258789,57.130001068115234,57.130001068115234,19778
2024-04-10 09:34:00-04:00,57.06999969482422,57.119998931884766,56.97999954223633,57.025001525878906,57.025001525878906,26630
2024-04-10 09:36:00-04:00,57.0099983215332,57.0099983215332,56.79999923706055,56.810001373291016,56.810001373291016,18104
2024-04-10 09:38:00-04:00,56.810001373291016,56.810001373291016,56.689998626708984,56.70500183105469,56.70500183105469,10539
2024-04-10 09:40:00-04:00,56.65999984741211,56.66999816894531,56.470001220703125,56.57500076293945,56.57500076293945,10560
2024-04-10 09:42:00-04:00,56.564998626708984,56.599998474121094,56.5099983215332,56.560001373291016,56.560001373291016,36326
2024-04-10 09:44:00-04:00,56.560001373291016,56.6150016784668,56.529998779296875,56.6150016784668,56.6150016784668,11426
2024-04-10 09:46:00-04:00,56.61000061035156,56.665000915527344,56.56999969482422,56.56999969482422,56.56999969482422,16451
2024-04-10 09:48:00-04:00,56.54999923706055,56.54999923706055,56.4900016784668,56.5099983215332,56.5099983215332,5836
2024-04-10 09:50:00-04:00,56.540000915527344,56.540000915527344,56.51499938964844,56.52000045776367,56.52000045776367,6296
2024-04-10 09:52:00-04:00,56.540000915527344,56.54499816894531,56.5,56.529998779296875,56.529998779296875,3446
2024-04-10 09:54:00-04:00,56.540000915527344,56.61000061035156,56.52000045776367,56.56999969482422,56.56999969482422,6786
2024-04-10 09:56:00-04:00,56.595001220703125,56.66999816894531,56.59000015258789,56.63999938964844,56.63999938964844,9177
2024-04-10 09:58:00-04:00,56.65999984741211,56.689998626708984,56.61000061035156,56.61000061035156,56.61000061035156,8573
2024-04-10 10:00:00-04:00,56.60499954223633,56.68000030517578,56.599998474121094,56.65999984741211,56.65999984741211,6312
2024-04-10 10:02:00-04:00,56.65999984741211,56.70750045776367,56.599998474121094,56.61000061035156,56.61000061035156,6419
2024-04-10 10:04:00-04:00,56.61000061035156,56.63999938964844,56.54240036010742,56.60499954223633,56.60499954223633,8362
2024-04-10 10:06:00-04:00,56.599998474121094,56.650001525878906,56.599998474121094,56.650001525878906,56.650001525878906,5929
2024-04-10 10:08:00-04:00,56.66999816894531,56.69810104370117,56.619998931884766,56.619998931884766,56.619998931884766,4340
2024-04-10 10:10:00-04:00,56.618099212646484,56.70000076293945,56.618099212646484,56.70000076293945,56.70000076293945,12318
2024-04-10 10:12:00-04:00,56.70000076293945,56.84000015258789,56.689998626708984,56.83000183105469,56.83000183105469,19206
2024-04-10 10:14:00-04:00,56.81999969482422,56.8650016784668,56.81999969482422,56.83000183105469,56.83000183105469,5915
2024-04-10 10:16:00-04:00,56.849998474121094,56.85499954223633,56.81999969482422,56.83000183105469,56.83000183105469,4025
2024-04-10 10:18:00-04:00,56.849998474121094,56.900001525878906,56.84000015258789,56.88999938964844,56.88999938964844,3672
2024-04-10 10:20:00-04:00,56.900001525878906,57.0,56.880001068115234,57.0,57.0,16357
2024-04-10 10:22:00-04:00,57.0,57.04999923706055,57.0,57.0,57.0,9887
2024-04-10 10:24:00-04:00,57.0,57.04999923706055,56.9900016784668,57.04999923706055,57.04999923706055,3021
2024-04-10 10:26:00-04:00,57.040000915527344,57.06999969482422,57.02000045776367,57.040000915527344,57.040000915527344,6244
2024-04-10 10:28:00-04:00,57.02000045776367,57.040000915527344,56.959999084472656,56.9900016784668,56.9900016784668,8004
2024-04-10 10:30:00-04:00,56.98500061035156,57.0099983215332,56.98500061035156,57.0099983215332,57.0099983215332,6287
2024-04-10 10:32:00-04:00,57.02000045776367,57.02000045776367,56.95000076293945,56.970001220703125,56.970001220703125,3916
2024-04-10 10:34:00-04:00,56.974998474121094,57.040000915527344,56.974998474121094,57.040000915527344,57.040000915527344,3236
2024-04-10 10:36:00-04:00,57.038700103759766,57.040000915527344,56.970001220703125,56.97999954223633,56.97999954223633,22910
2024-04-10 10:38:00-04:00,56.97999954223633,57.0,56.939998626708984,56.939998626708984,56.939998626708984,4952
2024-04-10 10:40:00-04:00,56.91999816894531,56.939998626708984,56.904998779296875,56.915000915527344,56.915000915527344,5514
2024-04-10 10:42:00-04:00,56.900001525878906,56.900001525878906,56.8390998840332,56.849998474121094,56.849998474121094,7047
2024-04-10 10:44:00-04:00,56.83000183105469,56.90999984741211,56.83000183105469,56.90999984741211,56.90999984741211,19271
2024-04-10 10:46:00-04:00,56.91999816894531,56.91999816894531,56.880001068115234,56.880001068115234,56.880001068115234,7373
2024-04-10 10:48:00-04:00,56.869998931884766,56.900001525878906,56.84000015258789,56.88999938964844,56.88999938964844,20638
2024-04-10 10:50:00-04:00,56.89500045776367,56.89500045776367,56.84000015258789,56.849998474121094,56.849998474121094,4083
2024-04-10 10:52:00-04:00,56.86000061035156,56.900001525878906,56.86000061035156,56.880001068115234,56.880001068115234,4049
2024-04-10 10:54:00-04:00,56.880001068115234,56.880001068115234,56.84000015258789,56.85499954223633,56.85499954223633,7086
2024-04-10 10:56:00-04:00,56.84000015258789,56.88999938964844,56.84000015258789,56.86000061035156,56.86000061035156,7910
2024-04-10 10:58:00-04:00,56.849998474121094,56.86000061035156,56.84000015258789,56.84000015258789,56.84000015258789,4798
2024-04-10 11:00:00-04:00,56.84000015258789,56.845001220703125,56.81999969482422,56.845001220703125,56.845001220703125,4669
2024-04-10 11:02:00-04:00,56.81999969482422,56.86000061035156,56.810001373291016,56.81999969482422,56.81999969482422,6360
2024-04-10 11:04:00-04:00,56.810001373291016,56.84000015258789,56.810001373291016,56.81999969482422,56.81999969482422,4728
2024-04-10 11:06:00-04:00,56.81999969482422,56.83000183105469,56.790000915527344,56.810001373291016,56.810001373291016,6338
2024-04-10 11:08:00-04:00,56.814998626708984,56.83000183105469,56.790000915527344,56.81999969482422,56.81999969482422,7120
2024-04-10 11:10:00-04:00,56.81999969482422,56.81999969482422,56.79999923706055,56.810001373291016,56.810001373291016,2136
2024-04-10 11:12:00-04:00,56.810001373291016,56.82500076293945,56.79999923706055,56.82500076293945,56.82500076293945,9911
2024-04-10 11:14:00-04:00,56.81999969482422,56.86000061035156,56.79999923706055,56.84000015258789,56.84000015258789,19578
2024-04-10 11:16:00-04:00,56.84000015258789,56.880001068115234,56.84000015258789,56.880001068115234,56.880001068115234,4377
2024-04-10 11:18:00-04:00,56.880001068115234,56.93000030517578,56.869998931884766,56.93000030517578,56.93000030517578,9624
2024-04-10 11:20:00-04:00,56.92499923706055,56.92499923706055,56.900001525878906,56.90999984741211,56.90999984741211,5009
2024-04-10 11:22:00-04:00,56.90999984741211,56.959999084472656,56.90999984741211,56.959999084472656,56.959999084472656,4553
2024-04-10 11:24:00-04:00,56.970001220703125,56.97999954223633,56.95000076293945,56.97999954223633,56.97999954223633,8994
2024-04-10 11:26:00-04:00,56.97999954223633,56.98500061035156,56.939998626708984,56.95000076293945,56.95000076293945,7480
2024-04-10 11:28:00-04:00,56.95000076293945,56.97999954223633,56.94499969482422,56.970001220703125,56.970001220703125,5354
2024-04-10 11:30:00-04:00,56.97999954223633,56.97999954223633,56.93000030517578,56.95000076293945,56.95000076293945,8031
2024-04-10 11:32:00-04:00,56.93000030517578,56.93000030517578,56.86000061035156,56.869998931884766,56.869998931884766,3487
2024-04-10 11:34:00-04:00,56.86000061035156,56.86000061035156,56.81999969482422,56.81999969482422,56.81999969482422,1614
2024-04-10 11:36:00-04:00,56.810001373291016,56.814998626708984,56.790000915527344,56.79999923706055,56.79999923706055,2981
2024-04-10 11:38:00-04:00,56.79999923706055,56.79999923706055,56.77000045776367,56.779998779296875,56.779998779296875,4726
2024-04-10 11:40:00-04:00,56.779998779296875,56.814998626708984,56.77000045776367,56.814998626708984,56.814998626708984,12681
2024-04-10 11:42:00-04:00,56.810001373291016,56.810001373291016,56.78689956665039,56.790000915527344,56.790000915527344,2853
2024-04-10 11:44:00-04:00,56.779998779296875,56.790000915527344,56.75,56.75849914550781,56.75849914550781,3936
2024-04-10 11:46:00-04:00,56.75,56.779998779296875,56.7400016784668,56.778099060058594,56.778099060058594,9431
2024-04-10 11:48:00-04:00,56.779998779296875,56.790000915527344,56.76499938964844,56.77000045776367,56.77000045776367,4428
2024-04-10 11:50:00-04:00,56.76499938964844,56.77000045776367,56.73500061035156,56.73500061035156,56.73500061035156,3872
2024-04-10 11:52:00-04:00,56.72999954223633,56.744998931884766,56.720001220703125,56.7400016784668,56.7400016784668,5918
2024-04-10 11:54:00-04:00,56.72999954223633,56.7599983215332,56.720001220703125,56.7599983215332,56.7599983215332,6592
2024-04-10 11:56:00-04:00,56.755001068115234,56.7599983215332,56.73500061035156,56.7400016784668,56.7400016784668,3965
2024-04-10 11:58:00-04:00,56.75,56.76499938964844,56.73500061035156,56.73500061035156,56.73500061035156,3709
2024-04-10 12:00:00-04:00,56.7400016784668,56.75,56.7400016784668,56.75,56.75,4398
2024-04-10 12:02:00-04:00,56.75,56.755001068115234,56.7400016784668,56.755001068115234,56.755001068115234,2183
2024-04-10 12:04:00-04:00,56.7599983215332,56.810001373291016,56.7599983215332,56.80500030517578,56.80500030517578,4305
2024-04-10 12:06:00-04:00,56.81999969482422,56.845001220703125,56.81999969482422,56.842899322509766,56.842899322509766,2018
2024-04-10 12:08:00-04:00,56.845001220703125,56.849998474121094,56.834999084472656,56.84000015258789,56.84000015258789,2785
2024-04-10 12:10:00-04:00,56.83000183105469,56.84000015258789,56.83000183105469,56.832801818847656,56.832801818847656,4860
2024-04-10 12:12:00-04:00,56.83000183105469,56.834999084472656,56.79999923706055,56.80500030517578,56.80500030517578,5031
2024-04-10 12:14:00-04:00,56.810001373291016,56.86000061035156,56.810001373291016,56.849998474121094,56.849998474121094,4284
2024-04-10 12:16:00-04:00,56.85499954223633,56.880001068115234,56.849998474121094,56.880001068115234,56.880001068115234,3306
2024-04-10 12:18:00-04:00,56.880001068115234,56.904998779296875,56.880001068115234,56.8849983215332,56.8849983215332,4629
2024-04-10 12:20:00-04:00,56.8849983215332,56.88999938964844,56.869998931884766,56.88999938964844,56.88999938964844,4302
2024-04-10 12:22:00-04:00,56.8849983215332,56.8849983215332,56.840301513671875,56.86000061035156,56.86000061035156,4764
2024-04-10 12:24:00-04:00,56.8650016784668,56.869998931884766,56.81999969482422,56.869998931884766,56.869998931884766,8692
2024-04-10 12:26:00-04:00,56.869998931884766,56.8849983215332,56.869998931884766,56.880001068115234,56.880001068115234,1764
2024-04-10 12:28:00-04:00,56.8849983215332,56.8849983215332,56.86000061035156,56.8650016784668,56.8650016784668,3916
2024-04-10 12:30:00-04:00,56.8650016784668,56.869998931884766,56.845001220703125,56.869998931884766,56.869998931884766,3456
2024-04-10 12:32:00-04:00,56.880001068115234,56.8849983215332,56.83000183105469,56.834999084472656,56.834999084472656,19629
2024-04-10 12:34:00-04:00,56.83000183105469,56.839900970458984,56.81999969482422,56.839900970458984,56.839900970458984,3162
2024-04-10 12:36:00-04:00,56.814998626708984,56.81999969482422,56.77000045776367,56.77000045776367,56.77000045776367,4386
2024-04-10 12:38:00-04:00,56.76499938964844,56.77000045776367,56.71500015258789,56.720001220703125,56.720001220703125,3374
2024-04-10 12:40:00-04:00,56.72999954223633,56.7599983215332,56.72999954223633,56.755001068115234,56.755001068115234,3385
2024-04-10 12:42:00-04:00,56.755001068115234,56.79999923706055,56.755001068115234,56.79499816894531,56.79499816894531,16945
2024-04-10 12:44:00-04:00,56.78919982910156,56.79499816894531,56.755001068115234,56.755001068115234,56.755001068115234,6705
2024-04-10 12:46:00-04:00,56.755001068115234,56.755001068115234,56.724998474121094,56.7400016784668,56.7400016784668,11137
2024-04-10 12:48:00-04:00,56.75,56.7599983215332,56.74079895019531,56.75,56.75,8766
2024-04-10 12:50:00-04:00,56.7400016784668,56.7400016784668,56.709999084472656,56.709999084472656,56.709999084472656,2723
2024-04-10 12:52:00-04:00,56.70000076293945,56.70000076293945,56.685001373291016,56.685001373291016,56.685001373291016,3631
2024-04-10 12:54:00-04:00,56.685001373291016,56.689998626708984,56.67499923706055,56.68000030517578,56.68000030517578,2756
2024-04-10 12:56:00-04:00,56.68000030517578,56.69499969482422,56.67499923706055,56.68000030517578,56.68000030517578,3768
2024-04-10 12:58:00-04:00,56.685001373291016,56.70000076293945,56.66999816894531,56.66999816894531,56.66999816894531,2892
2024-04-10 13:00:00-04:00,56.68000030517578,56.68000030517578,56.650001525878906,56.65999984741211,56.65999984741211,2263
2024-04-10 13:02:00-04:00,56.650001525878906,56.650001525878906,56.619998931884766,56.619998931884766,56.619998931884766,2512
2024-04-10 13:04:00-04:00,56.61000061035156,56.619998931884766,56.59000015258789,56.59000015258789,56.59000015258789,5342
2024-04-10 13:06:00-04:00,56.599998474121094,56.61000061035156,56.56999969482422,56.584999084472656,56.584999084472656,10578
2024-04-10 13:08:00-04:00,56.584999084472656,56.599998474121094,56.54999923706055,56.54999923706055,56.54999923706055,4276
2024-04-10 13:10:00-04:00,56.560001373291016,56.560001373291016,56.53300094604492,56.540000915527344,56.540000915527344,2035
2024-04-10 13:12:00-04:00,56.54499816894531,56.56999969482422,56.54499816894531,56.56999969482422,56.56999969482422,6393
2024-04-10 13:14:00-04:00,56.57500076293945,56.599998474121094,56.56999969482422,56.59000015258789,56.59000015258789,5539
2024-04-10 13:16:00-04:00,56.595001220703125,56.6349983215332,56.595001220703125,56.6349983215332,56.6349983215332,2593
2024-04-10 13:18:00-04:00,56.619998931884766,56.63999938964844,56.6150016784668,56.63999938964844,56.63999938964844,5465
2024-04-10 13:20:00-04:00,56.63970184326172,56.66999816894531,56.63970184326172,56.66999816894531,56.66999816894531,35954
2024-04-10 13:22:00-04:00,56.68000030517578,56.7599983215332,56.68000030517578,56.7400016784668,56.7400016784668,6507
2024-04-10 13:24:00-04:00,56.72999954223633,56.77000045776367,56.72999954223633,56.7599983215332,56.7599983215332,3633
2024-04-10 13:26:00-04:00,56.77000045776367,56.779998779296875,56.755001068115234,56.7599983215332,56.7599983215332,4088
2024-04-10 13:28:00-04:00,56.77000045776367,56.77000045776367,56.709999084472656,56.724998474121094,56.724998474121094,8141
2024-04-10 13:30:00-04:00,56.709999084472656,56.7599983215332,56.70000076293945,56.70000076293945,56.70000076293945,7296
2024-04-10 13:32:00-04:00,56.70000076293945,56.709999084472656,56.66999816894531,56.68000030517578,56.68000030517578,4697
2024-04-10 13:34:00-04:00,56.67499923706055,56.70000076293945,56.66999816894531,56.68000030517578,56.68000030517578,4292
2024-04-10 13:36:00-04:00,56.68000030517578,56.70000076293945,56.66999816894531,56.66999816894531,56.66999816894531,3444
2024-04-10 13:38:00-04:00,56.65999984741211,56.67499923706055,56.65999984741211,56.66999816894531,56.66999816894531,2389
2024-04-10 13:40:00-04:00,56.66999816894531,56.689998626708984,56.650001525878906,56.689998626708984,56.689998626708984,3012
2024-04-10 13:42:00-04:00,56.689998626708984,56.720001220703125,56.685001373291016,56.685001373291016,56.685001373291016,3769
2024-04-10 13:44:00-04:00,56.65999984741211,56.65999984741211,56.6349983215332,56.650001525878906,56.650001525878906,2589
2024-04-10 13:46:00-04:00,56.654998779296875,56.689998626708984,56.6349983215332,56.689998626708984,56.689998626708984,10556
2024-04-10 13:48:00-04:00,56.70000076293945,56.709999084472656,56.69499969482422,56.709999084472656,56.709999084472656,1456
2024-04-10 13:50:00-04:00,56.72999954223633,56.72999954223633,56.70500183105469,56.709999084472656,56.709999084472656,4741
2024-04-10 13:52:00-04:00,56.720001220703125,56.74689865112305,56.720001220703125,56.74689865112305,56.74689865112305,1342
2024-04-10 13:54:00-04:00,56.75,56.75,56.72999954223633,56.7400016784668,56.7400016784668,2210
2024-04-10 13:56:00-04:00,56.744998931884766,56.83000183105469,56.744998931884766,56.810001373291016,56.810001373291016,8326
2024-04-10 13:58:00-04:00,56.79999923706055,56.79999923706055,56.7599983215332,56.7599983215332,56.7599983215332,1536
2024-04-10 14:00:00-04:00,56.79999923706055,56.810001373291016,56.779998779296875,56.79999923706055,56.79999923706055,2664
2024-04-10 14:02:00-04:00,56.810001373291016,56.84000015258789,56.810001373291016,56.84000015258789,56.84000015258789,8499
2024-04-10 14:04:00-04:00,56.849998474121094,56.88999938964844,56.849998474121094,56.88999938964844,56.88999938964844,5909
2024-04-10 14:06:00-04:00,56.880001068115234,56.900001525878906,56.880001068115234,56.8849983215332,56.8849983215332,3777
2024-04-10 14:08:00-04:00,56.88999938964844,56.939998626708984,56.88999938964844,56.90999984741211,56.90999984741211,2169
2024-04-10 14:10:00-04:00,56.91999816894531,56.939998626708984,56.88999938964844,56.88999938964844,56.88999938964844,3952
2024-04-10 14:12:00-04:00,56.900001525878906,56.95000076293945,56.900001525878906,56.95000076293945,56.95000076293945,22850
2024-04-10 14:14:00-04:00,56.93000030517578,56.939998626708984,56.90999984741211,56.939998626708984,56.939998626708984,10260
2024-04-10 14:16:00-04:00,56.93000030517578,56.93000030517578,56.900001525878906,56.90999984741211,56.90999984741211,5374
2024-04-10 14:18:00-04:00,56.91999816894531,56.93000030517578,56.900001525878906,56.900001525878906,56.900001525878906,4157
2024-04-10 14:20:00-04:00,56.90999984741211,56.91999816894531,56.8849983215332,56.88999938964844,56.88999938964844,21699
2024-04-10 14:22:00-04:00,56.91999816894531,56.91999816894531,56.83000183105469,56.83000183105469,56.83000183105469,16356
2024-04-10 14:24:00-04:00,56.83000183105469,56.834999084472656,56.81999969482422,56.83000183105469,56.83000183105469,6701
2024-04-10 14:26:00-04:00,56.83000183105469,56.86000061035156,56.83000183105469,56.84000015258789,56.84000015258789,5280
2024-04-10 14:28:00-04:00,56.834999084472656,56.849998474121094,56.810001373291016,56.845001220703125,56.845001220703125,8614
2024-04-10 14:30:00-04:00,56.84000015258789,56.849998474121094,56.82500076293945,56.834999084472656,56.834999084472656,4547
2024-04-10 14:32:00-04:00,56.83000183105469,56.88999938964844,56.83000183105469,56.88999938964844,56.88999938964844,4802
2024-04-10 14:34:00-04:00,56.880001068115234,56.90999984741211,56.8650016784668,56.875,56.875,5695
2024-04-10 14:36:00-04:00,56.875,56.880001068115234,56.86000061035156,56.869998931884766,56.869998931884766,4226
2024-04-10 14:38:00-04:00,56.880001068115234,56.89500045776367,56.86000061035156,56.8849983215332,56.8849983215332,6613
2024-04-10 14:40:00-04:00,56.88999938964844,56.92499923706055,56.8849983215332,56.91999816894531,56.91999816894531,5446
2024-04-10 14:42:00-04:00,56.92499923706055,56.95000076293945,56.91999816894531,56.95000076293945,56.95000076293945,4862
2024-04-10 14:44:00-04:00,56.94499969482422,56.97999954223633,56.94499969482422,56.95000076293945,56.95000076293945,4302
2024-04-10 14:46:00-04:00,56.95000076293945,56.97999954223633,56.95000076293945,56.959999084472656,56.959999084472656,5620
2024-04-10 14:48:00-04:00,56.959999084472656,56.970001220703125,56.95000076293945,56.959999084472656,56.959999084472656,4938
2024-04-10 14:50:00-04:00,56.95000076293945,56.970001220703125,56.95000076293945,56.95000076293945,56.95000076293945,5533
2024-04-10 14:52:00-04:00,56.959999084472656,56.959999084472656,56.95000076293945,56.959999084472656,56.959999084472656,4258
2024-04-10 14:54:00-04:00,56.96500015258789,56.970001220703125,56.959999084472656,56.96500015258789,56.96500015258789,13373
2024-04-10 14:56:00-04:00,56.96500015258789,56.974998474121094,56.90999984741211,56.959999084472656,56.959999084472656,9819
2024-04-10 14:58:00-04:00,56.95500183105469,56.970001220703125,56.939998626708984,56.96500015258789,56.96500015258789,3547
2024-04-10 15:00:00-04:00,56.959999084472656,56.97999954223633,56.93000030517578,56.97999954223633,56.97999954223633,7441
2024-04-10 15:02:00-04:00,56.98500061035156,56.9900016784668,56.970001220703125,56.97999954223633,56.97999954223633,3664
2024-04-10 15:04:00-04:00,56.9900016784668,57.0099983215332,56.98500061035156,56.9900016784668,56.9900016784668,7609
2024-04-10 15:06:00-04:00,56.9900016784668,57.029998779296875,56.9900016784668,57.029998779296875,57.029998779296875,4833
2024-04-10 15:08:00-04:00,57.025001525878906,57.040000915527344,57.01110076904297,57.040000915527344,57.040000915527344,6946
2024-04-10 15:10:00-04:00,57.040000915527344,57.06999969482422,57.040000915527344,57.064998626708984,57.064998626708984,5177
2024-04-10 15:12:00-04:00,57.064998626708984,57.084999084472656,57.040000915527344,57.084999084472656,57.084999084472656,3965
2024-04-10 15:14:00-04:00,57.084999084472656,57.150001525878906,57.08000183105469,57.150001525878906,57.150001525878906,11332
2024-04-10 15:16:00-04:00,57.1349983215332,57.150001525878906,57.119998931884766,57.130001068115234,57.130001068115234,6289
2024-04-10 15:18:00-04:00,57.13999938964844,57.15999984741211,57.130001068115234,57.15999984741211,57.15999984741211,3848
2024-04-10 15:20:00-04:00,57.18000030517578,57.20500183105469,57.150001525878906,57.150001525878906,57.150001525878906,6729
2024-04-10 15:22:00-04:00,57.150001525878906,57.15999984741211,57.13999938964844,57.15999984741211,57.15999984741211,4845
2024-04-10 15:24:00-04:00,57.15999984741211,57.18000030517578,57.15999984741211,57.16999816894531,57.16999816894531,5821
2024-04-10 15:26:00-04:00,57.18000030517578,57.19499969482422,57.15999984741211,57.19499969482422,57.19499969482422,8262
2024-04-10 15:28:00-04:00,57.19499969482422,57.25,57.19499969482422,57.25,57.25,10016
2024-04-10 15:30:00-04:00,57.2599983215332,57.27000045776367,57.20000076293945,57.20500183105469,57.20500183105469,13067
2024-04-10 15:32:00-04:00,57.20000076293945,57.20500183105469,57.13999938964844,57.13999938964844,57.13999938964844,12334
2024-04-10 15:34:00-04:00,57.150001525878906,57.16999816894531,57.095001220703125,57.11000061035156,57.11000061035156,19311
2024-04-10 15:36:00-04:00,57.11000061035156,57.125,57.084999084472656,57.095001220703125,57.095001220703125,12773
2024-04-10 15:38:00-04:00,57.095001220703125,57.095001220703125,57.040000915527344,57.040000915527344,57.040000915527344,9712
2024-04-10 15:40:00-04:00,57.040000915527344,57.060001373291016,57.03499984741211,57.060001373291016,57.060001373291016,12591
2024-04-10 15:42:00-04:00,57.064998626708984,57.064998626708984,57.040000915527344,57.04999923706055,57.04999923706055,10134
2024-04-10 15:44:00-04:00,57.04999923706055,57.095001220703125,57.03499984741211,57.040000915527344,57.040000915527344,22078
2024-04-10 15:46:00-04:00,57.04499816894531,57.04999923706055,56.9900016784668,56.994998931884766,56.994998931884766,32132
2024-04-10 15:48:00-04:00,56.9900016784668,57.01499938964844,56.97999954223633,56.97999954223633,56.97999954223633,55513
2024-04-10 15:50:00-04:00,56.970001220703125,57.0099983215332,56.935001373291016,56.994998931884766,56.994998931884766,30640
2024-04-10 15:52:00-04:00,56.994998931884766,57.0098991394043,56.9900016784668,57.005001068115234,57.005001068115234,23254
2024-04-10 15:54:00-04:00,57.005001068115234,57.04999923706055,57.0,57.04499816894531,57.04499816894531,67694
2024-04-10 15:56:00-04:00,57.04499816894531,57.04499816894531,56.994998931884766,57.04499816894531,57.04499816894531,68137
2024-04-10 15:58:00-04:00,57.04499816894531,57.084999084472656,57.0099983215332,57.0099983215332,57.0099983215332,128758
2024-04-11 09:30:00-04:00,57.290000915527344,57.36000061035156,57.0010986328125,57.0010986328125,57.0010986328125,45424
2024-04-11 09:32:00-04:00,57.05500030517578,57.060001373291016,56.7400016784668,56.80500030517578,56.80500030517578,6290
2024-04-11 09:34:00-04:00,56.775001525878906,56.939998626708984,56.7400016784668,56.744998931884766,56.744998931884766,7066
2024-04-11 09:36:00-04:00,56.72999954223633,56.72999954223633,56.54999923706055,56.68000030517578,56.68000030517578,14542
2024-04-11 09:38:00-04:00,56.709999084472656,56.7400016784668,56.560001373291016,56.6349983215332,56.6349983215332,10671
2024-04-11 09:40:00-04:00,56.54999923706055,56.81999969482422,56.529998779296875,56.7599983215332,56.7599983215332,68197
2024-04-11 09:42:00-04:00,56.75,56.814998626708984,56.75,56.790000915527344,56.790000915527344,13125
2024-04-11 09:44:00-04:00,56.77000045776367,56.83000183105469,56.77000045776367,56.79999923706055,56.79999923706055,8612
2024-04-11 09:46:00-04:00,56.790000915527344,56.79999923706055,56.72999954223633,56.7599983215332,56.7599983215332,11756
2024-04-11 09:48:00-04:00,56.779998779296875,56.79499816894531,56.7400016784668,56.7599983215332,56.7599983215332,6013
2024-04-11 09:50:00-04:00,56.7599983215332,56.83000183105469,56.7599983215332,56.83000183105469,56.83000183105469,6090
2024-04-11 09:52:00-04:00,56.83000183105469,56.89500045776367,56.81999969482422,56.89500045776367,56.89500045776367,6614
2024-04-11 09:54:00-04:00,56.90999984741211,56.959999084472656,56.869998931884766,56.88999938964844,56.88999938964844,9535
2024-04-11 09:56:00-04:00,56.875,56.88999938964844,56.790000915527344,56.82500076293945,56.82500076293945,6719
2024-04-11 09:58:00-04:00,56.82500076293945,56.845001220703125,56.7599983215332,56.76499938964844,56.76499938964844,7482
2024-04-11 10:00:00-04:00,56.7599983215332,56.810001373291016,56.72999954223633,56.775001525878906,56.775001525878906,10066
2024-04-11 10:02:00-04:00,56.77159881591797,56.775001525878906,56.70000076293945,56.70500183105469,56.70500183105469,5900
2024-04-11 10:04:00-04:00,56.654998779296875,56.73500061035156,56.650001525878906,56.689998626708984,56.689998626708984,6448
2024-04-11 10:06:00-04:00,56.689998626708984,56.689998626708984,56.630001068115234,56.630001068115234,56.630001068115234,10164
2024-04-11 10:08:00-04:00,56.61000061035156,56.630001068115234,56.57500076293945,56.599998474121094,56.599998474121094,7559
2024-04-11 10:10:00-04:00,56.599998474121094,56.66999816894531,56.599998474121094,56.619998931884766,56.619998931884766,11458
2024-04-11 10:12:00-04:00,56.61000061035156,56.619998931884766,56.584999084472656,56.599998474121094,56.599998474121094,8287
2024-04-11 10:14:00-04:00,56.599998474121094,56.665000915527344,56.599998474121094,56.619998931884766,56.619998931884766,7746
2024-04-11 10:16:00-04:00,56.617000579833984,56.63999938964844,56.58000183105469,56.60499954223633,56.60499954223633,9394
2024-04-11 10:18:00-04:00,56.59000015258789,56.625,56.52000045776367,56.61000061035156,56.61000061035156,43811
2024-04-11 10:20:00-04:00,56.6150016784668,56.630001068115234,56.58000183105469,56.58000183105469,56.58000183105469,8832
2024-04-11 10:22:00-04:00,56.58000183105469,56.595001220703125,56.5099983215332,56.525001525878906,56.525001525878906,5471
2024-04-11 10:24:00-04:00,56.5099983215332,56.52000045776367,56.43000030517578,56.439998626708984,56.439998626708984,8437
2024-04-11 10:26:00-04:00,56.43000030517578,56.5,56.43000030517578,56.470001220703125,56.470001220703125,7602
2024-04-11 10:28:00-04:00,56.46500015258789,56.470001220703125,56.36000061035156,56.369998931884766,56.369998931884766,8874
2024-04-11 10:30:00-04:00,56.369998931884766,56.40999984741211,56.369998931884766,56.400001525878906,56.400001525878906,9273
2024-04-11 10:32:00-04:00,56.38999938964844,56.39500045776367,56.29999923706055,56.365699768066406,56.365699768066406,8895
2024-04-11 10:34:00-04:00,56.369998931884766,56.380001068115234,56.349998474121094,56.36000061035156,56.36000061035156,5248
2024-04-11 10:36:00-04:00,56.36000061035156,56.369998931884766,56.220001220703125,56.22999954223633,56.22999954223633,10569
2024-04-11 10:38:00-04:00,56.220001220703125,56.28499984741211,56.220001220703125,56.279998779296875,56.279998779296875,10651
2024-04-11 10:40:00-04:00,56.279998779296875,56.290000915527344,56.2599983215332,56.2599983215332,56.2599983215332,8379
2024-04-11 10:42:00-04:00,56.22999954223633,56.279998779296875,56.209999084472656,56.279998779296875,56.279998779296875,11517
2024-04-11 10:44:00-04:00,56.28499984741211,56.33000183105469,56.28499984741211,56.33000183105469,56.33000183105469,8728
2024-04-11 10:46:00-04:00,56.33000183105469,56.369998931884766,56.33000183105469,56.36000061035156,56.36000061035156,8233
2024-04-11 10:48:00-04:00,56.349998474121094,56.349998474121094,56.2599983215332,56.26499938964844,56.26499938964844,6269
2024-04-11 10:50:00-04:00,56.27000045776367,56.34000015258789,56.27000045776367,56.31999969482422,56.31999969482422,11931
2024-04-11 10:52:00-04:00,56.31999969482422,56.33000183105469,56.29999923706055,56.30500030517578,56.30500030517578,4915
2024-04-11 10:54:00-04:00,56.30500030517578,56.30500030517578,56.2599983215332,56.27000045776367,56.27000045776367,16055
2024-04-11 10:56:00-04:00,56.279998779296875,56.310001373291016,56.255001068115234,56.310001373291016,56.310001373291016,21879
2024-04-11 10:58:00-04:00,56.34000015258789,56.34000015258789,56.275001525878906,56.29999923706055,56.29999923706055,13885
2024-04-11 11:00:00-04:00,56.290000915527344,56.290000915527344,56.16999816894531,56.16999816894531,56.16999816894531,6623
2024-04-11 11:02:00-04:00,56.189998626708984,56.27000045776367,56.189998626708984,56.220001220703125,56.220001220703125,9853
2024-04-11 11:04:00-04:00,56.2400016784668,56.29499816894531,56.2400016784668,56.25,56.25,5826
2024-04-11 11:06:00-04:00,56.244998931884766,56.25,56.189998626708984,56.189998626708984,56.189998626708984,6951
2024-04-11 11:08:00-04:00,56.20000076293945,56.2599983215332,56.189998626708984,56.2599983215332,56.2599983215332,5126
2024-04-11 11:10:00-04:00,56.2599983215332,56.30500030517578,56.2599983215332,56.2599983215332,56.2599983215332,9303
2024-04-11 11:12:00-04:00,56.2599983215332,56.2599983215332,56.18009948730469,56.209999084472656,56.209999084472656,7811
2024-04-11 11:14:00-04:00,56.21500015258789,56.23500061035156,56.185001373291016,56.23500061035156,56.23500061035156,6608
2024-04-11 11:16:00-04:00,56.2400016784668,56.27000045776367,56.224998474121094,56.25,56.25,10035
2024-04-11 11:18:00-04:00,56.25,56.25,56.220001220703125,56.25,56.25,4236
2024-04-11 11:20:00-04:00,56.2400016784668,56.2400016784668,56.18000030517578,56.18000030517578,56.18000030517578,8132
2024-04-11 11:22:00-04:00,56.16999816894531,56.18000030517578,56.1349983215332,56.1349983215332,56.1349983215332,5718
2024-04-11 11:24:00-04:00,56.130001068115234,56.21500015258789,56.11000061035156,56.189998626708984,56.189998626708984,11155
2024-04-11 11:26:00-04:00,56.20000076293945,56.220001220703125,56.189998626708984,56.189998626708984,56.189998626708984,6926
2024-04-11 11:28:00-04:00,56.18000030517578,56.220001220703125,56.16999816894531,56.220001220703125,56.220001220703125,7640
2024-04-11 11:30:00-04:00,56.220001220703125,56.220001220703125,56.095001220703125,56.099998474121094,56.099998474121094,24123
2024-04-11 11:32:00-04:00,56.10499954223633,56.119998931884766,56.08000183105469,56.10499954223633,56.10499954223633,8472
2024-04-11 11:34:00-04:00,56.11000061035156,56.18000030517578,56.11000061035156,56.14500045776367,56.14500045776367,7290
2024-04-11 11:36:00-04:00,56.150001525878906,56.17499923706055,56.11000061035156,56.11000061035156,56.11000061035156,9875
2024-04-11 11:38:00-04:00,56.099998474121094,56.119998931884766,56.08000183105469,56.119998931884766,56.119998931884766,7349
2024-04-11 11:40:00-04:00,56.119998931884766,56.119998931884766,56.06999969482422,56.095001220703125,56.095001220703125,8173
2024-04-11 11:42:00-04:00,56.09000015258789,56.09000015258789,56.04999923706055,56.06999969482422,56.06999969482422,11525
2024-04-11 11:44:00-04:00,56.060001373291016,56.084999084472656,56.02000045776367,56.084999084472656,56.084999084472656,8842
2024-04-11 11:46:00-04:00,56.09000015258789,56.119998931884766,56.060001373291016,56.119998931884766,56.119998931884766,5918
2024-04-11 11:48:00-04:00,56.119998931884766,56.125,56.095001220703125,56.10089874267578,56.10089874267578,4799
2024-04-11 11:50:00-04:00,56.10499954223633,56.165000915527344,56.10499954223633,56.14059829711914,56.14059829711914,12965
2024-04-11 11:52:00-04:00,56.14500045776367,56.22999954223633,56.14500045776367,56.22999954223633,56.22999954223633,9115
2024-04-11 11:54:00-04:00,56.220001220703125,56.2599983215332,56.209999084472656,56.25,56.25,5312
2024-04-11 11:56:00-04:00,56.25,56.27000045776367,56.209999084472656,56.25,56.25,14730
2024-04-11 11:58:00-04:00,56.25,56.2599983215332,56.209999084472656,56.23500061035156,56.23500061035156,11065
2024-04-11 12:00:00-04:00,56.2400016784668,56.27000045776367,56.2400016784668,56.27000045776367,56.27000045776367,10854
2024-04-11 12:02:00-04:00,56.27000045776367,56.27000045776367,56.22999954223633,56.22999954223633,56.22999954223633,12118
2024-04-11 12:04:00-04:00,56.23500061035156,56.244998931884766,56.22999954223633,56.2400016784668,56.2400016784668,7166
2024-04-11 12:06:00-04:00,56.2400016784668,56.255001068115234,56.22999954223633,56.2400016784668,56.2400016784668,5523
2024-04-11 12:08:00-04:00,56.2400016784668,56.27000045776367,56.2400016784668,56.25,56.25,7589
2024-04-11 12:10:00-04:00,56.25,56.255001068115234,56.2400016784668,56.25,56.25,4418
2024-04-11 12:12:00-04:00,56.25,56.25,56.15999984741211,56.20500183105469,56.20500183105469,11063
2024-04-11 12:14:00-04:00,56.20500183105469,56.209999084472656,56.15999984741211,56.15999984741211,56.15999984741211,7540
2024-04-11 12:16:00-04:00,56.165000915527344,56.17499923706055,56.130001068115234,56.13999938964844,56.13999938964844,4823
2024-04-11 12:18:00-04:00,56.13999938964844,56.2400016784668,56.13999938964844,56.16999816894531,56.16999816894531,11162
2024-04-11 12:20:00-04:00,56.16999816894531,56.23500061035156,56.16999816894531,56.23500061035156,56.23500061035156,6608
2024-04-11 12:22:00-04:00,56.25,56.2599983215332,56.22999954223633,56.2400016784668,56.2400016784668,6086
2024-04-11 12:24:00-04:00,56.22999954223633,56.25,56.22999954223633,56.244998931884766,56.244998931884766,5009
2024-04-11 12:26:00-04:00,56.2400016784668,56.26499938964844,56.22999954223633,56.25,56.25,9152
2024-04-11 12:28:00-04:00,56.2400016784668,56.244998931884766,56.189998626708984,56.20000076293945,56.20000076293945,7261
2024-04-11 12:30:00-04:00,56.19499969482422,56.19499969482422,56.15999984741211,56.16999816894531,56.16999816894531,5671
2024-04-11 12:32:00-04:00,56.16999816894531,56.189998626708984,56.13999938964844,56.189998626708984,56.189998626708984,6357
2024-04-11 12:34:00-04:00,56.189998626708984,56.19179916381836,56.150001525878906,56.150001525878906,56.150001525878906,5753
2024-04-11 12:36:00-04:00,56.150001525878906,56.18000030517578,56.150001525878906,56.154998779296875,56.154998779296875,5280
2024-04-11 12:38:00-04:00,56.154998779296875,56.15999984741211,56.11000061035156,56.119998931884766,56.119998931884766,5362
2024-04-11 12:40:00-04:00,56.119998931884766,56.165000915527344,56.119998931884766,56.15999984741211,56.15999984741211,6428
2024-04-11 12:42:00-04:00,56.165000915527344,56.165000915527344,56.14500045776367,56.14500045776367,56.14500045776367,5262
2024-04-11 12:44:00-04:00,56.13999938964844,56.150001525878906,56.1150016784668,56.14500045776367,56.14500045776367,7755
2024-04-11 12:46:00-04:00,56.14500045776367,56.19499969482422,56.14500045776367,56.19499969482422,56.19499969482422,3585
2024-04-11 12:48:00-04:00,56.19499969482422,56.19499969482422,56.16999816894531,56.16999816894531,56.16999816894531,3858
2024-04-11 12:50:00-04:00,56.16999816894531,56.20500183105469,56.16999816894531,56.20500183105469,56.20500183105469,7468
2024-04-11 12:52:00-04:00,56.20000076293945,56.2400016784668,56.19499969482422,56.2400016784668,56.2400016784668,5490
2024-04-11 12:54:00-04:00,56.22999954223633,56.2400016784668,56.189998626708984,56.209999084472656,56.209999084472656,6197
2024-04-11 12:56:00-04:00,56.209999084472656,56.21889877319336,56.189998626708984,56.20000076293945,56.20000076293945,6688
2024-04-11 12:58:00-04:00,56.20000076293945,56.2400016784668,56.20000076293945,56.2400016784668,56.2400016784668,5877
2024-04-11 13:00:00-04:00,56.25,56.279998779296875,56.25,56.279998779296875,56.279998779296875,4451
2024-04-11 13:02:00-04:00,56.2599983215332,56.27000045776367,56.209999084472656,56.244998931884766,56.244998931884766,8581
2024-04-11 13:04:00-04:00,56.2495002746582,56.279998779296875,56.244998931884766,56.26499938964844,56.26499938964844,7877
2024-04-11 13:06:00-04:00,56.26499938964844,56.32500076293945,56.2599983215332,56.29999923706055,56.29999923706055,5899
2024-04-11 13:08:00-04:00,56.310001373291016,56.33000183105469,56.279998779296875,56.29800033569336,56.29800033569336,5322
2024-04-11 13:10:00-04:00,56.29999923706055,56.30500030517578,56.279998779296875,56.29999923706055,56.29999923706055,4013
2024-04-11 13:12:00-04:00,56.310001373291016,56.349998474121094,56.30500030517578,56.310001373291016,56.310001373291016,8141
2024-04-11 13:14:00-04:00,56.314998626708984,56.34000015258789,56.310001373291016,56.31999969482422,56.31999969482422,6709
2024-04-11 13:16:00-04:00,56.310001373291016,56.314998626708984,56.29999923706055,56.30500030517578,56.30500030517578,6692
2024-04-11 13:18:00-04:00,56.30500030517578,56.314998626708984,56.290000915527344,56.314998626708984,56.314998626708984,6998
2024-04-11 13:20:00-04:00,56.310001373291016,56.36000061035156,56.29999923706055,56.33000183105469,56.33000183105469,11803
2024-04-11 13:22:00-04:00,56.31999969482422,56.369998931884766,56.310001373291016,56.369998931884766,56.369998931884766,8915
2024-04-11 13:24:00-04:00,56.369998931884766,56.369998931884766,56.31999969482422,56.31999969482422,56.31999969482422,6592
2024-04-11 13:26:00-04:00,56.31999969482422,56.339500427246094,56.31999969482422,56.33000183105469,56.33000183105469,5147
2024-04-11 13:28:00-04:00,56.33000183105469,56.33000183105469,56.314998626708984,56.33000183105469,56.33000183105469,5018
2024-04-11 13:30:00-04:00,56.32500076293945,56.345001220703125,56.31999969482422,56.34000015258789,56.34000015258789,4693
2024-04-11 13:32:00-04:00,56.345001220703125,56.400001525878906,56.345001220703125,56.39500045776367,56.39500045776367,9004
2024-04-11 13:34:00-04:00,56.39500045776367,56.400001525878906,56.3849983215332,56.400001525878906,56.400001525878906,5028
2024-04-11 13:36:00-04:00,56.39500045776367,56.429100036621094,56.39500045776367,56.41999816894531,56.41999816894531,7795
2024-04-11 13:38:00-04:00,56.41999816894531,56.42499923706055,56.38999938964844,56.41999816894531,56.41999816894531,8703
2024-04-11 13:40:00-04:00,56.42499923706055,56.42499923706055,56.40999984741211,56.40999984741211,56.40999984741211,6057
2024-04-11 13:42:00-04:00,56.40999984741211,56.42499923706055,56.404998779296875,56.404998779296875,56.404998779296875,4746
2024-04-11 13:44:00-04:00,56.404998779296875,56.45000076293945,56.400001525878906,56.44499969482422,56.44499969482422,10133
2024-04-11 13:46:00-04:00,56.439998626708984,56.459999084472656,56.43000030517578,56.439998626708984,56.439998626708984,7968
2024-04-11 13:48:00-04:00,56.45500183105469,56.48500061035156,56.45500183105469,56.459999084472656,56.459999084472656,5156
2024-04-11 13:50:00-04:00,56.439998626708984,56.44499969482422,56.43000030517578,56.44499969482422,56.44499969482422,3627
2024-04-11 13:52:00-04:00,56.439998626708984,56.505001068115234,56.439998626708984,56.505001068115234,56.505001068115234,4310
2024-04-11 13:54:00-04:00,56.505001068115234,56.525001525878906,56.48500061035156,56.525001525878906,56.525001525878906,8562
2024-04-11 13:56:00-04:00,56.525001525878906,56.55500030517578,56.525001525878906,56.55500030517578,56.55500030517578,8005
2024-04-11 13:58:00-04:00,56.55500030517578,56.560001373291016,56.5099983215332,56.560001373291016,56.560001373291016,7249
2024-04-11 14:00:00-04:00,56.55500030517578,56.57500076293945,56.529998779296875,56.53499984741211,56.53499984741211,8711
2024-04-11 14:02:00-04:00,56.529998779296875,56.54499816894531,56.5099983215332,56.54499816894531,56.54499816894531,9209
2024-04-11 14:04:00-04:00,56.54999923706055,56.57500076293945,56.52000045776367,56.57500076293945,56.57500076293945,12733
2024-04-11 14:06:00-04:00,56.57500076293945,56.595001220703125,56.56999969482422,56.584999084472656,56.584999084472656,8464
2024-04-11 14:08:00-04:00,56.584999084472656,56.630001068115234,56.584999084472656,56.61000061035156,56.61000061035156,8043
2024-04-11 14:10:00-04:00,56.61000061035156,56.6349983215332,56.60499954223633,56.619998931884766,56.619998931884766,8157
2024-04-11 14:12:00-04:00,56.6150016784668,56.619998931884766,56.584999084472656,56.584999084472656,56.584999084472656,4633
2024-04-11 14:14:00-04:00,56.584999084472656,56.599998474121094,56.56999969482422,56.595001220703125,56.595001220703125,8550
2024-04-11 14:16:00-04:00,56.595001220703125,56.6150016784668,56.59000015258789,56.60499954223633,56.60499954223633,11455
2024-04-11 14:18:00-04:00,56.599998474121094,56.63999938964844,56.599998474121094,56.625,56.625,9204
2024-04-11 14:20:00-04:00,56.6150016784668,56.6150016784668,56.59000015258789,56.60499954223633,56.60499954223633,5105
2024-04-11 14:22:00-04:00,56.60499954223633,56.6150016784668,56.529998779296875,56.529998779296875,56.529998779296875,10409
2024-04-11 14:24:00-04:00,56.529998779296875,56.56999969482422,56.529998779296875,56.564998626708984,56.564998626708984,9695
2024-04-11 14:26:00-04:00,56.560001373291016,56.59000015258789,56.560001373291016,56.59000015258789,56.59000015258789,6325
2024-04-11 14:28:00-04:00,56.595001220703125,56.599998474121094,56.58000183105469,56.59000015258789,56.59000015258789,10456
2024-04-11 14:30:00-04:00,56.595001220703125,56.60499954223633,56.56999969482422,56.584999084472656,56.584999084472656,14160
2024-04-11 14:32:00-04:00,56.584999084472656,56.60710144042969,56.584999084472656,56.60710144042969,56.60710144042969,6312
2024-04-11 14:34:00-04:00,56.60499954223633,56.625,56.60499954223633,56.619998931884766,56.619998931884766,9401
2024-04-11 14:36:00-04:00,56.599998474121094,56.599998474121094,56.54499816894531,56.55500030517578,56.55500030517578,5656
2024-04-11 14:38:00-04:00,56.55500030517578,56.599998474121094,56.55500030517578,56.564998626708984,56.564998626708984,5528
2024-04-11 14:40:00-04:00,56.564998626708984,56.564998626708984,56.54999923706055,56.55500030517578,56.55500030517578,4099
2024-04-11 14:42:00-04:00,56.55500030517578,56.564998626708984,56.540000915527344,56.54499816894531,56.54499816894531,9519
2024-04-11 14:44:00-04:00,56.54499816894531,56.564998626708984,56.51499938964844,56.51499938964844,56.51499938964844,10343
2024-04-11 14:46:00-04:00,56.51499938964844,56.53499984741211,56.5099983215332,56.51499938964844,56.51499938964844,5820
2024-04-11 14:48:00-04:00,56.52000045776367,56.529998779296875,56.494998931884766,56.505001068115234,56.505001068115234,9805
2024-04-11 14:50:00-04:00,56.5,56.5,56.470001220703125,56.48500061035156,56.48500061035156,8100
2024-04-11 14:52:00-04:00,56.4900016784668,56.494998931884766,56.439998626708984,56.44499969482422,56.44499969482422,32364
2024-04-11 14:54:00-04:00,56.45000076293945,56.525001525878906,56.45000076293945,56.51499938964844,56.51499938964844,11688
2024-04-11 14:56:00-04:00,56.51499938964844,56.55500030517578,56.505001068115234,56.55500030517578,56.55500030517578,7224
2024-04-11 14:58:00-04:00,56.55500030517578,56.59000015258789,56.540000915527344,56.58000183105469,56.58000183105469,11258
2024-04-11 15:00:00-04:00,56.58000183105469,56.6150016784668,56.58000183105469,56.60499954223633,56.60499954223633,6333
2024-04-11 15:02:00-04:00,56.599998474121094,56.61000061035156,56.560001373291016,56.56999969482422,56.56999969482422,8026
2024-04-11 15:04:00-04:00,56.57500076293945,56.58000183105469,56.55500030517578,56.58000183105469,56.58000183105469,5978
2024-04-11 15:06:00-04:00,56.57500076293945,56.6254997253418,56.57500076293945,56.61000061035156,56.61000061035156,8554
2024-04-11 15:08:00-04:00,56.60499954223633,56.627498626708984,56.59000015258789,56.6150016784668,56.6150016784668,6952
2024-04-11 15:10:00-04:00,56.6150016784668,56.6150016784668,56.525001525878906,56.525001525878906,56.525001525878906,17550
2024-04-11 15:12:00-04:00,56.51499938964844,56.51499938964844,56.474998474121094,56.474998474121094,56.474998474121094,12157
2024-04-11 15:14:00-04:00,56.470001220703125,56.470001220703125,56.43000030517578,56.435001373291016,56.435001373291016,7192
2024-04-11 15:16:00-04:00,56.439998626708984,56.44499969482422,56.380001068115234,56.380001068115234,56.380001068115234,12790
2024-04-11 15:18:00-04:00,56.38999938964844,56.38999938964844,56.3849983215332,56.3849983215332,56.3849983215332,3194
2024-04-11 15:20:00-04:00,56.32500076293945,56.375,56.290000915527344,56.375,56.375,25698
2024-04-11 15:22:00-04:00,56.375,56.400001525878906,56.375,56.38999938964844,56.38999938964844,12815
2024-04-11 15:24:00-04:00,56.3849983215332,56.400001525878906,56.345001220703125,56.400001525878906,56.400001525878906,17322
2024-04-11 15:26:00-04:00,56.39500045776367,56.415000915527344,56.36000061035156,56.36000061035156,56.36000061035156,11138
2024-04-11 15:28:00-04:00,56.3650016784668,56.41899871826172,56.36000061035156,56.39500045776367,56.39500045776367,22712
2024-04-11 15:30:00-04:00,56.39500045776367,56.459999084472656,56.380001068115234,56.45000076293945,56.45000076293945,58987
2024-04-11 15:32:00-04:00,56.44499969482422,56.45500183105469,56.39500045776367,56.42499923706055,56.42499923706055,28816
2024-04-11 15:34:00-04:00,56.42499923706055,56.459999084472656,56.349998474121094,56.349998474121094,56.349998474121094,29850
2024-04-11 15:36:00-04:00,56.35499954223633,56.35499954223633,56.290000915527344,56.32500076293945,56.32500076293945,15775
2024-04-11 15:38:00-04:00,56.32500076293945,56.33000183105469,56.29999923706055,56.33000183105469,56.33000183105469,11750
2024-04-11 15:40:00-04:00,56.33000183105469,56.36000061035156,56.29999923706055,56.30500030517578,56.30500030517578,18802
2024-04-11 15:42:00-04:00,56.30500030517578,56.349998474121094,56.290000915527344,56.345001220703125,56.345001220703125,16007
2024-04-11 15:44:00-04:00,56.34000015258789,56.35749816894531,56.33000183105469,56.35749816894531,56.35749816894531,17567
2024-04-11 15:46:00-04:00,56.35499954223633,56.36000061035156,56.275001525878906,56.28499984741211,56.28499984741211,28185
2024-04-11 15:48:00-04:00,56.279998779296875,56.317501068115234,56.27000045776367,56.290000915527344,56.290000915527344,27574
2024-04-11 15:50:00-04:00,56.279998779296875,56.29999923706055,56.1150016784668,56.185001373291016,56.185001373291016,78285
2024-04-11 15:52:00-04:00,56.189998626708984,56.249000549316406,56.18000030517578,56.224998474121094,56.224998474121094,39646
2024-04-11 15:54:00-04:00,56.224998474121094,56.2599983215332,56.17499923706055,56.20750045776367,56.20750045776367,65411
2024-04-11 15:56:00-04:00,56.209999084472656,56.220001220703125,56.17499923706055,56.21500015258789,56.21500015258789,53666
2024-04-11 15:58:00-04:00,56.21500015258789,56.21500015258789,56.13999938964844,56.150001525878906,56.150001525878906,124496
2024-04-12 09:30:00-04:00,56.20000076293945,56.36000061035156,55.974998474121094,56.03499984741211,56.03499984741211,25157
2024-04-12 09:32:00-04:00,56.03499984741211,56.04999923706055,55.959999084472656,55.970001220703125,55.970001220703125,4099
2024-04-12 09:34:00-04:00,55.970001220703125,55.970001220703125,55.93000030517578,55.95500183105469,55.95500183105469,2537
2024-04-12 09:36:00-04:00,55.94499969482422,56.154998779296875,55.91999816894531,56.14500045776367,56.14500045776367,12208
2024-04-12 09:38:00-04:00,56.14500045776367,56.220001220703125,56.14500045776367,56.20000076293945,56.20000076293945,2759
2024-04-12 09:40:00-04:00,56.196998596191406,56.20000076293945,56.097801208496094,56.119998931884766,56.119998931884766,7289
2024-04-12 09:42:00-04:00,56.1077995300293,56.165000915527344,56.064998626708984,56.099998474121094,56.099998474121094,5551
2024-04-12 09:44:00-04:00,56.095001220703125,56.119998931884766,56.04499816894531,56.08000183105469,56.08000183105469,11251
2024-04-12 09:46:00-04:00,56.09000015258789,56.11000061035156,56.04999923706055,56.11000061035156,56.11000061035156,5966
2024-04-12 09:48:00-04:00,56.08000183105469,56.08000183105469,56.02000045776367,56.029998779296875,56.029998779296875,9693
2024-04-12 09:50:00-04:00,56.040000915527344,56.09000015258789,56.0099983215332,56.0099983215332,56.0099983215332,7762
2024-04-12 09:52:00-04:00,56.0,56.0,55.86000061035156,55.86000061035156,55.86000061035156,7131
2024-04-12 09:54:00-04:00,55.85499954223633,55.900001525878906,55.83000183105469,55.8849983215332,55.8849983215332,28306
2024-04-12 09:56:00-04:00,55.88999938964844,55.959999084472656,55.86000061035156,55.959999084472656,55.959999084472656,24200
2024-04-12 09:58:00-04:00,55.95000076293945,55.974998474121094,55.95000076293945,55.970001220703125,55.970001220703125,8474
2024-04-12 10:00:00-04:00,55.93000030517578,55.959999084472656,55.856300354003906,55.86000061035156,55.86000061035156,15938
2024-04-12 10:02:00-04:00,55.869998931884766,55.93000030517578,55.81999969482422,55.849998474121094,55.849998474121094,9838
2024-04-12 10:04:00-04:00,55.86000061035156,55.900001525878906,55.83000183105469,55.869998931884766,55.869998931884766,7898
2024-04-12 10:06:00-04:00,55.880001068115234,55.900001525878906,55.86000061035156,55.900001525878906,55.900001525878906,9172
2024-04-12 10:08:00-04:00,55.88999938964844,55.915000915527344,55.880001068115234,55.880001068115234,55.880001068115234,7270
2024-04-12 10:10:00-04:00,55.88999938964844,55.915000915527344,55.875,55.8849983215332,55.8849983215332,7425
2024-04-12 10:12:00-04:00,55.869998931884766,55.869998931884766,55.78499984741211,55.810001373291016,55.810001373291016,6159
2024-04-12 10:14:00-04:00,55.80500030517578,55.83000183105469,55.77000045776367,55.83000183105469,55.83000183105469,5514
2024-04-12 10:16:00-04:00,55.83000183105469,55.83000183105469,55.724998474121094,55.75,55.75,21529
2024-04-12 10:18:00-04:00,55.75,55.7599983215332,55.720001220703125,55.7400016784668,55.7400016784668,13979
2024-04-12 10:20:00-04:00,55.72999954223633,55.755001068115234,55.70000076293945,55.72999954223633,55.72999954223633,9413
2024-04-12 10:22:00-04:00,55.72999954223633,55.75,55.68000030517578,55.75,55.75,6301
2024-04-12 10:24:00-04:00,55.7599983215332,55.779998779296875,55.720001220703125,55.720001220703125,55.720001220703125,6243
2024-04-12 10:26:00-04:00,55.72999954223633,55.72999954223633,55.680301666259766,55.70500183105469,55.70500183105469,5989
2024-04-12 10:28:00-04:00,55.70000076293945,55.724998474121094,55.66999816894531,55.67499923706055,55.67499923706055,7024
2024-04-12 10:30:00-04:00,55.66999816894531,55.70000076293945,55.65399932861328,55.68000030517578,55.68000030517578,6907
2024-04-12 10:32:00-04:00,55.65999984741211,55.66999816894531,55.6349983215332,55.650001525878906,55.650001525878906,11716
2024-04-12 10:34:00-04:00,55.650001525878906,55.65999984741211,55.599998474121094,55.61000061035156,55.61000061035156,28020
2024-04-12 10:36:00-04:00,55.61000061035156,55.66999816894531,55.60900115966797,55.66999816894531,55.66999816894531,12072
2024-04-12 10:38:00-04:00,55.66999816894531,55.72999954223633,55.65999984741211,55.72999954223633,55.72999954223633,10577
2024-04-12 10:40:00-04:00,55.72999954223633,55.810001373291016,55.724998474121094,55.79999923706055,55.79999923706055,8335
2024-04-12 10:42:00-04:00,55.810001373291016,55.83000183105469,55.79499816894531,55.83000183105469,55.83000183105469,9702
2024-04-12 10:44:00-04:00,55.83000183105469,55.880001068115234,55.82500076293945,55.849998474121094,55.849998474121094,10795
2024-04-12 10:46:00-04:00,55.849998474121094,55.880001068115234,55.834999084472656,55.834999084472656,55.834999084472656,4967
2024-04-12 10:48:00-04:00,55.83000183105469,55.83000183105469,55.79999923706055,55.81999969482422,55.81999969482422,8126
2024-04-12 10:50:00-04:00,55.83000183105469,55.869998931884766,55.79999923706055,55.849998474121094,55.849998474121094,9017
2024-04-12 10:52:00-04:00,55.849998474121094,55.849998474121094,55.810001373291016,55.83000183105469,55.83000183105469,9133
2024-04-12 10:54:00-04:00,55.83000183105469,55.83000183105469,55.79999923706055,55.814998626708984,55.814998626708984,15821
2024-04-12 10:56:00-04:00,55.814998626708984,55.84000015258789,55.814998626708984,55.84000015258789,55.84000015258789,5526
2024-04-12 10:58:00-04:00,55.84000015258789,55.85499954223633,55.83000183105469,55.84000015258789,55.84000015258789,9803
2024-04-12 11:00:00-04:00,55.84000015258789,55.900001525878906,55.82500076293945,55.89250183105469,55.89250183105469,7577
2024-04-12 11:02:00-04:00,55.900001525878906,55.93000030517578,55.89500045776367,55.900001525878906,55.900001525878906,4830
2024-04-12 11:04:00-04:00,55.90999984741211,55.91999816894531,55.904998779296875,55.90999984741211,55.90999984741211,3347
2024-04-12 11:06:00-04:00,55.8650016784668,55.8650016784668,55.81999969482422,55.83000183105469,55.83000183105469,9441
2024-04-12 11:08:00-04:00,55.83000183105469,55.83000183105469,55.77000045776367,55.77000045776367,55.77000045776367,10102
2024-04-12 11:10:00-04:00,55.779998779296875,55.83000183105469,55.779998779296875,55.83000183105469,55.83000183105469,6967
2024-04-12 11:12:00-04:00,55.834999084472656,55.90999984741211,55.834999084472656,55.88999938964844,55.88999938964844,18511
2024-04-12 11:14:00-04:00,55.89500045776367,55.900001525878906,55.83000183105469,55.849998474121094,55.849998474121094,9767
2024-04-12 11:16:00-04:00,55.85499954223633,55.8650016784668,55.84000015258789,55.849998474121094,55.849998474121094,6224
2024-04-12 11:18:00-04:00,55.849998474121094,55.900001525878906,55.84000015258789,55.869998931884766,55.869998931884766,5634
2024-04-12 11:20:00-04:00,55.875,55.880001068115234,55.849998474121094,55.86000061035156,55.86000061035156,6162
2024-04-12 11:22:00-04:00,55.845001220703125,55.849998474121094,55.834999084472656,55.84000015258789,55.84000015258789,6956
2024-04-12 11:24:00-04:00,55.834999084472656,55.834999084472656,55.80500030517578,55.810001373291016,55.810001373291016,4604
2024-04-12 11:26:00-04:00,55.77000045776367,55.81999969482422,55.7599983215332,55.81999969482422,55.81999969482422,11669
2024-04-12 11:28:00-04:00,55.81999969482422,55.82500076293945,55.79499816894531,55.810001373291016,55.810001373291016,7231
2024-04-12 11:30:00-04:00,55.810001373291016,55.810001373291016,55.75,55.7599983215332,55.7599983215332,10513
2024-04-12 11:32:00-04:00,55.755001068115234,55.76499938964844,55.744998931884766,55.76499938964844,55.76499938964844,5443
2024-04-12 11:34:00-04:00,55.76499938964844,55.77000045776367,55.72999954223633,55.72999954223633,55.72999954223633,6898
2024-04-12 11:36:00-04:00,55.72999954223633,55.755001068115234,55.720001220703125,55.755001068115234,55.755001068115234,10490
2024-04-12 11:38:00-04:00,55.755001068115234,55.755001068115234,55.70000076293945,55.7400016784668,55.7400016784668,13916
2024-04-12 11:40:00-04:00,55.73500061035156,55.7400016784668,55.685001373291016,55.689998626708984,55.689998626708984,6467
2024-04-12 11:42:00-04:00,55.689998626708984,55.73500061035156,55.689998626708984,55.72999954223633,55.72999954223633,6111
2024-04-12 11:44:00-04:00,55.724998474121094,55.744998931884766,55.709999084472656,55.709999084472656,55.709999084472656,13308
2024-04-12 11:46:00-04:00,55.70500183105469,55.71500015258789,55.689998626708984,55.71500015258789,55.71500015258789,7566
2024-04-12 11:48:00-04:00,55.720001220703125,55.720001220703125,55.689998626708984,55.70500183105469,55.70500183105469,6456
2024-04-12 11:50:00-04:00,55.70500183105469,55.720001220703125,55.70500183105469,55.720001220703125,55.720001220703125,11428
2024-04-12 11:52:00-04:00,55.72999954223633,55.7400016784668,55.72999954223633,55.7400016784668,55.7400016784668,3434
2024-04-12 11:54:00-04:00,55.744998931884766,55.779998779296875,55.744998931884766,55.779998779296875,55.779998779296875,105664
2024-04-12 11:56:00-04:00,55.779998779296875,55.78499984741211,55.76499938964844,55.77000045776367,55.77000045776367,3989
2024-04-12 11:58:00-04:00,55.77000045776367,55.78499984741211,55.77000045776367,55.78499984741211,55.78499984741211,4238
2024-04-12 12:00:00-04:00,55.790000915527344,55.834999084472656,55.790000915527344,55.80500030517578,55.80500030517578,8142
2024-04-12 12:02:00-04:00,55.80500030517578,55.81999969482422,55.79499816894531,55.81999969482422,55.81999969482422,4735
2024-04-12 12:04:00-04:00,55.810001373291016,55.845001220703125,55.80500030517578,55.845001220703125,55.845001220703125,5597
2024-04-12 12:06:00-04:00,55.84000015258789,55.85499954223633,55.84000015258789,55.85049819946289,55.85049819946289,4635
2024-04-12 12:08:00-04:00,55.849998474121094,55.85499954223633,55.849998474121094,55.849998474121094,55.849998474121094,1806
2024-04-12 12:10:00-04:00,55.849998474121094,55.86000061035156,55.814998626708984,55.81999969482422,55.81999969482422,6910
2024-04-12 12:12:00-04:00,55.81999969482422,55.81999969482422,55.79999923706055,55.810001373291016,55.810001373291016,2918
2024-04-12 12:14:00-04:00,55.79999923706055,55.80500030517578,55.79999923706055,55.79999923706055,55.79999923706055,4555
2024-04-12 12:16:00-04:00,55.79999923706055,55.79999923706055,55.755001068115234,55.76499938964844,55.76499938964844,6182
2024-04-12 12:18:00-04:00,55.77000045776367,55.81999969482422,55.77000045776367,55.79999923706055,55.79999923706055,19731
2024-04-12 12:20:00-04:00,55.790000915527344,55.82500076293945,55.76499938964844,55.79999923706055,55.79999923706055,7796
2024-04-12 12:22:00-04:00,55.80500030517578,55.80500030517578,55.79499816894531,55.79999923706055,55.79999923706055,4485
2024-04-12 12:24:00-04:00,55.79999923706055,55.81999969482422,55.79999923706055,55.814998626708984,55.814998626708984,3658
2024-04-12 12:26:00-04:00,55.814998626708984,55.814998626708984,55.79499816894531,55.809898376464844,55.809898376464844,5300
2024-04-12 12:28:00-04:00,55.80500030517578,55.814998626708984,55.79499816894531,55.80500030517578,55.80500030517578,11227
2024-04-12 12:30:00-04:00,55.79999923706055,55.810001373291016,55.75400161743164,55.755001068115234,55.755001068115234,5698
2024-04-12 12:32:00-04:00,55.744998931884766,55.75,55.724998474121094,55.73500061035156,55.73500061035156,11525
2024-04-12 12:34:00-04:00,55.72999954223633,55.75,55.72999954223633,55.73500061035156,55.73500061035156,25196
2024-04-12 12:36:00-04:00,55.72999954223633,55.7400016784668,55.70000076293945,55.70000076293945,55.70000076293945,5604
2024-04-12 12:38:00-04:00,55.70500183105469,55.709999084472656,55.689998626708984,55.70000076293945,55.70000076293945,7389
2024-04-12 12:40:00-04:00,55.70000076293945,55.720001220703125,55.70000076293945,55.720001220703125,55.720001220703125,7555
2024-04-12 12:42:00-04:00,55.709999084472656,55.75,55.709999084472656,55.75,55.75,6841
2024-04-12 12:44:00-04:00,55.75,55.7598991394043,55.720001220703125,55.724998474121094,55.724998474121094,8508
2024-04-12 12:46:00-04:00,55.724998474121094,55.75,55.720001220703125,55.72999954223633,55.72999954223633,10478
2024-04-12 12:48:00-04:00,55.72999954223633,55.73500061035156,55.689998626708984,55.70000076293945,55.70000076293945,10737
2024-04-12 12:50:00-04:00,55.70000076293945,55.709999084472656,55.63999938964844,55.650001525878906,55.650001525878906,91292
2024-04-12 12:52:00-04:00,55.65999984741211,55.689998626708984,55.659000396728516,55.689998626708984,55.689998626708984,3253
2024-04-12 12:54:00-04:00,55.69499969482422,55.69499969482422,55.650001525878906,55.650001525878906,55.650001525878906,7265
2024-04-12 12:56:00-04:00,55.65999984741211,55.685001373291016,55.65999984741211,55.67499923706055,55.67499923706055,9575
2024-04-12 12:58:00-04:00,55.66999816894531,55.67499923706055,55.66999816894531,55.66999816894531,55.66999816894531,2917
2024-04-12 13:00:00-04:00,55.66999816894531,55.67499923706055,55.650001525878906,55.665000915527344,55.665000915527344,7239
2024-04-12 13:02:00-04:00,55.65999984741211,55.65999984741211,55.619998931884766,55.650001525878906,55.650001525878906,12770
2024-04-12 13:04:00-04:00,55.650001525878906,55.654998779296875,55.64500045776367,55.64500045776367,55.64500045776367,2372
2024-04-12 13:06:00-04:00,55.650001525878906,55.685001373291016,55.650001525878906,55.654998779296875,55.654998779296875,15132
2024-04-12 13:08:00-04:00,55.650001525878906,55.654998779296875,55.6349983215332,55.650001525878906,55.650001525878906,4948
2024-04-12 13:10:00-04:00,55.654998779296875,55.65999984741211,55.6349983215332,55.654998779296875,55.654998779296875,6167
2024-04-12 13:12:00-04:00,55.65999984741211,55.665000915527344,55.63999938964844,55.65999984741211,55.65999984741211,3726
2024-04-12 13:14:00-04:00,55.654998779296875,55.66999816894531,55.630001068115234,55.665000915527344,55.665000915527344,7185
2024-04-12 13:16:00-04:00,55.66999816894531,55.689998626708984,55.665000915527344,55.66999816894531,55.66999816894531,2261
2024-04-12 13:18:00-04:00,55.66999816894531,55.685001373291016,55.65999984741211,55.65999984741211,55.65999984741211,4042
2024-04-12 13:20:00-04:00,55.65999984741211,55.65999984741211,55.625,55.630001068115234,55.630001068115234,5865
2024-04-12 13:22:00-04:00,55.630001068115234,55.630001068115234,55.599998474121094,55.6150016784668,55.6150016784668,5416
2024-04-12 13:24:00-04:00,55.619998931884766,55.630001068115234,55.6150016784668,55.630001068115234,55.630001068115234,4852
2024-04-12 13:26:00-04:00,55.63999938964844,55.63999938964844,55.60499954223633,55.60499954223633,55.60499954223633,3826
2024-04-12 13:28:00-04:00,55.599998474121094,55.61650085449219,55.599998474121094,55.61000061035156,55.61000061035156,6469
2024-04-12 13:30:00-04:00,55.599998474121094,55.599998474121094,55.54999923706055,55.560001373291016,55.560001373291016,8322
2024-04-12 13:32:00-04:00,55.58000183105469,55.59000015258789,55.570098876953125,55.58000183105469,55.58000183105469,4620
2024-04-12 13:34:00-04:00,55.56999969482422,55.61000061035156,55.56999969482422,55.599998474121094,55.599998474121094,5610
2024-04-12 13:36:00-04:00,55.595001220703125,55.61000061035156,55.57500076293945,55.60499954223633,55.60499954223633,2903
2024-04-12 13:38:00-04:00,55.599998474121094,55.6150016784668,55.599998474121094,55.6150016784668,55.6150016784668,2299
2024-04-12 13:40:00-04:00,55.6150016784668,55.65999984741211,55.599998474121094,55.6150016784668,55.6150016784668,16674
2024-04-12 13:42:00-04:00,55.6150016784668,55.65999984741211,55.599998474121094,55.64500045776367,55.64500045776367,15397
2024-04-12 13:44:00-04:00,55.64500045776367,55.650001525878906,55.619998931884766,55.619998931884766,55.619998931884766,6356
2024-04-12 13:46:00-04:00,55.625,55.65999984741211,55.625,55.65999984741211,55.65999984741211,5643
2024-04-12 13:48:00-04:00,55.630001068115234,55.665000915527344,55.599998474121094,55.65999984741211,55.65999984741211,11794
2024-04-12 13:50:00-04:00,55.66999816894531,55.68000030517578,55.65999984741211,55.65999984741211,55.65999984741211,770
2024-04-12 13:52:00-04:00,55.66999816894531,55.689998626708984,55.65999984741211,55.689998626708984,55.689998626708984,5547
2024-04-12 13:54:00-04:00,55.68000030517578,55.7400016784668,55.68000030517578,55.68000030517578,55.68000030517578,33491
2024-04-12 13:56:00-04:00,55.68360137939453,55.70500183105469,55.65999984741211,55.68000030517578,55.68000030517578,14708
2024-04-12 13:58:00-04:00,55.685001373291016,55.72999954223633,55.685001373291016,55.720001220703125,55.720001220703125,5553
2024-04-12 14:00:00-04:00,55.71500015258789,55.71500015258789,55.63999938964844,55.63999938964844,55.63999938964844,6386
2024-04-12 14:02:00-04:00,55.650001525878906,55.67499923706055,55.63999938964844,55.66999816894531,55.66999816894531,7650
2024-04-12 14:04:00-04:00,55.67499923706055,55.720001220703125,55.67499923706055,55.71500015258789,55.71500015258789,9005
2024-04-12 14:06:00-04:00,55.720001220703125,55.7599983215332,55.709999084472656,55.755001068115234,55.755001068115234,11756
2024-04-12 14:08:00-04:00,55.7599983215332,55.79999923706055,55.72999954223633,55.72999954223633,55.72999954223633,28687
2024-04-12 14:10:00-04:00,55.720001220703125,55.7400016784668,55.70209884643555,55.7400016784668,55.7400016784668,14916
2024-04-12 14:12:00-04:00,55.73500061035156,55.73500061035156,55.66999816894531,55.70000076293945,55.70000076293945,11337
2024-04-12 14:14:00-04:00,55.70000076293945,55.70000076293945,55.65999984741211,55.665000915527344,55.665000915527344,28334
2024-04-12 14:16:00-04:00,55.665000915527344,55.685001373291016,55.65999984741211,55.66999816894531,55.66999816894531,6070
2024-04-12 14:18:00-04:00,55.65999984741211,55.66999816894531,55.63999938964844,55.65999984741211,55.65999984741211,6028
2024-04-12 14:20:00-04:00,55.665000915527344,55.68000030517578,55.650001525878906,55.66999816894531,55.66999816894531,4767
2024-04-12 14:22:00-04:00,55.66999816894531,55.70500183105469,55.66210174560547,55.689998626708984,55.689998626708984,4905
2024-04-12 14:24:00-04:00,55.685001373291016,55.709999084472656,55.67499923706055,55.67499923706055,55.67499923706055,7153
2024-04-12 14:26:00-04:00,55.68000030517578,55.69499969482422,55.650001525878906,55.68000030517578,55.68000030517578,10618
2024-04-12 14:28:00-04:00,55.66189956665039,55.66189956665039,55.59000015258789,55.613399505615234,55.613399505615234,21636
2024-04-12 14:30:00-04:00,55.61000061035156,55.61000061035156,55.505001068115234,55.56999969482422,55.56999969482422,10771
2024-04-12 14:32:00-04:00,55.56999969482422,55.56999969482422,55.43000030517578,55.43000030517578,55.43000030517578,31999
2024-04-12 14:34:00-04:00,55.42499923706055,55.45000076293945,55.400001525878906,55.45000076293945,55.45000076293945,6643
2024-04-12 14:36:00-04:00,55.45000076293945,55.474998474121094,55.44499969482422,55.474998474121094,55.474998474121094,9390
2024-04-12 14:38:00-04:00,55.47999954223633,55.5,55.470001220703125,55.480098724365234,55.480098724365234,7757
2024-04-12 14:40:00-04:00,55.5,55.5,55.459999084472656,55.474998474121094,55.474998474121094,5319
2024-04-12 14:42:00-04:00,55.47999954223633,55.5099983215332,55.46500015258789,55.46500015258789,55.46500015258789,6470
2024-04-12 14:44:00-04:00,55.470001220703125,55.4900016784668,55.45000076293945,55.47999954223633,55.47999954223633,5224
2024-04-12 14:46:00-04:00,55.474998474121094,55.494998931884766,55.470001220703125,55.4900016784668,55.4900016784668,3634
2024-04-12 14:48:00-04:00,55.48500061035156,55.5,55.474998474121094,55.47999954223633,55.47999954223633,7018
2024-04-12 14:50:00-04:00,55.47999954223633,55.4900016784668,55.45500183105469,55.459999084472656,55.459999084472656,12297
2024-04-12 14:52:00-04:00,55.459999084472656,55.470001220703125,55.459999084472656,55.46500015258789,55.46500015258789,3499
2024-04-12 14:54:00-04:00,55.46500015258789,55.4900016784668,55.42499923706055,55.42499923706055,55.42499923706055,6838
2024-04-12 14:56:00-04:00,55.43000030517578,55.459999084472656,55.40999984741211,55.40999984741211,55.40999984741211,7521
2024-04-12 14:58:00-04:00,55.400001525878906,55.400001525878906,55.34000015258789,55.349998474121094,55.349998474121094,4716
2024-04-12 15:00:00-04:00,55.31999969482422,55.31999969482422,55.279998779296875,55.29999923706055,55.29999923706055,5808
2024-04-12 15:02:00-04:00,55.310001373291016,55.345001220703125,55.29359817504883,55.30500030517578,55.30500030517578,9491
2024-04-12 15:04:00-04:00,55.310001373291016,55.310001373291016,55.27000045776367,55.27000045776367,55.27000045776367,7219
2024-04-12 15:06:00-04:00,55.2599983215332,55.30500030517578,55.25,55.28499984741211,55.28499984741211,8646
2024-04-12 15:08:00-04:00,55.27000045776367,55.27000045776367,55.22999954223633,55.2599983215332,55.2599983215332,14436
2024-04-12 15:10:00-04:00,55.2599983215332,55.290000915527344,55.2400016784668,55.290000915527344,55.290000915527344,8529
2024-04-12 15:12:00-04:00,55.290000915527344,55.310001373291016,55.26499938964844,55.290000915527344,55.290000915527344,7596
2024-04-12 15:14:00-04:00,55.290000915527344,55.290000915527344,55.2599983215332,55.275001525878906,55.275001525878906,7731
2024-04-12 15:16:00-04:00,55.290000915527344,55.33000183105469,55.290000915527344,55.29999923706055,55.29999923706055,9384
2024-04-12 15:18:00-04:00,55.29999923706055,55.334999084472656,55.29999923706055,55.32500076293945,55.32500076293945,9389
2024-04-12 15:20:00-04:00,55.33000183105469,55.33000183105469,55.279998779296875,55.28499984741211,55.28499984741211,11655
2024-04-12 15:22:00-04:00,55.279998779296875,55.279998779296875,55.26499938964844,55.27000045776367,55.27000045776367,5994
2024-04-12 15:24:00-04:00,55.275001525878906,55.310001373291016,55.275001525878906,55.28499984741211,55.28499984741211,11213
2024-04-12 15:26:00-04:00,55.28499984741211,55.32500076293945,55.28499984741211,55.314998626708984,55.314998626708984,8290
2024-04-12 15:28:00-04:00,55.310001373291016,55.31999969482422,55.279998779296875,55.279998779296875,55.279998779296875,5575
2024-04-12 15:30:00-04:00,55.279998779296875,55.28499984741211,55.22999954223633,55.2400016784668,55.2400016784668,10604
2024-04-12 15:32:00-04:00,55.2400016784668,55.27000045776367,55.2400016784668,55.2400016784668,55.2400016784668,8227
2024-04-12 15:34:00-04:00,55.2400016784668,55.27000045776367,55.220001220703125,55.220001220703125,55.220001220703125,15886
2024-04-12 15:36:00-04:00,55.220001220703125,55.224998474121094,55.130001068115234,55.13999938964844,55.13999938964844,18228
2024-04-12 15:38:00-04:00,55.13999938964844,55.189998626708984,55.08000183105469,55.16999816894531,55.16999816894531,24969
2024-04-12 15:40:00-04:00,55.18000030517578,55.27000045776367,55.18000030517578,55.27000045776367,55.27000045776367,12029
2024-04-12 15:42:00-04:00,55.2599983215332,55.308998107910156,55.25,55.29999923706055,55.29999923706055,9228
2024-04-12 15:44:00-04:00,55.29999923706055,55.33000183105469,55.290000915527344,55.290000915527344,55.290000915527344,19143
2024-04-12 15:46:00-04:00,55.28499984741211,55.290000915527344,55.20500183105469,55.209999084472656,55.209999084472656,14990
2024-04-12 15:48:00-04:00,55.20000076293945,55.255001068115234,55.185001373291016,55.2400016784668,55.2400016784668,29138
2024-04-12 15:50:00-04:00,55.2400016784668,55.349998474121094,55.189998626708984,55.31999969482422,55.31999969482422,68963
2024-04-12 15:52:00-04:00,55.32500076293945,55.36000061035156,55.310001373291016,55.31999969482422,55.31999969482422,43066
2024-04-12 15:54:00-04:00,55.31999969482422,55.45000076293945,55.31999969482422,55.43000030517578,55.43000030517578,66167
2024-04-12 15:56:00-04:00,55.41999816894531,55.439998626708984,55.38999938964844,55.38999938964844,55.38999938964844,60194
2024-04-12 15:58:00-04:00,55.39500045776367,55.435001373291016,55.369998931884766,55.43000030517578,55.43000030517578,111731
