Datetime,Open,High,Low,Close,Adj Close,Volume
2023-12-12 09:30:00,32.20000076293945,32.209999084472656,31.8700008392334,31.975000381469727,31.975000381469727,384182
2023-12-12 10:00:00,31.979999542236328,32.29999923706055,31.969999313354492,32.25,32.25,236898
2023-12-12 10:30:00,32.25,32.36000061035156,32.1349983215332,32.185001373291016,32.185001373291016,244763
2023-12-12 11:00:00,32.18000030517578,32.18000030517578,31.975000381469727,32.0099983215332,32.0099983215332,240491
2023-12-12 11:30:00,32.0099983215332,32.025001525878906,31.920000076293945,31.940000534057617,31.940000534057617,351753
2023-12-12 12:00:00,31.940000534057617,32.025001525878906,31.8799991607666,32.0099983215332,32.0099983215332,188007
2023-12-12 12:30:00,32.0099983215332,32.011199951171875,31.84000015258789,31.854000091552734,31.854000091552734,231346
2023-12-12 13:00:00,31.854999542236328,31.979999542236328,31.834999084472656,31.975000381469727,31.975000381469727,160389
2023-12-12 13:30:00,31.975000381469727,32.09000015258789,31.969999313354492,32.07500076293945,32.07500076293945,145634
2023-12-12 14:00:00,32.07500076293945,32.209999084472656,32.06999969482422,32.15999984741211,32.15999984741211,348771
2023-12-12 14:30:00,32.16999816894531,32.22999954223633,32.1349983215332,32.224998474121094,32.224998474121094,237462
2023-12-12 15:00:00,32.224998474121094,32.34000015258789,32.224998474121094,32.32500076293945,32.32500076293945,281018
2023-12-12 15:30:00,32.33000183105469,32.349998474121094,32.220001220703125,32.29499816894531,32.29499816894531,1150744
2023-12-13 09:30:00,32.34000015258789,32.45000076293945,32.13999938964844,32.3213005065918,32.3213005065918,336555
2023-12-13 10:00:00,32.32500076293945,32.380001068115234,32.130001068115234,32.13999938964844,32.13999938964844,310675
2023-12-13 10:30:00,32.13999938964844,32.35499954223633,32.13999938964844,32.349998474121094,32.349998474121094,279472
2023-12-13 11:00:00,32.349998474121094,32.435001373291016,32.31999969482422,32.404998779296875,32.404998779296875,221159
2023-12-13 11:30:00,32.40999984741211,32.53499984741211,32.40999984741211,32.45500183105469,32.45500183105469,262970
2023-12-13 12:00:00,32.45500183105469,32.474998474121094,32.22999954223633,32.26499938964844,32.26499938964844,163947
2023-12-13 12:30:00,32.2599983215332,32.30500030517578,32.224998474121094,32.28499984741211,32.28499984741211,210532
2023-12-13 13:00:00,32.28499984741211,32.29999923706055,32.20000076293945,32.220001220703125,32.220001220703125,188144
2023-12-13 13:30:00,32.220001220703125,32.34000015258789,32.189998626708984,32.334999084472656,32.334999084472656,213810
2023-12-13 14:00:00,32.34000015258789,32.595001220703125,32.34000015258789,32.55500030517578,32.55500030517578,384851
2023-12-13 14:30:00,32.560001373291016,32.708499908447266,32.5,32.68000030517578,32.68000030517578,398916
2023-12-13 15:00:00,32.68000030517578,32.78499984741211,32.56999969482422,32.630001068115234,32.630001068115234,547928
2023-12-13 15:30:00,32.625,32.720001220703125,32.560001373291016,32.560001373291016,32.560001373291016,1904900
2023-12-14 09:30:00,32.9900016784668,33.34000015258789,32.939998626708984,33.255001068115234,33.255001068115234,780668
2023-12-14 10:00:00,33.255001068115234,33.45500183105469,33.220001220703125,33.404998779296875,33.404998779296875,904182
2023-12-14 10:30:00,33.404998779296875,33.52000045776367,33.30500030517578,33.38999938964844,33.38999938964844,458748
2023-12-14 11:00:00,33.38999938964844,33.67499923706055,33.3849983215332,33.595001220703125,33.595001220703125,343141
2023-12-14 11:30:00,33.599998474121094,33.70500183105469,33.54999923706055,33.685001373291016,33.685001373291016,418035
2023-12-14 12:00:00,33.689998626708984,33.79869842529297,33.59000015258789,33.595001220703125,33.595001220703125,273243
2023-12-14 12:30:00,33.59000015258789,33.755001068115234,33.53499984741211,33.564998626708984,33.564998626708984,314579
2023-12-14 13:00:00,33.564998626708984,33.564998626708984,33.35499954223633,33.38999938964844,33.38999938964844,260991
2023-12-14 13:30:00,33.38999938964844,33.439998626708984,33.352500915527344,33.439998626708984,33.439998626708984,253247
2023-12-14 14:00:00,33.43000030517578,33.505001068115234,33.255001068115234,33.27000045776367,33.27000045776367,258833
2023-12-14 14:30:00,33.27000045776367,33.38999938964844,33.255001068115234,33.375,33.375,299015
2023-12-14 15:00:00,33.375,33.51499938964844,33.369998931884766,33.48500061035156,33.48500061035156,365237
2023-12-14 15:30:00,33.47999954223633,33.560001373291016,33.41999816894531,33.540000915527344,33.540000915527344,1189907
2023-12-15 09:30:00,33.47999954223633,33.54999923706055,32.900001525878906,33.09000015258789,33.09000015258789,2685212
2023-12-15 10:00:00,33.099998474121094,33.30500030517578,32.9900016784668,33.130001068115234,33.130001068115234,500743
2023-12-15 10:30:00,33.130001068115234,33.2400016784668,33.02000045776367,33.19499969482422,33.19499969482422,392746
2023-12-15 11:00:00,33.20000076293945,33.275001525878906,33.04999923706055,33.244998931884766,33.244998931884766,341211
2023-12-15 11:30:00,33.2400016784668,33.28499984741211,33.1150016784668,33.17499923706055,33.17499923706055,293320
2023-12-15 12:00:00,33.18000030517578,33.28499984741211,33.154998779296875,33.20500183105469,33.20500183105469,255975
2023-12-15 12:30:00,33.21500015258789,33.290000915527344,33.119998931884766,33.290000915527344,33.290000915527344,311546
2023-12-15 13:00:00,33.29499816894531,33.34000015258789,33.2400016784668,33.27000045776367,33.27000045776367,219039
2023-12-15 13:30:00,33.2599983215332,33.30500030517578,33.165000915527344,33.17499923706055,33.17499923706055,236921
2023-12-15 14:00:00,33.17499923706055,33.2400016784668,33.1349983215332,33.15999984741211,33.15999984741211,352794
2023-12-15 14:30:00,33.154998779296875,33.209999084472656,33.11000061035156,33.185001373291016,33.185001373291016,237475
2023-12-15 15:00:00,33.189998626708984,33.27000045776367,33.125,33.2599983215332,33.2599983215332,287260
2023-12-15 15:30:00,33.2599983215332,33.599998474121094,33.18000030517578,33.59000015258789,33.59000015258789,2254541
2023-12-18 09:30:00,34.349998474121094,34.849998474121094,34.34000015258789,34.67070007324219,34.67070007324219,863129
2023-12-18 10:00:00,34.67959976196289,34.709999084472656,34.28499984741211,34.310001373291016,34.310001373291016,348144
2023-12-18 10:30:00,34.29999923706055,34.310001373291016,34.08000183105469,34.220001220703125,34.220001220703125,205209
2023-12-18 11:00:00,34.209999084472656,34.459999084472656,34.18000030517578,34.349998474121094,34.349998474121094,337712
2023-12-18 11:30:00,34.345001220703125,34.36920166015625,34.26499938964844,34.275001525878906,34.275001525878906,263770
2023-12-18 12:00:00,34.279998779296875,34.32500076293945,34.20500183105469,34.29999923706055,34.29999923706055,146542
2023-12-18 12:30:00,34.29999923706055,34.29999923706055,34.209999084472656,34.2400016784668,34.2400016784668,225936
2023-12-18 13:00:00,34.23500061035156,34.244998931884766,34.08000183105469,34.13999938964844,34.13999938964844,165935
2023-12-18 13:30:00,34.13999938964844,34.20500183105469,34.04499816894531,34.064998626708984,34.064998626708984,150842
2023-12-18 14:00:00,34.060001373291016,34.070098876953125,33.95500183105469,33.974998474121094,33.974998474121094,167577
2023-12-18 14:30:00,33.97999954223633,34.060001373291016,33.939998626708984,34.040000915527344,34.040000915527344,169431
2023-12-18 15:00:00,34.040000915527344,34.119998931884766,33.994998931884766,34.064998626708984,34.064998626708984,267401
2023-12-18 15:30:00,34.064998626708984,34.099998474121094,34.0,34.060001373291016,34.060001373291016,721926
2023-12-19 09:30:00,34.2400016784668,34.29999923706055,33.900001525878906,34.07500076293945,34.07500076293945,284070
2023-12-19 10:00:00,34.084999084472656,34.189998626708984,34.04499816894531,34.084999084472656,34.084999084472656,264937
2023-12-19 10:30:00,34.084999084472656,34.185001373291016,33.90999984741211,34.125,34.125,436295
2023-12-19 11:00:00,34.119998931884766,34.43000030517578,34.11000061035156,34.3849983215332,34.3849983215332,421998
2023-12-19 11:30:00,34.3849983215332,34.43000030517578,34.314998626708984,34.314998626708984,34.314998626708984,177514
2023-12-19 12:00:00,34.314998626708984,34.41999816894531,34.310001373291016,34.349998474121094,34.349998474121094,160980
2023-12-19 12:30:00,34.349998474121094,34.3650016784668,34.18000030517578,34.21659851074219,34.21659851074219,176729
2023-12-19 13:00:00,34.21500015258789,34.22999954223633,34.084999084472656,34.099998474121094,34.099998474121094,139281
2023-12-19 13:30:00,34.095001220703125,34.125,33.994998931884766,34.005001068115234,34.005001068115234,165124
2023-12-19 14:00:00,34.0099983215332,34.06999969482422,34.0,34.04999923706055,34.04999923706055,244308
2023-12-19 14:30:00,34.05500030517578,34.084999084472656,34.02000045776367,34.04499816894531,34.04499816894531,233025
2023-12-19 15:00:00,34.04499816894531,34.16999816894531,33.983699798583984,34.150001525878906,34.150001525878906,319710
2023-12-19 15:30:00,34.150001525878906,34.150001525878906,34.0,34.08000183105469,34.08000183105469,1139526
2023-12-20 09:30:00,34.13999938964844,34.564998626708984,33.970001220703125,34.505001068115234,34.505001068115234,484218
2023-12-20 10:00:00,34.494998931884766,34.584999084472656,34.45000076293945,34.4900016784668,34.4900016784668,218944
2023-12-20 10:30:00,34.4900016784668,34.619998931884766,34.42499923706055,34.4900016784668,34.4900016784668,170612
2023-12-20 11:00:00,34.47999954223633,34.60499954223633,34.459999084472656,34.59000015258789,34.59000015258789,152542
2023-12-20 11:30:00,34.58000183105469,34.60499954223633,34.48500061035156,34.54359817504883,34.54359817504883,142650
2023-12-20 12:00:00,34.540000915527344,34.665000915527344,34.5099983215332,34.665000915527344,34.665000915527344,207336
2023-12-20 12:30:00,34.65999984741211,34.68000030517578,34.52000045776367,34.525001525878906,34.525001525878906,123782
2023-12-20 13:00:00,34.525001525878906,34.54499816894531,34.494998931884766,34.540000915527344,34.540000915527344,109732
2023-12-20 13:30:00,34.53499984741211,34.54999923706055,34.43000030517578,34.45000076293945,34.45000076293945,139727
2023-12-20 14:00:00,34.44499969482422,34.52000045776367,34.40999984741211,34.4900016784668,34.4900016784668,158513
2023-12-20 14:30:00,34.4900016784668,34.5,34.10499954223633,34.10499954223633,34.10499954223633,271507
2023-12-20 15:00:00,34.099998474121094,34.334999084472656,34.06999969482422,34.15999984741211,34.15999984741211,462569
2023-12-20 15:30:00,34.154998779296875,34.189998626708984,34.0,34.029998779296875,34.029998779296875,756869
2023-12-21 09:30:00,34.029998779296875,34.119998931884766,33.85499954223633,34.08000183105469,34.08000183105469,421801
2023-12-21 10:00:00,34.09000015258789,34.1150016784668,33.8650016784668,33.90999984741211,33.90999984741211,816771
2023-12-21 10:30:00,33.915000915527344,33.970001220703125,33.720001220703125,33.775001525878906,33.775001525878906,229606
2023-12-21 11:00:00,33.779998779296875,33.970001220703125,33.755001068115234,33.959999084472656,33.959999084472656,211252
2023-12-21 11:30:00,33.967498779296875,33.9900016784668,33.845001220703125,33.849998474121094,33.849998474121094,204717
2023-12-21 12:00:00,33.845001220703125,33.880001068115234,33.73500061035156,33.775001525878906,33.775001525878906,242922
2023-12-21 12:30:00,33.770198822021484,33.8849983215332,33.76499938964844,33.849998474121094,33.849998474121094,217835
2023-12-21 13:00:00,33.849998474121094,33.93000030517578,33.82500076293945,33.91999816894531,33.91999816894531,206035
2023-12-21 13:30:00,33.93000030517578,33.93000030517578,33.81999969482422,33.86000061035156,33.86000061035156,115778
2023-12-21 14:00:00,33.86009979248047,33.904998779296875,33.810001373291016,33.85499954223633,33.85499954223633,168751
2023-12-21 14:30:00,33.85499954223633,33.88999938964844,33.78499984741211,33.81999969482422,33.81999969482422,363232
2023-12-21 15:00:00,33.81999969482422,33.96500015258789,33.814998626708984,33.939998626708984,33.939998626708984,276491
2023-12-21 15:30:00,33.939998626708984,34.04999923706055,33.915000915527344,34.029998779296875,34.029998779296875,862438
2023-12-22 09:30:00,34.38999938964844,34.38999938964844,34.13999938964844,34.209999084472656,34.209999084472656,364534
2023-12-22 10:00:00,34.220001220703125,34.369998931884766,34.20500183105469,34.28499984741211,34.28499984741211,346809
2023-12-22 10:30:00,34.279998779296875,34.349998474121094,34.130001068115234,34.1349983215332,34.1349983215332,642997
2023-12-22 11:00:00,34.1349983215332,34.18000030517578,34.0,34.154998779296875,34.154998779296875,713854
2023-12-22 11:30:00,34.154998779296875,34.20000076293945,34.099998474121094,34.150001525878906,34.150001525878906,130252
2023-12-22 12:00:00,34.154998779296875,34.189998626708984,34.1150016784668,34.189998626708984,34.189998626708984,161852
2023-12-22 12:30:00,34.18000030517578,34.310001373291016,34.16999816894531,34.29499816894531,34.29499816894531,208644
2023-12-22 13:00:00,34.29999923706055,34.29999923706055,34.25,34.279998779296875,34.279998779296875,148775
2023-12-22 13:30:00,34.279998779296875,34.404998779296875,34.272499084472656,34.334999084472656,34.334999084472656,231380
2023-12-22 14:00:00,34.33000183105469,34.35749816894531,34.07500076293945,34.087501525878906,34.087501525878906,134214
2023-12-22 14:30:00,34.08000183105469,34.2400016784668,34.04499816894531,34.2400016784668,34.2400016784668,222061
2023-12-22 15:00:00,34.2400016784668,34.2599983215332,34.154998779296875,34.20000076293945,34.20000076293945,201676
2023-12-22 15:30:00,34.20000076293945,34.209999084472656,34.06999969482422,34.119998931884766,34.119998931884766,697233
2023-12-26 09:30:00,34.529998779296875,34.630001068115234,34.45000076293945,34.529998779296875,34.529998779296875,171691
2023-12-26 10:00:00,34.529998779296875,34.564998626708984,34.46500015258789,34.52000045776367,34.52000045776367,235834
2023-12-26 10:30:00,34.52000045776367,34.72999954223633,34.494998931884766,34.685001373291016,34.685001373291016,150699
2023-12-26 11:00:00,34.68000030517578,34.71500015258789,34.630001068115234,34.65999984741211,34.65999984741211,86870
2023-12-26 11:30:00,34.66999816894531,34.71500015258789,34.630001068115234,34.709999084472656,34.709999084472656,62001
2023-12-26 12:00:00,34.709999084472656,34.814998626708984,34.70000076293945,34.79999923706055,34.79999923706055,82730
2023-12-26 12:30:00,34.79499816894531,34.849998474121094,34.78499984741211,34.810001373291016,34.810001373291016,67577
2023-12-26 13:00:00,34.810001373291016,34.84870147705078,34.779998779296875,34.83000183105469,34.83000183105469,74483
2023-12-26 13:30:00,34.84000015258789,34.875,34.834999084472656,34.84000015258789,34.84000015258789,82733
2023-12-26 14:00:00,34.84000015258789,34.880001068115234,34.779998779296875,34.78099822998047,34.78099822998047,99151
2023-12-26 14:30:00,34.779998779296875,34.79999923706055,34.744998931884766,34.790000915527344,34.790000915527344,106867
2023-12-26 15:00:00,34.78499984741211,34.85499954223633,34.77000045776367,34.845001220703125,34.845001220703125,142503
2023-12-26 15:30:00,34.845001220703125,34.869998931884766,34.744998931884766,34.779998779296875,34.779998779296875,515418
2023-12-27 09:30:00,34.720001220703125,34.92499923706055,34.61000061035156,34.880001068115234,34.880001068115234,227195
2023-12-27 10:00:00,34.880001068115234,34.900001525878906,34.70000076293945,34.84000015258789,34.84000015258789,180330
2023-12-27 10:30:00,34.83000183105469,34.834999084472656,34.720001220703125,34.75,34.75,96934
2023-12-27 11:00:00,34.744998931884766,34.77000045776367,34.66999816894531,34.66999816894531,34.66999816894531,122135
2023-12-27 11:30:00,34.66999816894531,34.7400016784668,34.63999938964844,34.70249938964844,34.70249938964844,79295
2023-12-27 12:00:00,34.709999084472656,34.709999084472656,34.630001068115234,34.64789962768555,34.64789962768555,73301
2023-12-27 12:30:00,34.63999938964844,34.66999816894531,34.589900970458984,34.630001068115234,34.630001068115234,106472
2023-12-27 13:00:00,34.630001068115234,34.779998779296875,34.630001068115234,34.71500015258789,34.71500015258789,151110
2023-12-27 13:30:00,34.71500015258789,34.7400016784668,34.66999816894531,34.66999816894531,34.66999816894531,95777
2023-12-27 14:00:00,34.65999984741211,34.65999984741211,34.529998779296875,34.599998474121094,34.599998474121094,210320
2023-12-27 14:30:00,34.599998474121094,34.599998474121094,34.47999954223633,34.505001068115234,34.505001068115234,148493
2023-12-27 15:00:00,34.505001068115234,34.553001403808594,34.474998474121094,34.5099983215332,34.5099983215332,171480
2023-12-27 15:30:00,34.51499938964844,34.560001373291016,34.439998626708984,34.5099983215332,34.5099983215332,651767
2023-12-28 09:30:00,34.36000061035156,34.43479919433594,34.189998626708984,34.380001068115234,34.380001068115234,174881
2023-12-28 10:00:00,34.380001068115234,34.42499923706055,34.224998474121094,34.22999954223633,34.22999954223633,104533
2023-12-28 10:30:00,34.23619842529297,34.2599983215332,34.15999984741211,34.17499923706055,34.17499923706055,111457
2023-12-28 11:00:00,34.18000030517578,34.32500076293945,34.150001525878906,34.209999084472656,34.209999084472656,162423
2023-12-28 11:30:00,34.209999084472656,34.21500015258789,34.11000061035156,34.15999984741211,34.15999984741211,116677
2023-12-28 12:00:00,34.154998779296875,34.28499984741211,34.154998779296875,34.209999084472656,34.209999084472656,88789
2023-12-28 12:30:00,34.20500183105469,34.255001068115234,34.20000076293945,34.20500183105469,34.20500183105469,85161
2023-12-28 13:00:00,34.209999084472656,34.2400016784668,34.095001220703125,34.189998626708984,34.189998626708984,104110
2023-12-28 13:30:00,34.20000076293945,34.225399017333984,34.13999938964844,34.16170120239258,34.16170120239258,81376
2023-12-28 14:00:00,34.16999816894531,34.209999084472656,34.13999938964844,34.19499969482422,34.19499969482422,103440
2023-12-28 14:30:00,34.20000076293945,34.21500015258789,34.150001525878906,34.165000915527344,34.165000915527344,108770
2023-12-28 15:00:00,34.16999816894531,34.2400016784668,34.1349983215332,34.224998474121094,34.224998474121094,314408
2023-12-28 15:30:00,34.22249984741211,34.2599983215332,34.14500045776367,34.189998626708984,34.189998626708984,741361
2023-12-29 09:30:00,34.220001220703125,34.29999923706055,34.07500076293945,34.182498931884766,34.182498931884766,191523
2023-12-29 10:00:00,34.189998626708984,34.209999084472656,34.0099983215332,34.08000183105469,34.08000183105469,94826
2023-12-29 10:30:00,34.064998626708984,34.14500045776367,34.05120086669922,34.09000015258789,34.09000015258789,159304
2023-12-29 11:00:00,34.09000015258789,34.19499969482422,34.08000183105469,34.17499923706055,34.17499923706055,136698
2023-12-29 11:30:00,34.18000030517578,34.20500183105469,34.029998779296875,34.040000915527344,34.040000915527344,186995
2023-12-29 12:00:00,34.03499984741211,34.150001525878906,34.0099983215332,34.14500045776367,34.14500045776367,203311
2023-12-29 12:30:00,34.13999938964844,34.220001220703125,34.119998931884766,34.209999084472656,34.209999084472656,211988
2023-12-29 13:00:00,34.20000076293945,34.22999954223633,34.14500045776367,34.150001525878906,34.150001525878906,130825
2023-12-29 13:30:00,34.14500045776367,34.19499969482422,34.09000015258789,34.1150016784668,34.1150016784668,124655
2023-12-29 14:00:00,34.1150016784668,34.130001068115234,34.06999969482422,34.11000061035156,34.11000061035156,147319
2023-12-29 14:30:00,34.11000061035156,34.20000076293945,34.09000015258789,34.20000076293945,34.20000076293945,118420
2023-12-29 15:00:00,34.19499969482422,34.20000076293945,34.130001068115234,34.185001373291016,34.185001373291016,273650
2023-12-29 15:30:00,34.18050003051758,34.21500015258789,34.099998474121094,34.189998626708984,34.189998626708984,980997
2024-01-02 09:30:00,34.43000030517578,34.650001525878906,34.34000015258789,34.55229949951172,34.55229949951172,323527
2024-01-02 10:00:00,34.564998626708984,34.58000183105469,34.33000183105469,34.415000915527344,34.415000915527344,157843
2024-01-02 10:30:00,34.40999984741211,34.40999984741211,34.22999954223633,34.25,34.25,173762
2024-01-02 11:00:00,34.25,34.31999969482422,34.16999816894531,34.209999084472656,34.209999084472656,175456
2024-01-02 11:30:00,34.209999084472656,34.275001525878906,34.15999984741211,34.2599983215332,34.2599983215332,174866
2024-01-02 12:00:00,34.27000045776367,34.33000183105469,34.21500015258789,34.31999969482422,34.31999969482422,133585
2024-01-02 12:30:00,34.33000183105469,34.40570068359375,34.310001373291016,34.334999084472656,34.334999084472656,90128
2024-01-02 13:00:00,34.33000183105469,34.36000061035156,34.15999984741211,34.17499923706055,34.17499923706055,139257
2024-01-02 13:30:00,34.165000915527344,34.165000915527344,33.96500015258789,33.994998931884766,33.994998931884766,121994
2024-01-02 14:00:00,34.0,34.0099983215332,33.875,33.904998779296875,33.904998779296875,203459
2024-01-02 14:30:00,33.904998779296875,33.97999954223633,33.88999938964844,33.939998626708984,33.939998626708984,546944
2024-01-02 15:00:00,33.94499969482422,33.97850036621094,33.79999923706055,33.80500030517578,33.80500030517578,247316
2024-01-02 15:30:00,33.79999923706055,33.95000076293945,33.7400016784668,33.92100143432617,33.92100143432617,818053
2024-01-03 09:30:00,33.97999954223633,33.97999954223633,33.790000915527344,33.880001068115234,33.880001068115234,492732
2024-01-03 10:00:00,33.875,34.09000015258789,33.875,34.05500030517578,34.05500030517578,326467
2024-01-03 10:30:00,34.064998626708984,34.150001525878906,33.98500061035156,34.0099983215332,34.0099983215332,299714
2024-01-03 11:00:00,34.02000045776367,34.13999938964844,34.0099983215332,34.05500030517578,34.05500030517578,395376
2024-01-03 11:30:00,34.05500030517578,34.08000183105469,33.96500015258789,34.04499816894531,34.04499816894531,178414
2024-01-03 12:00:00,34.04970169067383,34.06999969482422,34.0099983215332,34.060001373291016,34.060001373291016,162259
2024-01-03 12:30:00,34.06990051269531,34.06990051269531,33.915000915527344,34.0099983215332,34.0099983215332,191339
2024-01-03 13:00:00,34.0099983215332,34.1150016784668,33.97249984741211,34.060001373291016,34.060001373291016,196192
2024-01-03 13:30:00,34.04999923706055,34.11000061035156,34.02000045776367,34.060001373291016,34.060001373291016,184335
2024-01-03 14:00:00,34.060001373291016,34.1349983215332,33.96500015258789,34.125,34.125,241794
2024-01-03 14:30:00,34.130001068115234,34.19499969482422,34.03499984741211,34.040000915527344,34.040000915527344,336127
2024-01-03 15:00:00,34.03499984741211,34.06999969482422,33.974998474121094,33.98500061035156,33.98500061035156,253999
2024-01-03 15:30:00,33.9900016784668,34.029998779296875,33.880001068115234,33.88999938964844,33.88999938964844,1073283
2024-01-04 09:30:00,34.029998779296875,34.20000076293945,33.904998779296875,34.02000045776367,34.02000045776367,451919
2024-01-04 10:00:00,34.02000045776367,34.18000030517578,33.900001525878906,33.980098724365234,33.980098724365234,752631
2024-01-04 10:30:00,33.97999954223633,34.0,33.72999954223633,33.72999954223633,33.72999954223633,238459
2024-01-04 11:00:00,33.72999954223633,33.73500061035156,33.58000183105469,33.66999816894531,33.66999816894531,319506
2024-01-04 11:30:00,33.66999816894531,33.66999816894531,33.4900016784668,33.52000045776367,33.52000045776367,199295
2024-01-04 12:00:00,33.52000045776367,33.529998779296875,33.40999984741211,33.4900016784668,33.4900016784668,222366
2024-01-04 12:30:00,33.47999954223633,33.5099983215332,33.404998779296875,33.459999084472656,33.459999084472656,217099
2024-01-04 13:00:00,33.45500183105469,33.505001068115234,33.400001525878906,33.415000915527344,33.415000915527344,218723
2024-01-04 13:30:00,33.40999984741211,33.43000030517578,33.345001220703125,33.380001068115234,33.380001068115234,174903
2024-01-04 14:00:00,33.369998931884766,33.380001068115234,33.279998779296875,33.30500030517578,33.30500030517578,317330
2024-01-04 14:30:00,33.29999923706055,33.33000183105469,33.22999954223633,33.30500030517578,33.30500030517578,309225
2024-01-04 15:00:00,33.30500030517578,33.310001373291016,33.22999954223633,33.26350021362305,33.26350021362305,322624
2024-01-04 15:30:00,33.2599983215332,33.314998626708984,33.189998626708984,33.2400016784668,33.2400016784668,882668
2024-01-05 09:30:00,33.470001220703125,33.540000915527344,33.27000045776367,33.3651008605957,33.3651008605957,341418
2024-01-05 10:00:00,33.369998931884766,33.529998779296875,33.3650016784668,33.415000915527344,33.415000915527344,604464
2024-01-05 10:30:00,33.415000915527344,33.470001220703125,33.345001220703125,33.44499969482422,33.44499969482422,224256
2024-01-05 11:00:00,33.439998626708984,33.54999923706055,33.345001220703125,33.345001220703125,33.345001220703125,254057
2024-01-05 11:30:00,33.349998474121094,33.375,33.28499984741211,33.310001373291016,33.310001373291016,176628
2024-01-05 12:00:00,33.310001373291016,33.310001373291016,33.20000076293945,33.22999954223633,33.22999954223633,227863
2024-01-05 12:30:00,33.220001220703125,33.275001525878906,33.16999816894531,33.244998931884766,33.244998931884766,150396
2024-01-05 13:00:00,33.2400016784668,33.2400016784668,33.1150016784668,33.20000076293945,33.20000076293945,234499
2024-01-05 13:30:00,33.20500183105469,33.375,33.20500183105469,33.369998931884766,33.369998931884766,159557
2024-01-05 14:00:00,33.369998931884766,33.404998779296875,33.314998626708984,33.31999969482422,33.31999969482422,187686
2024-01-05 14:30:00,33.31999969482422,33.33000183105469,33.18000030517578,33.21500015258789,33.21500015258789,140495
2024-01-05 15:00:00,33.21500015258789,33.349998474121094,33.20000076293945,33.28499984741211,33.28499984741211,295055
2024-01-05 15:30:00,33.290000915527344,33.45000076293945,33.224998474121094,33.40999984741211,33.40999984741211,1054757
2024-01-08 09:30:00,32.654998779296875,32.654998779296875,32.14500045776367,32.25,32.25,475858
2024-01-08 10:00:00,32.27000045776367,32.29999923706055,31.950000762939453,32.03499984741211,32.03499984741211,329045
2024-01-08 10:30:00,32.04499816894531,32.11000061035156,31.969999313354492,31.985000610351562,31.985000610351562,479474
2024-01-08 11:00:00,32.03499984741211,32.07500076293945,31.975000381469727,31.985000610351562,31.985000610351562,641064
2024-01-08 11:30:00,31.985000610351562,32.17499923706055,31.94499969482422,32.005001068115234,32.005001068115234,657239
2024-01-08 12:00:00,32.005001068115234,32.040000915527344,31.934999465942383,31.979999542236328,31.979999542236328,346202
2024-01-08 12:30:00,31.975000381469727,32.040000915527344,31.90999984741211,31.940000534057617,31.940000534057617,495167
2024-01-08 13:00:00,31.94499969482422,32.02000045776367,31.934999465942383,31.959999084472656,31.959999084472656,304354
2024-01-08 13:30:00,31.969999313354492,32.05500030517578,31.96500015258789,32.05500030517578,32.05500030517578,405627
2024-01-08 14:00:00,32.060001373291016,32.119998931884766,32.02000045776367,32.099998474121094,32.099998474121094,688514
2024-01-08 14:30:00,32.10499954223633,32.220001220703125,32.099998474121094,32.19110107421875,32.19110107421875,778395
2024-01-08 15:00:00,32.189998626708984,32.334999084472656,32.18000030517578,32.30500030517578,32.30500030517578,477261
2024-01-08 15:30:00,32.30500030517578,32.470001220703125,32.30500030517578,32.41999816894531,32.41999816894531,1051279
2024-01-09 09:30:00,32.349998474121094,32.380001068115234,31.790000915527344,31.899999618530273,31.899999618530273,426568
2024-01-09 10:00:00,31.899999618530273,31.96500015258789,31.704999923706055,31.709999084472656,31.709999084472656,274483
2024-01-09 10:30:00,31.71500015258789,31.905000686645508,31.709999084472656,31.772499084472656,31.772499084472656,213457
2024-01-09 11:00:00,31.780000686645508,31.899900436401367,31.774999618530273,31.84000015258789,31.84000015258789,266677
2024-01-09 11:30:00,31.84000015258789,31.959999084472656,31.809999465942383,31.954599380493164,31.954599380493164,195729
2024-01-09 12:00:00,31.950000762939453,31.979900360107422,31.854999542236328,31.862499237060547,31.862499237060547,190176
2024-01-09 12:30:00,31.8700008392334,31.905000686645508,31.850000381469727,31.875,31.875,138672
2024-01-09 13:00:00,31.8799991607666,31.940000534057617,31.760000228881836,31.770000457763672,31.770000457763672,219191
2024-01-09 13:30:00,31.764999389648438,31.860000610351562,31.700000762939453,31.773000717163086,31.773000717163086,278592
2024-01-09 14:00:00,31.770000457763672,31.770000457763672,31.530000686645508,31.565000534057617,31.565000534057617,686768
2024-01-09 14:30:00,31.560300827026367,31.65999984741211,31.489999771118164,31.600000381469727,31.600000381469727,538857
2024-01-09 15:00:00,31.594999313354492,31.68000030517578,31.575000762939453,31.645000457763672,31.645000457763672,375583
2024-01-09 15:30:00,31.645000457763672,31.665000915527344,31.5,31.59000015258789,31.59000015258789,1836019
2024-01-10 09:30:00,31.639999389648438,31.639999389648438,31.05500030517578,31.46500015258789,31.46500015258789,847208
2024-01-10 10:00:00,31.440000534057617,31.44499969482422,31.18000030517578,31.200000762939453,31.200000762939453,1118447
2024-01-10 10:30:00,31.200000762939453,31.209999084472656,31.079999923706055,31.110000610351562,31.110000610351562,514053
2024-01-10 11:00:00,31.110000610351562,31.225000381469727,31.06999969482422,31.18000030517578,31.18000030517578,420202
2024-01-10 11:30:00,31.184999465942383,31.21500015258789,31.139999389648438,31.165000915527344,31.165000915527344,473582
2024-01-10 12:00:00,31.15999984741211,31.209999084472656,31.079999923706055,31.079999923706055,31.079999923706055,323817
2024-01-10 12:30:00,31.079999923706055,31.100000381469727,30.979999542236328,30.9950008392334,30.9950008392334,366054
2024-01-10 13:00:00,30.9950008392334,31.079999923706055,30.954999923706055,31.05500030517578,31.05500030517578,276684
2024-01-10 13:30:00,31.059999465942383,31.110000610351562,31.020000457763672,31.03499984741211,31.03499984741211,268940
2024-01-10 14:00:00,31.03499984741211,31.1200008392334,30.979999542236328,31.079999923706055,31.079999923706055,350030
2024-01-10 14:30:00,31.09000015258789,31.235000610351562,31.06999969482422,31.155000686645508,31.155000686645508,431693
2024-01-10 15:00:00,31.149999618530273,31.200000762939453,31.104999542236328,31.155000686645508,31.155000686645508,518308
2024-01-10 15:30:00,31.149999618530273,31.239999771118164,31.1200008392334,31.219999313354492,31.219999313354492,1165019
2024-01-11 09:30:00,31.34000015258789,31.5,31.229999542236328,31.2549991607666,31.2549991607666,490513
2024-01-11 10:00:00,31.25,31.29800033569336,31.145000457763672,31.2549991607666,31.2549991607666,847914
2024-01-11 10:30:00,31.2549991607666,31.334999084472656,31.15999984741211,31.229999542236328,31.229999542236328,683985
2024-01-11 11:00:00,31.235000610351562,31.30500030517578,31.18000030517578,31.204999923706055,31.204999923706055,300726
2024-01-11 11:30:00,31.209999084472656,31.2450008392334,31.139999389648438,31.21500015258789,31.21500015258789,262683
2024-01-11 12:00:00,31.21500015258789,31.25,31.18000030517578,31.190000534057617,31.190000534057617,179725
2024-01-11 12:30:00,31.184499740600586,31.199899673461914,31.06999969482422,31.139999389648438,31.139999389648438,514045
2024-01-11 13:00:00,31.139999389648438,31.200000762939453,31.125,31.149999618530273,31.149999618530273,126211
2024-01-11 13:30:00,31.155000686645508,31.155000686645508,31.030000686645508,31.114999771118164,31.114999771118164,169451
2024-01-11 14:00:00,31.114999771118164,31.15999984741211,31.05500030517578,31.1299991607666,31.1299991607666,181607
2024-01-11 14:30:00,31.125,31.15999984741211,31.09000015258789,31.145000457763672,31.145000457763672,302004
2024-01-11 15:00:00,31.149999618530273,31.15999984741211,31.06999969482422,31.06999969482422,31.06999969482422,659898
2024-01-11 15:30:00,31.075000762939453,31.190000534057617,31.06999969482422,31.15999984741211,31.15999984741211,1488670
2024-01-12 09:30:00,31.690000534057617,31.780000686645508,31.139999389648438,31.149999618530273,31.149999618530273,785804
2024-01-12 10:00:00,31.155000686645508,31.309999465942383,31.06999969482422,31.295000076293945,31.295000076293945,978793
2024-01-12 10:30:00,31.299999237060547,31.299999237060547,31.059999465942383,31.075000762939453,31.075000762939453,1334365
2024-01-12 11:00:00,31.079999923706055,31.104999542236328,30.8700008392334,31.0,31.0,782508
2024-01-12 11:30:00,30.989999771118164,31.059999465942383,30.954999923706055,31.049999237060547,31.049999237060547,558699
2024-01-12 12:00:00,31.045000076293945,31.139999389648438,31.030000686645508,31.1299991607666,31.1299991607666,838801
2024-01-12 12:30:00,31.135000228881836,31.200000762939453,31.040000915527344,31.059999465942383,31.059999465942383,1055658
2024-01-12 13:00:00,31.06999969482422,31.100000381469727,31.010000228881836,31.024999618530273,31.024999618530273,428086
2024-01-12 13:30:00,31.024999618530273,31.170000076293945,31.024999618530273,31.1299991607666,31.1299991607666,248195
2024-01-12 14:00:00,31.1200008392334,31.25,31.094999313354492,31.2450008392334,31.2450008392334,324090
2024-01-12 14:30:00,31.2450008392334,31.344999313354492,31.21500015258789,31.30500030517578,31.30500030517578,579301
2024-01-12 15:00:00,31.30500030517578,31.360000610351562,31.280000686645508,31.354999542236328,31.354999542236328,495018
2024-01-12 15:30:00,31.360000610351562,31.510000228881836,31.290000915527344,31.5049991607666,31.5049991607666,2152769
2024-01-16 09:30:00,31.31999969482422,31.40999984741211,31.100000381469727,31.18000030517578,31.18000030517578,529599
2024-01-16 10:00:00,31.174999237060547,31.2549991607666,31.139999389648438,31.200000762939453,31.200000762939453,567044
2024-01-16 10:30:00,31.19499969482422,31.229999542236328,31.094999313354492,31.104999542236328,31.104999542236328,386802
2024-01-16 11:00:00,31.104999542236328,31.110000610351562,30.940000534057617,30.950000762939453,30.950000762939453,442549
2024-01-16 11:30:00,30.950000762939453,31.065000534057617,30.934999465942383,30.934999465942383,30.934999465942383,262619
2024-01-16 12:00:00,30.93000030517578,30.93000030517578,30.850000381469727,30.8799991607666,30.8799991607666,397024
2024-01-16 12:30:00,30.875,30.90999984741211,30.774999618530273,30.8799991607666,30.8799991607666,377346
2024-01-16 13:00:00,30.875,30.954999923706055,30.864999771118164,30.917400360107422,30.917400360107422,267996
2024-01-16 13:30:00,30.920000076293945,30.920000076293945,30.690000534057617,30.735000610351562,30.735000610351562,190333
2024-01-16 14:00:00,30.735000610351562,30.799999237060547,30.68000030517578,30.739999771118164,30.739999771118164,175624
2024-01-16 14:30:00,30.739999771118164,30.809999465942383,30.719999313354492,30.75,30.75,303648
2024-01-16 15:00:00,30.7450008392334,30.780000686645508,30.670000076293945,30.674999237060547,30.674999237060547,498638
2024-01-16 15:30:00,30.674999237060547,30.700000762939453,30.614999771118164,30.670000076293945,30.670000076293945,1100715
2024-01-17 09:30:00,30.312000274658203,30.770000457763672,30.135000228881836,30.719999313354492,30.719999313354492,550309
2024-01-17 10:00:00,30.71500015258789,30.90999984741211,30.700000762939453,30.799999237060547,30.799999237060547,511332
2024-01-17 10:30:00,30.799999237060547,30.915000915527344,30.700000762939453,30.719999313354492,30.719999313354492,377185
2024-01-17 11:00:00,30.719999313354492,30.889999389648438,30.719999313354492,30.860000610351562,30.860000610351562,305143
2024-01-17 11:30:00,30.8799991607666,30.920000076293945,30.799999237060547,30.825000762939453,30.825000762939453,293123
2024-01-17 12:00:00,30.81999969482422,30.84000015258789,30.780000686645508,30.809999465942383,30.809999465942383,183545
2024-01-17 12:30:00,30.809999465942383,30.850000381469727,30.78499984741211,30.790000915527344,30.790000915527344,181822
2024-01-17 13:00:00,30.782400131225586,30.84000015258789,30.75,30.774999618530273,30.774999618530273,241098
2024-01-17 13:30:00,30.780000686645508,30.84000015258789,30.71500015258789,30.84000015258789,30.84000015258789,320230
2024-01-17 14:00:00,30.84000015258789,30.920000076293945,30.809999465942383,30.864999771118164,30.864999771118164,278281
2024-01-17 14:30:00,30.864999771118164,30.889999389648438,30.809999465942383,30.860000610351562,30.860000610351562,263329
2024-01-17 15:00:00,30.854999542236328,30.860000610351562,30.670000076293945,30.700000762939453,30.700000762939453,304411
2024-01-17 15:30:00,30.69499969482422,30.84000015258789,30.670000076293945,30.780000686645508,30.780000686645508,1284815
2024-01-18 09:30:00,30.729999542236328,30.924999237060547,30.639999389648438,30.700000762939453,30.700000762939453,523523
2024-01-18 10:00:00,30.690000534057617,30.864999771118164,30.68000030517578,30.7450008392334,30.7450008392334,381630
2024-01-18 10:30:00,30.739999771118164,30.760000228881836,30.56999969482422,30.56999969482422,30.56999969482422,262439
2024-01-18 11:00:00,30.56999969482422,30.764999389648438,30.510000228881836,30.75,30.75,351504
2024-01-18 11:30:00,30.760000228881836,30.829999923706055,30.725000381469727,30.81999969482422,30.81999969482422,195010
2024-01-18 12:00:00,30.825000762939453,30.854999542236328,30.764999389648438,30.799999237060547,30.799999237060547,215948
2024-01-18 12:30:00,30.790000915527344,30.8799991607666,30.760000228881836,30.764999389648438,30.764999389648438,164332
2024-01-18 13:00:00,30.770000457763672,30.770000457763672,30.665000915527344,30.719999313354492,30.719999313354492,184472
2024-01-18 13:30:00,30.719999313354492,30.829999923706055,30.71500015258789,30.799999237060547,30.799999237060547,143665
2024-01-18 14:00:00,30.799999237060547,30.8799991607666,30.799999237060547,30.869300842285156,30.869300842285156,178890
2024-01-18 14:30:00,30.8700008392334,30.889999389648438,30.780000686645508,30.8799991607666,30.8799991607666,197880
2024-01-18 15:00:00,30.889999389648438,30.905000686645508,30.844999313354492,30.899999618530273,30.899999618530273,288332
2024-01-18 15:30:00,30.90999984741211,30.979999542236328,30.860000610351562,30.8700008392334,30.8700008392334,951926
2024-01-19 09:30:00,30.989999771118164,31.0,30.735000610351562,30.950000762939453,30.950000762939453,963800
2024-01-19 10:00:00,30.959999084472656,31.010000228881836,30.6299991607666,30.6299991607666,30.6299991607666,272083
2024-01-19 10:30:00,30.639999389648438,30.834999084472656,30.625,30.829999923706055,30.829999923706055,283127
2024-01-19 11:00:00,30.829999923706055,30.8700008392334,30.739999771118164,30.7549991607666,30.7549991607666,230432
2024-01-19 11:30:00,30.75,30.78499984741211,30.649999618530273,30.684999465942383,30.684999465942383,891114
2024-01-19 12:00:00,30.690000534057617,30.690000534057617,30.579999923706055,30.6299991607666,30.6299991607666,303521
2024-01-19 12:30:00,30.639999389648438,30.65999984741211,30.584999084472656,30.645000457763672,30.645000457763672,259509
2024-01-19 13:00:00,30.645000457763672,30.770000457763672,30.600000381469727,30.764999389648438,30.764999389648438,423009
2024-01-19 13:30:00,30.770000457763672,30.78499984741211,30.645000457763672,30.7450008392334,30.7450008392334,403811
2024-01-19 14:00:00,30.739999771118164,30.829999923706055,30.719999313354492,30.795000076293945,30.795000076293945,578043
2024-01-19 14:30:00,30.799999237060547,30.825000762939453,30.735000610351562,30.760000228881836,30.760000228881836,424453
2024-01-19 15:00:00,30.760000228881836,30.825000762939453,30.700000762939453,30.7450008392334,30.7450008392334,492618
2024-01-19 15:30:00,30.739999771118164,30.739999771118164,30.670000076293945,30.700000762939453,30.700000762939453,1730220
2024-01-22 09:30:00,30.600000381469727,31.010000228881836,30.450000762939453,30.940000534057617,30.940000534057617,639859
2024-01-22 10:00:00,30.934999465942383,31.024999618530273,30.844999313354492,30.93000030517578,30.93000030517578,498757
2024-01-22 10:30:00,30.934999465942383,30.969999313354492,30.860000610351562,30.934999465942383,30.934999465942383,624126
2024-01-22 11:00:00,30.934999465942383,30.954999923706055,30.860000610351562,30.934999465942383,30.934999465942383,278649
2024-01-22 11:30:00,30.940000534057617,31.010000228881836,30.8799991607666,30.985000610351562,30.985000610351562,368750
2024-01-22 12:00:00,30.989999771118164,31.0,30.864999771118164,30.920000076293945,30.920000076293945,189576
2024-01-22 12:30:00,30.90999984741211,31.0,30.895000457763672,30.96500015258789,30.96500015258789,283896
2024-01-22 13:00:00,30.969999313354492,31.145000457763672,30.950000762939453,31.045000076293945,31.045000076293945,366611
2024-01-22 13:30:00,31.040000915527344,31.114999771118164,31.014999389648438,31.079999923706055,31.079999923706055,233947
2024-01-22 14:00:00,31.084999084472656,31.084999084472656,30.975000381469727,31.014999389648438,31.014999389648438,224965
2024-01-22 14:30:00,31.014999389648438,31.040000915527344,30.93000030517578,30.93000030517578,30.93000030517578,300538
2024-01-22 15:00:00,30.934999465942383,31.0,30.895000457763672,30.975000381469727,30.975000381469727,422176
2024-01-22 15:30:00,30.975000381469727,31.014999389648438,30.93000030517578,30.989999771118164,30.989999771118164,1201162
2024-01-23 09:30:00,30.760000228881836,31.450000762939453,30.760000228881836,31.395000457763672,31.395000457763672,811159
2024-01-23 10:00:00,31.399999618530273,31.65999984741211,31.3700008392334,31.549999237060547,31.549999237060547,800836
2024-01-23 10:30:00,31.549999237060547,31.549999237060547,31.15999984741211,31.21500015258789,31.21500015258789,994792
2024-01-23 11:00:00,31.219999313354492,31.389999389648438,31.18000030517578,31.329999923706055,31.329999923706055,430950
2024-01-23 11:30:00,31.329999923706055,31.3700008392334,31.2549991607666,31.2549991607666,31.2549991607666,314363
2024-01-23 12:00:00,31.2549991607666,31.290000915527344,31.204999923706055,31.21500015258789,31.21500015258789,453006
2024-01-23 12:30:00,31.21500015258789,31.229999542236328,31.100000381469727,31.190000534057617,31.190000534057617,398024
2024-01-23 13:00:00,31.190000534057617,31.280000686645508,31.149999618530273,31.274999618530273,31.274999618530273,987805
2024-01-23 13:30:00,31.274999618530273,31.40999984741211,31.254499435424805,31.34000015258789,31.34000015258789,1631459
2024-01-23 14:00:00,31.329999923706055,31.360000610351562,31.280000686645508,31.295000076293945,31.295000076293945,428799
2024-01-23 14:30:00,31.290000915527344,31.360000610351562,31.2549991607666,31.30500030517578,31.30500030517578,607437
2024-01-23 15:00:00,31.30500030517578,31.475000381469727,31.28499984741211,31.475000381469727,31.475000381469727,792704
2024-01-23 15:30:00,31.469999313354492,31.530000686645508,31.3700008392334,31.510000228881836,31.510000228881836,2074914
2024-01-24 09:30:00,30.25,31.100000381469727,29.65999984741211,29.68000030517578,29.68000030517578,3559054
2024-01-24 10:00:00,29.670000076293945,30.635000228881836,29.665000915527344,30.299999237060547,30.299999237060547,2705775
2024-01-24 10:30:00,30.299999237060547,30.8799991607666,30.299999237060547,30.514999389648438,30.514999389648438,1442635
2024-01-24 11:00:00,30.520000457763672,30.600000381469727,30.385000228881836,30.524999618530273,30.524999618530273,882707
2024-01-24 11:30:00,30.524999618530273,30.65999984741211,30.5,30.635000228881836,30.635000228881836,610521
2024-01-24 12:00:00,30.635000228881836,30.645000457763672,30.364999771118164,30.475000381469727,30.475000381469727,638422
2024-01-24 12:30:00,30.475000381469727,30.610000610351562,30.385000228881836,30.584999084472656,30.584999084472656,567295
2024-01-24 13:00:00,30.59000015258789,30.594999313354492,30.204999923706055,30.28499984741211,30.28499984741211,706575
2024-01-24 13:30:00,30.28059959411621,30.290000915527344,29.81100082397461,29.844999313354492,29.844999313354492,827076
2024-01-24 14:00:00,29.844999313354492,29.8700008392334,29.725000381469727,29.795000076293945,29.795000076293945,802682
2024-01-24 14:30:00,29.799999237060547,30.020000457763672,29.799999237060547,30.010000228881836,30.010000228881836,668033
2024-01-24 15:00:00,30.0049991607666,30.170000076293945,30.0,30.084999084472656,30.084999084472656,1128627
2024-01-24 15:30:00,30.084999084472656,30.139999389648438,30.0,30.049999237060547,30.049999237060547,2585048
2024-01-25 09:30:00,30.459999084472656,30.59000015258789,30.229999542236328,30.34000015258789,30.34000015258789,1441399
2024-01-25 10:00:00,30.34000015258789,30.3799991607666,30.0,30.094999313354492,30.094999313354492,858238
2024-01-25 10:30:00,30.100000381469727,30.1299991607666,29.7549991607666,29.780000686645508,29.780000686645508,809158
2024-01-25 11:00:00,29.78499984741211,30.0,29.75,29.93000030517578,29.93000030517578,857387
2024-01-25 11:30:00,29.920000076293945,29.969999313354492,29.825000762939453,29.825000762939453,29.825000762939453,718463
2024-01-25 12:00:00,29.829999923706055,29.864999771118164,29.714799880981445,29.795000076293945,29.795000076293945,1677371
2024-01-25 12:30:00,29.795000076293945,29.959999084472656,29.795000076293945,29.895000457763672,29.895000457763672,1043239
2024-01-25 13:00:00,29.895000457763672,30.024999618530273,29.875,30.0049991607666,30.0049991607666,1986208
2024-01-25 13:30:00,30.010000228881836,30.190000534057617,29.989999771118164,30.135000228881836,30.135000228881836,3179488
2024-01-25 14:00:00,30.135000228881836,30.479999542236328,30.110000610351562,30.44499969482422,30.44499969482422,1730195
2024-01-25 14:30:00,30.44499969482422,30.600000381469727,30.354999542236328,30.399999618530273,30.399999618530273,1209279
2024-01-25 15:00:00,30.395000457763672,30.524999618530273,30.325000762939453,30.3799991607666,30.3799991607666,1159924
2024-01-25 15:30:00,30.3700008392334,30.385000228881836,30.260000228881836,30.309999465942383,30.309999465942383,2555528
2024-01-26 09:30:00,30.260000228881836,30.399999618530273,30.049999237060547,30.295000076293945,30.295000076293945,865863
2024-01-26 10:00:00,30.295000076293945,30.375,30.15999984741211,30.344999313354492,30.344999313354492,1021453
2024-01-26 10:30:00,30.344999313354492,30.485000610351562,30.29010009765625,30.30500030517578,30.30500030517578,1005444
2024-01-26 11:00:00,30.299999237060547,30.31999969482422,30.020000457763672,30.153099060058594,30.153099060058594,751394
2024-01-26 11:30:00,30.149999618530273,30.18000030517578,30.0,30.030000686645508,30.030000686645508,807719
2024-01-26 12:00:00,30.020000457763672,30.020000457763672,29.850000381469727,30.0,30.0,981213
2024-01-26 12:30:00,30.0,30.235000610351562,30.0,30.155000686645508,30.155000686645508,383535
2024-01-26 13:00:00,30.149999618530273,30.25,30.05500030517578,30.190000534057617,30.190000534057617,587111
2024-01-26 13:30:00,30.19499969482422,30.2549991607666,30.170000076293945,30.190000534057617,30.190000534057617,335851
2024-01-26 14:00:00,30.190000534057617,30.25,30.18000030517578,30.204999923706055,30.204999923706055,490963
2024-01-26 14:30:00,30.204999923706055,30.309999465942383,30.204999923706055,30.290000915527344,30.290000915527344,546100
2024-01-26 15:00:00,30.290000915527344,30.459999084472656,30.28499984741211,30.389999389648438,30.389999389648438,756719
2024-01-26 15:30:00,30.395000457763672,30.59000015258789,30.385000228881836,30.475000381469727,30.475000381469727,1553395
2024-01-29 09:30:00,30.26180076599121,30.315000534057617,29.885000228881836,30.030000686645508,30.030000686645508,700558
2024-01-29 10:00:00,30.03499984741211,30.15999984741211,29.985000610351562,30.014999389648438,30.014999389648438,645040
2024-01-29 10:30:00,30.014999389648438,30.09000015258789,29.93000030517578,29.94499969482422,29.94499969482422,788975
2024-01-29 11:00:00,29.949800491333008,30.15999984741211,29.94499969482422,30.100000381469727,30.100000381469727,354137
2024-01-29 11:30:00,30.100000381469727,30.135000228881836,30.020000457763672,30.040000915527344,30.040000915527344,289633
2024-01-29 12:00:00,30.040000915527344,30.049999237060547,29.905000686645508,29.915000915527344,29.915000915527344,651223
2024-01-29 12:30:00,29.90999984741211,29.940000534057617,29.834999084472656,29.915000915527344,29.915000915527344,639835
2024-01-29 13:00:00,29.915000915527344,29.969999313354492,29.875,29.889999389648438,29.889999389648438,427835
2024-01-29 13:30:00,29.895000457763672,29.93000030517578,29.825000762939453,29.829999923706055,29.829999923706055,940459
2024-01-29 14:00:00,29.834999084472656,29.985000610351562,29.834999084472656,29.969999313354492,29.969999313354492,640856
2024-01-29 14:30:00,29.975000381469727,30.020000457763672,29.96500015258789,30.0,30.0,399305
2024-01-29 15:00:00,30.010000228881836,30.09000015258789,29.989999771118164,30.0049991607666,30.0049991607666,1320197
2024-01-29 15:30:00,30.0049991607666,30.020000457763672,29.94499969482422,30.0049991607666,30.0049991607666,2133728
2024-01-30 09:30:00,28.739999771118164,29.06999969482422,28.350000381469727,28.790000915527344,28.790000915527344,4804058
2024-01-30 10:00:00,28.799999237060547,28.940000534057617,28.34000015258789,28.524999618530273,28.524999618530273,2308152
2024-01-30 10:30:00,28.530000686645508,28.704999923706055,28.46500015258789,28.579999923706055,28.579999923706055,2427830
2024-01-30 11:00:00,28.579999923706055,28.985000610351562,28.579999923706055,28.985000610351562,28.985000610351562,959544
2024-01-30 11:30:00,28.979999542236328,29.239999771118164,28.97800064086914,29.15999984741211,29.15999984741211,929286
2024-01-30 12:00:00,29.15999984741211,29.15999984741211,28.9950008392334,29.110000610351562,29.110000610351562,1604766
2024-01-30 12:30:00,29.1200008392334,29.18000030517578,29.0049991607666,29.045000076293945,29.045000076293945,609384
2024-01-30 13:00:00,29.045000076293945,29.125,29.0,29.059999465942383,29.059999465942383,685073
2024-01-30 13:30:00,29.065000534057617,29.3700008392334,29.049999237060547,29.3700008392334,29.3700008392334,688208
2024-01-30 14:00:00,29.3700008392334,29.459999084472656,29.34000015258789,29.385000228881836,29.385000228881836,677299
2024-01-30 14:30:00,29.385000228881836,29.440000534057617,29.309999465942383,29.424999237060547,29.424999237060547,495800
2024-01-30 15:00:00,29.420000076293945,29.524999618530273,29.3700008392334,29.479999542236328,29.479999542236328,1512973
2024-01-30 15:30:00,29.489999771118164,29.524999618530273,29.280000686645508,29.329999923706055,29.329999923706055,3895656
2024-01-31 09:30:00,29.43000030517578,29.489999771118164,28.670000076293945,28.708999633789062,28.708999633789062,752055
2024-01-31 10:00:00,28.700000762939453,28.860000610351562,28.6299991607666,28.850000381469727,28.850000381469727,405267
2024-01-31 10:30:00,28.844999313354492,28.899999618530273,28.7549991607666,28.84000015258789,28.84000015258789,437906
2024-01-31 11:00:00,28.849000930786133,28.90999984741211,28.799999237060547,28.90999984741211,28.90999984741211,306827
2024-01-31 11:30:00,28.90999984741211,28.915000915527344,28.684999465942383,28.770000457763672,28.770000457763672,289552
2024-01-31 12:00:00,28.770000457763672,28.850000381469727,28.665000915527344,28.844999313354492,28.844999313354492,536814
2024-01-31 12:30:00,28.844999313354492,28.934999465942383,28.81999969482422,28.850000381469727,28.850000381469727,434019
2024-01-31 13:00:00,28.850000381469727,28.860000610351562,28.75,28.780000686645508,28.780000686645508,327320
2024-01-31 13:30:00,28.780000686645508,28.80229949951172,28.739999771118164,28.78499984741211,28.78499984741211,262275
2024-01-31 14:00:00,28.790000915527344,28.850000381469727,28.670000076293945,28.709999084472656,28.709999084472656,441102
2024-01-31 14:30:00,28.709999084472656,28.875,28.65999984741211,28.709999084472656,28.709999084472656,647251
2024-01-31 15:00:00,28.704999923706055,28.735000610351562,28.549999237060547,28.61750030517578,28.61750030517578,585547
2024-01-31 15:30:00,28.610000610351562,28.610000610351562,28.43000030517578,28.489999771118164,28.489999771118164,2069136
2024-02-01 09:30:00,28.65999984741211,28.8799991607666,28.6299991607666,28.739999771118164,28.739999771118164,713159
2024-02-01 10:00:00,28.729999542236328,28.75,28.489999771118164,28.55500030517578,28.55500030517578,422047
2024-02-01 10:30:00,28.55500030517578,28.559999465942383,28.3700008392334,28.5049991607666,28.5049991607666,424874
2024-02-01 11:00:00,28.510000228881836,28.56999969482422,28.420000076293945,28.565000534057617,28.565000534057617,391683
2024-02-01 11:30:00,28.565000534057617,28.655000686645508,28.55500030517578,28.625,28.625,398918
2024-02-01 12:00:00,28.6299991607666,28.78499984741211,28.6200008392334,28.764999389648438,28.764999389648438,359435
2024-02-01 12:30:00,28.764999389648438,28.799999237060547,28.459999084472656,28.540000915527344,28.540000915527344,453866
2024-02-01 13:00:00,28.540000915527344,28.770000457763672,28.5049991607666,28.739999771118164,28.739999771118164,319744
2024-02-01 13:30:00,28.739999771118164,28.860000610351562,28.670000076293945,28.68000030517578,28.68000030517578,355214
2024-02-01 14:00:00,28.68000030517578,28.725000381469727,28.56999969482422,28.575000762939453,28.575000762939453,487820
2024-02-01 14:30:00,28.579999923706055,28.729999542236328,28.530000686645508,28.674999237060547,28.674999237060547,607164
2024-02-01 15:00:00,28.674999237060547,28.690000534057617,28.540000915527344,28.55500030517578,28.55500030517578,1137297
2024-02-01 15:30:00,28.549999237060547,28.639999389648438,28.5,28.625,28.625,1694732
2024-02-02 09:30:00,28.700000762939453,28.860000610351562,28.580699920654297,28.709999084472656,28.709999084472656,893840
2024-02-02 10:00:00,28.709999084472656,29.059999465942383,28.690000534057617,28.975000381469727,28.975000381469727,946597
2024-02-02 10:30:00,28.975000381469727,29.110000610351562,28.895000457763672,28.9950008392334,28.9950008392334,947279
2024-02-02 11:00:00,28.9950008392334,29.030000686645508,28.790000915527344,28.885000228881836,28.885000228881836,569921
2024-02-02 11:30:00,28.889999389648438,28.915000915527344,28.770000457763672,28.8799991607666,28.8799991607666,414878
2024-02-02 12:00:00,28.8799991607666,28.895000457763672,28.7549991607666,28.795000076293945,28.795000076293945,273347
2024-02-02 12:30:00,28.799999237060547,28.850000381469727,28.690000534057617,28.844999313354492,28.844999313354492,601318
2024-02-02 13:00:00,28.844999313354492,29.0,28.81999969482422,28.934999465942383,28.934999465942383,404947
2024-02-02 13:30:00,28.93000030517578,29.040000915527344,28.90999984741211,28.985000610351562,28.985000610351562,759905
2024-02-02 14:00:00,28.989999771118164,29.125,28.979999542236328,29.114999771118164,29.114999771118164,516045
2024-02-02 14:30:00,29.114999771118164,29.139999389648438,29.03499984741211,29.06999969482422,29.06999969482422,501335
2024-02-02 15:00:00,29.079999923706055,29.1200008392334,29.030000686645508,29.065000534057617,29.065000534057617,1325278
2024-02-02 15:30:00,29.065000534057617,29.079999923706055,28.950000762939453,28.979999542236328,28.979999542236328,2661863
2024-02-05 09:30:00,28.68000030517578,28.774999618530273,28.5,28.56999969482422,28.56999969482422,840024
2024-02-05 10:00:00,28.549999237060547,28.579999923706055,28.31999969482422,28.390100479125977,28.390100479125977,665088
2024-02-05 10:30:00,28.395000457763672,28.524999618530273,28.3700008392334,28.524999618530273,28.524999618530273,439197
2024-02-05 11:00:00,28.530000686645508,28.7450008392334,28.5,28.655000686645508,28.655000686645508,495748
2024-02-05 11:30:00,28.65999984741211,28.735000610351562,28.65999984741211,28.735000610351562,28.735000610351562,337682
2024-02-05 12:00:00,28.735000610351562,28.809999465942383,28.709999084472656,28.78499984741211,28.78499984741211,320877
2024-02-05 12:30:00,28.790000915527344,28.889999389648438,28.770000457763672,28.885000228881836,28.885000228881836,391373
2024-02-05 13:00:00,28.8799991607666,28.940000534057617,28.844999313354492,28.885000228881836,28.885000228881836,416544
2024-02-05 13:30:00,28.860000610351562,28.915000915527344,28.790000915527344,28.80500030517578,28.80500030517578,411884
2024-02-05 14:00:00,28.80500030517578,28.834999084472656,28.78499984741211,28.815000534057617,28.815000534057617,280124
2024-02-05 14:30:00,28.809999465942383,28.93000030517578,28.809999465942383,28.844999313354492,28.844999313354492,408386
2024-02-05 15:00:00,28.844999313354492,28.90999984741211,28.799999237060547,28.8799991607666,28.8799991607666,653370
2024-02-05 15:30:00,28.885000228881836,28.905000686645508,28.760000228881836,28.795000076293945,28.795000076293945,1788512
2024-02-06 09:30:00,28.860000610351562,29.2450008392334,28.790000915527344,29.190000534057617,29.190000534057617,2888316
2024-02-06 10:00:00,29.200000762939453,29.44499969482422,29.114999771118164,29.44499969482422,29.44499969482422,609815
2024-02-06 10:30:00,29.44499969482422,29.5,29.299999237060547,29.31999969482422,29.31999969482422,595910
2024-02-06 11:00:00,29.325000762939453,29.3799991607666,29.2549991607666,29.30500030517578,29.30500030517578,1141725
2024-02-06 11:30:00,29.309999465942383,29.510000228881836,29.30500030517578,29.454999923706055,29.454999923706055,508854
2024-02-06 12:00:00,29.46500015258789,29.545000076293945,29.389999389648438,29.389999389648438,29.389999389648438,564197
2024-02-06 12:30:00,29.389999389648438,29.510000228881836,29.389999389648438,29.399999618530273,29.399999618530273,455031
2024-02-06 13:00:00,29.395000457763672,29.420000076293945,29.354999542236328,29.395000457763672,29.395000457763672,451991
2024-02-06 13:30:00,29.395000457763672,29.6200008392334,29.395000457763672,29.59000015258789,29.59000015258789,435455
2024-02-06 14:00:00,29.59000015258789,29.614999771118164,29.40999984741211,29.459999084472656,29.459999084472656,407969
2024-02-06 14:30:00,29.469999313354492,29.475000381469727,29.344999313354492,29.405000686645508,29.405000686645508,429525
2024-02-06 15:00:00,29.40999984741211,29.459999084472656,29.329999923706055,29.350000381469727,29.350000381469727,745366
2024-02-06 15:30:00,29.344999313354492,29.40999984741211,29.31999969482422,29.389999389648438,29.389999389648438,1700323
2024-02-07 09:30:00,29.469999313354492,29.690000534057617,29.235000610351562,29.299999237060547,29.299999237060547,718012
2024-02-07 10:00:00,29.299999237060547,29.364999771118164,29.165000915527344,29.350000381469727,29.350000381469727,514223
2024-02-07 10:30:00,29.350000381469727,29.395000457763672,29.274999618530273,29.325000762939453,29.325000762939453,495395
2024-02-07 11:00:00,29.334999084472656,29.3700008392334,29.274999618530273,29.280000686645508,29.280000686645508,477085
2024-02-07 11:30:00,29.290000915527344,29.309999465942383,29.229999542236328,29.239999771118164,29.239999771118164,455051
2024-02-07 12:00:00,29.229999542236328,29.309999465942383,29.200000762939453,29.2450008392334,29.2450008392334,298435
2024-02-07 12:30:00,29.2450008392334,29.280000686645508,29.19499969482422,29.280000686645508,29.280000686645508,291406
2024-02-07 13:00:00,29.280000686645508,29.329999923706055,29.229999542236328,29.2549991607666,29.2549991607666,277475
2024-02-07 13:30:00,29.260000228881836,29.274999618530273,29.200000762939453,29.225000381469727,29.225000381469727,199501
2024-02-07 14:00:00,29.229999542236328,29.239999771118164,29.174999237060547,29.225000381469727,29.225000381469727,316099
2024-02-07 14:30:00,29.229999542236328,29.2450008392334,29.1299991607666,29.155000686645508,29.155000686645508,320066
2024-02-07 15:00:00,29.155000686645508,29.260000228881836,29.114999771118164,29.145000457763672,29.145000457763672,978109
2024-02-07 15:30:00,29.145000457763672,29.225000381469727,29.09000015258789,29.110000610351562,29.110000610351562,1798940
2024-02-08 09:30:00,29.049999237060547,29.334999084472656,29.049999237060547,29.225000381469727,29.225000381469727,556964
2024-02-08 10:00:00,29.225000381469727,29.454999923706055,29.219999313354492,29.360000610351562,29.360000610351562,564232
2024-02-08 10:30:00,29.3700008392334,29.424999237060547,29.239999771118164,29.295000076293945,29.295000076293945,396498
2024-02-08 11:00:00,29.290000915527344,29.295000076293945,29.110000610351562,29.110000610351562,29.110000610351562,425301
2024-02-08 11:30:00,29.114999771118164,29.204999923706055,29.079999923706055,29.184999465942383,29.184999465942383,273494
2024-02-08 12:00:00,29.184999465942383,29.21500015258789,29.104999542236328,29.110000610351562,29.110000610351562,343785
2024-02-08 12:30:00,29.1200008392334,29.1200008392334,29.049999237060547,29.110000610351562,29.110000610351562,307211
2024-02-08 13:00:00,29.110000610351562,29.200000762939453,28.989999771118164,29.024999618530273,29.024999618530273,572413
2024-02-08 13:30:00,29.024999618530273,29.209999084472656,29.0049991607666,29.204999923706055,29.204999923706055,639522
2024-02-08 14:00:00,29.200000762939453,29.30500030517578,29.200000762939453,29.28499984741211,29.28499984741211,629506
2024-02-08 14:30:00,29.28499984741211,29.385000228881836,29.2549991607666,29.350000381469727,29.350000381469727,652935
2024-02-08 15:00:00,29.354999542236328,29.399999618530273,29.30500030517578,29.30500030517578,29.30500030517578,932338
2024-02-08 15:30:00,29.30500030517578,29.364999771118164,29.274999618530273,29.31999969482422,29.31999969482422,1497276
2024-02-09 09:30:00,29.309999465942383,29.459999084472656,29.219999313354492,29.34000015258789,29.34000015258789,476503
2024-02-09 10:00:00,29.334999084472656,29.3700008392334,29.155000686645508,29.25,29.25,414042
2024-02-09 10:30:00,29.239999771118164,29.260000228881836,29.1200008392334,29.145000457763672,29.145000457763672,495919
2024-02-09 11:00:00,29.149999618530273,29.155000686645508,29.049999237060547,29.05500030517578,29.05500030517578,469133
2024-02-09 11:30:00,29.059999465942383,29.06999969482422,28.950000762939453,28.989999771118164,28.989999771118164,303985
2024-02-09 12:00:00,29.0,29.020000457763672,28.950000762939453,28.96500015258789,28.96500015258789,340369
2024-02-09 12:30:00,28.96500015258789,28.969999313354492,28.829999923706055,28.899999618530273,28.899999618530273,387509
2024-02-09 13:00:00,28.905000686645508,29.079999923706055,28.889999389648438,29.075000762939453,29.075000762939453,343027
2024-02-09 13:30:00,29.075000762939453,29.149999618530273,29.065000534057617,29.137100219726562,29.137100219726562,278677
2024-02-09 14:00:00,29.135000228881836,29.18000030517578,29.114999771118164,29.145000457763672,29.145000457763672,280611
2024-02-09 14:30:00,29.149999618530273,29.156999588012695,28.960500717163086,28.96500015258789,28.96500015258789,490496
2024-02-09 15:00:00,28.96310043334961,30.0,28.934999465942383,29.114999771118164,29.114999771118164,741045
2024-02-09 15:30:00,29.114999771118164,29.135000228881836,29.010000228881836,29.059999465942383,29.059999465942383,1250956
2024-02-12 09:30:00,28.979999542236328,29.424999237060547,28.950000762939453,29.28499984741211,29.28499984741211,774916
2024-02-12 10:00:00,29.28499984741211,29.3799991607666,29.235000610351562,29.315000534057617,29.315000534057617,363342
2024-02-12 10:30:00,29.31999969482422,29.375,29.290000915527344,29.30500030517578,29.30500030517578,424284
2024-02-12 11:00:00,29.30500030517578,29.375,29.270000457763672,29.344999313354492,29.344999313354492,388691
2024-02-12 11:30:00,29.344999313354492,29.545000076293945,29.325000762939453,29.520000457763672,29.520000457763672,351764
2024-02-12 12:00:00,29.520000457763672,29.540000915527344,29.469999313354492,29.520000457763672,29.520000457763672,352730
2024-02-12 12:30:00,29.524999618530273,29.524999618530273,29.43000030517578,29.482099533081055,29.482099533081055,259578
2024-02-12 13:00:00,29.485000610351562,29.514999389648438,29.454999923706055,29.459999084472656,29.459999084472656,1151109
2024-02-12 13:30:00,29.459999084472656,29.594999313354492,29.459999084472656,29.55500030517578,29.55500030517578,371279
2024-02-12 14:00:00,29.55500030517578,29.59000015258789,29.510000228881836,29.549999237060547,29.549999237060547,370309
2024-02-12 14:30:00,29.549999237060547,29.549999237060547,29.479999542236328,29.514999389648438,29.514999389648438,511850
2024-02-12 15:00:00,29.520000457763672,29.559999465942383,29.46500015258789,29.46500015258789,29.46500015258789,566342
2024-02-12 15:30:00,29.469999313354492,29.5,29.43000030517578,29.489999771118164,29.489999771118164,1111250
2024-02-13 09:30:00,29.43000030517578,29.549999237060547,29.09000015258789,29.09000015258789,29.09000015258789,556482
2024-02-13 10:00:00,29.084999084472656,29.18000030517578,28.80500030517578,28.829999923706055,28.829999923706055,448647
2024-02-13 10:30:00,28.81999969482422,28.969999313354492,28.700000762939453,28.959999084472656,28.959999084472656,557974
2024-02-13 11:00:00,28.96500015258789,29.100000381469727,28.915000915527344,29.059999465942383,29.059999465942383,389369
2024-02-13 11:30:00,29.065000534057617,29.170000076293945,29.024999618530273,29.045000076293945,29.045000076293945,303404
2024-02-13 12:00:00,29.049999237060547,29.110000610351562,29.024999618530273,29.045000076293945,29.045000076293945,232256
2024-02-13 12:30:00,29.045000076293945,29.106800079345703,29.020000457763672,29.024999618530273,29.024999618530273,203590
2024-02-13 13:00:00,29.020000457763672,29.05500030517578,28.940000534057617,28.9950008392334,28.9950008392334,236763
2024-02-13 13:30:00,28.9950008392334,29.0,28.93000030517578,28.967199325561523,28.967199325561523,220111
2024-02-13 14:00:00,28.959999084472656,28.969999313354492,28.889999389648438,28.93000030517578,28.93000030517578,241720
2024-02-13 14:30:00,28.93000030517578,28.959999084472656,28.770000457763672,28.780000686645508,28.780000686645508,307474
2024-02-13 15:00:00,28.780000686645508,28.78499984741211,28.704999923706055,28.78499984741211,28.78499984741211,435537
2024-02-13 15:30:00,28.780000686645508,29.020000457763672,28.760000228881836,29.0049991607666,29.0049991607666,1389664
2024-02-14 09:30:00,29.200000762939453,29.21500015258789,29.030000686645508,29.190000534057617,29.190000534057617,218551
2024-02-14 10:00:00,29.184999465942383,29.21500015258789,28.975000381469727,28.975000381469727,28.975000381469727,279415
2024-02-14 10:30:00,28.979999542236328,29.0,28.780000686645508,28.989999771118164,28.989999771118164,228356
2024-02-14 11:00:00,28.989999771118164,29.0,28.905000686645508,28.989999771118164,28.989999771118164,200380
2024-02-14 11:30:00,28.989999771118164,29.014999389648438,28.934999465942383,28.954999923706055,28.954999923706055,246557
2024-02-14 12:00:00,28.950000762939453,28.950000762939453,28.760000228881836,28.774999618530273,28.774999618530273,674908
2024-02-14 12:30:00,28.774999618530273,28.81999969482422,28.719999313354492,28.80500030517578,28.80500030517578,301315
2024-02-14 13:00:00,28.809999465942383,28.844999313354492,28.690000534057617,28.729999542236328,28.729999542236328,247739
2024-02-14 13:30:00,28.739999771118164,28.8700008392334,28.730199813842773,28.7549991607666,28.7549991607666,222692
2024-02-14 14:00:00,28.7549991607666,28.815000534057617,28.68000030517578,28.80500030517578,28.80500030517578,216387
2024-02-14 14:30:00,28.809999465942383,28.875,28.760000228881836,28.795000076293945,28.795000076293945,237803
2024-02-14 15:00:00,28.795000076293945,28.795000076293945,28.700000762939453,28.709999084472656,28.709999084472656,335545
2024-02-14 15:30:00,28.71500015258789,28.860000610351562,28.6299991607666,28.829999923706055,28.829999923706055,1358640
2024-02-15 09:30:00,28.940000534057617,29.229999542236328,28.809999465942383,29.010000228881836,29.010000228881836,567570
2024-02-15 10:00:00,29.0049991607666,29.139999389648438,28.924999237060547,29.0,29.0,1030375
2024-02-15 10:30:00,28.975000381469727,29.0049991607666,28.790000915527344,28.809999465942383,28.809999465942383,817982
2024-02-15 11:00:00,28.808000564575195,29.014999389648438,28.80500030517578,28.924999237060547,28.924999237060547,758358
2024-02-15 11:30:00,28.915000915527344,29.110000610351562,28.91360092163086,29.03499984741211,29.03499984741211,589318
2024-02-15 12:00:00,29.030000686645508,29.06999969482422,28.9950008392334,29.024999618530273,29.024999618530273,500382
2024-02-15 12:30:00,29.030000686645508,29.065000534057617,28.975000381469727,29.0,29.0,376443
2024-02-15 13:00:00,29.0,29.149999618530273,28.985000610351562,29.145000457763672,29.145000457763672,367148
2024-02-15 13:30:00,29.145000457763672,29.184999465942383,28.9950008392334,29.045000076293945,29.045000076293945,738507
2024-02-15 14:00:00,29.045000076293945,29.209999084472656,29.040000915527344,29.200000762939453,29.200000762939453,877489
2024-02-15 14:30:00,29.200000762939453,29.3700008392334,29.200000762939453,29.360000610351562,29.360000610351562,575809
2024-02-15 15:00:00,29.3700008392334,29.389999389648438,29.209999084472656,29.2450008392334,29.2450008392334,875661
2024-02-15 15:30:00,29.2450008392334,29.270000457763672,29.1200008392334,29.204999923706055,29.204999923706055,1554845
2024-02-16 09:30:00,29.200000762939453,29.31999969482422,28.950000762939453,29.0,29.0,756023
2024-02-16 10:00:00,29.0049991607666,29.19499969482422,28.940000534057617,29.190000534057617,29.190000534057617,367899
2024-02-16 10:30:00,29.190000534057617,29.190000534057617,29.0,29.049999237060547,29.049999237060547,253665
2024-02-16 11:00:00,29.059999465942383,29.184999465942383,29.0,29.18000030517578,29.18000030517578,303035
2024-02-16 11:30:00,29.18899917602539,29.229999542236328,29.114999771118164,29.18000030517578,29.18000030517578,176181
2024-02-16 12:00:00,29.18000030517578,29.19499969482422,29.114999771118164,29.15999984741211,29.15999984741211,194790
2024-02-16 12:30:00,29.155000686645508,29.18000030517578,29.100000381469727,29.125,29.125,270885
2024-02-16 13:00:00,29.1200008392334,29.138900756835938,29.010000228881836,29.045000076293945,29.045000076293945,405164
2024-02-16 13:30:00,29.045000076293945,29.108699798583984,29.024999618530273,29.09000015258789,29.09000015258789,296018
2024-02-16 14:00:00,29.094999313354492,29.145000457763672,29.094999313354492,29.110000610351562,29.110000610351562,282528
2024-02-16 14:30:00,29.110000610351562,29.110000610351562,29.020000457763672,29.100000381469727,29.100000381469727,453253
2024-02-16 15:00:00,29.098400115966797,29.139999389648438,29.06999969482422,29.125,29.125,431284
2024-02-16 15:30:00,29.125,29.184999465942383,29.084999084472656,29.135000228881836,29.135000228881836,1821922
2024-02-20 09:30:00,28.860000610351562,28.985000610351562,28.65999984741211,28.975000381469727,28.975000381469727,862868
2024-02-20 10:00:00,28.975000381469727,29.06999969482422,28.954999923706055,28.975000381469727,28.975000381469727,489467
2024-02-20 10:30:00,28.979999542236328,29.0,28.760000228881836,28.885000228881836,28.885000228881836,586701
2024-02-20 11:00:00,28.8799991607666,28.94499969482422,28.84000015258789,28.8700008392334,28.8700008392334,215666
2024-02-20 11:30:00,28.8799991607666,29.040000915527344,28.8700008392334,29.030000686645508,29.030000686645508,292459
2024-02-20 12:00:00,29.030000686645508,29.040000915527344,28.959999084472656,29.0,29.0,308759
2024-02-20 12:30:00,28.989999771118164,28.989999771118164,28.829999923706055,28.8700008392334,28.8700008392334,219517
2024-02-20 13:00:00,28.8799991607666,29.010000228881836,28.875,28.96500015258789,28.96500015258789,248873
2024-02-20 13:30:00,28.959999084472656,28.979999542236328,28.93000030517578,28.959999084472656,28.959999084472656,162646
2024-02-20 14:00:00,28.954999923706055,29.01099967956543,28.920000076293945,28.969999313354492,28.969999313354492,381835
2024-02-20 14:30:00,28.962499618530273,29.010000228881836,28.959999084472656,28.969999313354492,28.969999313354492,248172
2024-02-20 15:00:00,28.96500015258789,29.0,28.940000534057617,28.9950008392334,28.9950008392334,253059
2024-02-20 15:30:00,29.0,29.09000015258789,28.954999923706055,29.049999237060547,29.049999237060547,1619400
2024-02-21 09:30:00,29.1299991607666,29.3799991607666,29.0,29.354999542236328,29.354999542236328,1685763
2024-02-21 10:00:00,29.357500076293945,29.360000610351562,29.170700073242188,29.334999084472656,29.334999084472656,534374
2024-02-21 10:30:00,29.329999923706055,29.399999618530273,29.30500030517578,29.309999465942383,29.309999465942383,398950
2024-02-21 11:00:00,29.31999969482422,29.364999771118164,29.239999771118164,29.239999771118164,29.239999771118164,340332
2024-02-21 11:30:00,29.239999771118164,29.34000015258789,29.225000381469727,29.325000762939453,29.325000762939453,343423
2024-02-21 12:00:00,29.329999923706055,29.329999923706055,29.274999618530273,29.295000076293945,29.295000076293945,289392
2024-02-21 12:30:00,29.290000915527344,29.30500030517578,29.170000076293945,29.19499969482422,29.19499969482422,270287
2024-02-21 13:00:00,29.200000762939453,29.219999313354492,29.104999542236328,29.219999313354492,29.219999313354492,633016
2024-02-21 13:30:00,29.219999313354492,29.290000915527344,29.184999465942383,29.25,29.25,417665
2024-02-21 14:00:00,29.25,29.31999969482422,29.1299991607666,29.160499572753906,29.160499572753906,450940
2024-02-21 14:30:00,29.15999984741211,29.219999313354492,29.094999313354492,29.18000030517578,29.18000030517578,713012
2024-02-21 15:00:00,29.184999465942383,29.190000534057617,29.125,29.174999237060547,29.174999237060547,455147
2024-02-21 15:30:00,29.174999237060547,29.3700008392334,29.174999237060547,29.350000381469727,29.350000381469727,1819889
2024-02-22 09:30:00,29.290000915527344,29.469999313354492,29.100000381469727,29.264999389648438,29.264999389648438,471460
2024-02-22 10:00:00,29.270000457763672,29.299999237060547,29.010000228881836,29.1200008392334,29.1200008392334,641448
2024-02-22 10:30:00,29.1200008392334,29.21500015258789,29.030000686645508,29.204999923706055,29.204999923706055,266542
2024-02-22 11:00:00,29.209999084472656,29.424999237060547,29.209999084472656,29.260000228881836,29.260000228881836,313921
2024-02-22 11:30:00,29.260000228881836,29.290000915527344,29.149999618530273,29.209999084472656,29.209999084472656,387204
2024-02-22 12:00:00,29.21500015258789,29.270000457763672,29.1200008392334,29.170000076293945,29.170000076293945,579511
2024-02-22 12:30:00,29.170000076293945,29.290000915527344,29.139999389648438,29.260000228881836,29.260000228881836,297516
2024-02-22 13:00:00,29.252500534057617,29.270000457763672,29.190000534057617,29.219999313354492,29.219999313354492,271153
2024-02-22 13:30:00,29.225000381469727,29.270000457763672,29.139999389648438,29.25,29.25,305050
2024-02-22 14:00:00,29.2549991607666,29.364999771118164,29.239900588989258,29.344999313354492,29.344999313354492,256640
2024-02-22 14:30:00,29.350000381469727,29.350000381469727,29.1299991607666,29.139999389648438,29.139999389648438,591091
2024-02-22 15:00:00,29.135000228881836,29.229999542236328,29.100000381469727,29.139999389648438,29.139999389648438,717740
2024-02-22 15:30:00,29.145000457763672,29.239999771118164,29.100000381469727,29.18000030517578,29.18000030517578,1595200
2024-02-23 09:30:00,29.0,29.18000030517578,28.8799991607666,29.174999237060547,29.174999237060547,559440
2024-02-23 10:00:00,29.174999237060547,29.34000015258789,29.125,29.290000915527344,29.290000915527344,666105
2024-02-23 10:30:00,29.28499984741211,29.5,29.280000686645508,29.489999771118164,29.489999771118164,719503
2024-02-23 11:00:00,29.485000610351562,29.5,29.332500457763672,29.46500015258789,29.46500015258789,795756
2024-02-23 11:30:00,29.459999084472656,29.56999969482422,29.405000686645508,29.415000915527344,29.415000915527344,915082
2024-02-23 12:00:00,29.415000915527344,29.469999313354492,29.350000381469727,29.454999923706055,29.454999923706055,524041
2024-02-23 12:30:00,29.454999923706055,29.514999389648438,29.43000030517578,29.5049991607666,29.5049991607666,235437
2024-02-23 13:00:00,29.510000228881836,29.575000762939453,29.485000610351562,29.565000534057617,29.565000534057617,293113
2024-02-23 13:30:00,29.56999969482422,29.719999313354492,29.540000915527344,29.69499969482422,29.69499969482422,585176
2024-02-23 14:00:00,29.69499969482422,29.780000686645508,29.665000915527344,29.7549991607666,29.7549991607666,444672
2024-02-23 14:30:00,29.7549991607666,29.809999465942383,29.71430015563965,29.809999465942383,29.809999465942383,394083
2024-02-23 15:00:00,29.80500030517578,29.850000381469727,29.68000030517578,29.760000228881836,29.760000228881836,762104
2024-02-23 15:30:00,29.7549991607666,30.09000015258789,29.74020004272461,29.8799991607666,29.8799991607666,4251177
2024-02-26 09:30:00,29.729999542236328,30.239999771118164,29.670000076293945,30.229999542236328,30.229999542236328,802603
2024-02-26 10:00:00,30.225000381469727,30.389999389648438,30.020000457763672,30.270000457763672,30.270000457763672,1354229
2024-02-26 10:30:00,30.274999618530273,30.290000915527344,30.014999389648438,30.05500030517578,30.05500030517578,800089
2024-02-26 11:00:00,30.059200286865234,30.059999465942383,29.8700008392334,29.989999771118164,29.989999771118164,766950
2024-02-26 11:30:00,29.989999771118164,30.024999618530273,29.905000686645508,30.0049991607666,30.0049991607666,392388
2024-02-26 12:00:00,30.0,30.005599975585938,29.78499984741211,29.78499984741211,29.78499984741211,562342
2024-02-26 12:30:00,29.790000915527344,29.864999771118164,29.719999313354492,29.860000610351562,29.860000610351562,320821
2024-02-26 13:00:00,29.864999771118164,29.94499969482422,29.809999465942383,29.864999771118164,29.864999771118164,359105
2024-02-26 13:30:00,29.864999771118164,29.905000686645508,29.795000076293945,29.864999771118164,29.864999771118164,286575
2024-02-26 14:00:00,29.864999771118164,29.895000457763672,29.75,29.78499984741211,29.78499984741211,500070
2024-02-26 14:30:00,29.78499984741211,29.90999984741211,29.780000686645508,29.864999771118164,29.864999771118164,631607
2024-02-26 15:00:00,29.864999771118164,29.940000534057617,29.864999771118164,29.905000686645508,29.905000686645508,447996
2024-02-26 15:30:00,29.899999618530273,29.899999618530273,29.75,29.84000015258789,29.84000015258789,1521658
2024-02-27 09:30:00,29.94540023803711,30.049999237060547,29.78499984741211,29.920000076293945,29.920000076293945,542972
2024-02-27 10:00:00,29.924999237060547,29.950000762939453,29.604999542236328,29.68000030517578,29.68000030517578,362608
2024-02-27 10:30:00,29.68000030517578,29.719999313354492,29.530000686645508,29.549999237060547,29.549999237060547,362495
2024-02-27 11:00:00,29.549999237060547,29.729999542236328,29.524999618530273,29.725000381469727,29.725000381469727,367695
2024-02-27 11:30:00,29.725000381469727,29.780000686645508,29.690000534057617,29.709999084472656,29.709999084472656,171949
2024-02-27 12:00:00,29.704999923706055,29.739999771118164,29.660900115966797,29.71500015258789,29.71500015258789,235973
2024-02-27 12:30:00,29.709999084472656,29.75,29.670000076293945,29.725000381469727,29.725000381469727,188058
2024-02-27 13:00:00,29.719999313354492,29.760000228881836,29.68120002746582,29.71500015258789,29.71500015258789,270910
2024-02-27 13:30:00,29.712499618530273,29.84000015258789,29.709999084472656,29.809799194335938,29.809799194335938,224221
2024-02-27 14:00:00,29.799999237060547,29.825000762939453,29.704999923706055,29.709999084472656,29.709999084472656,318523
2024-02-27 14:30:00,29.715999603271484,29.756000518798828,29.68000030517578,29.748199462890625,29.748199462890625,398283
2024-02-27 15:00:00,29.7450008392334,29.770000457763672,29.65999984741211,29.735000610351562,29.735000610351562,376559
2024-02-27 15:30:00,29.735000610351562,29.75,29.670000076293945,29.709999084472656,29.709999084472656,1094871
2024-02-28 09:30:00,29.56999969482422,29.75,29.459999084472656,29.582500457763672,29.582500457763672,389218
2024-02-28 10:00:00,29.584999084472656,29.6299991607666,29.469999313354492,29.559999465942383,29.559999465942383,570538
2024-02-28 10:30:00,29.565000534057617,29.600000381469727,29.459999084472656,29.575000762939453,29.575000762939453,187768
2024-02-28 11:00:00,29.575000762939453,29.600000381469727,29.229999542236328,29.25,29.25,535596
2024-02-28 11:30:00,29.2549991607666,29.454999923706055,29.190000534057617,29.454999923706055,29.454999923706055,584038
2024-02-28 12:00:00,29.454999923706055,29.469999313354492,29.389999389648438,29.44499969482422,29.44499969482422,212411
2024-02-28 12:30:00,29.440000534057617,29.450000762939453,29.3799991607666,29.399999618530273,29.399999618530273,153896
2024-02-28 13:00:00,29.399999618530273,29.489999771118164,29.389999389648438,29.479999542236328,29.479999542236328,399507
2024-02-28 13:30:00,29.479999542236328,29.5718994140625,29.459999084472656,29.56999969482422,29.56999969482422,296351
2024-02-28 14:00:00,29.579999923706055,29.6299991607666,29.545000076293945,29.584999084472656,29.584999084472656,285276
2024-02-28 14:30:00,29.579999923706055,29.6200008392334,29.530000686645508,29.565000534057617,29.565000534057617,267691
2024-02-28 15:00:00,29.565000534057617,29.600000381469727,29.44499969482422,29.454999923706055,29.454999923706055,269099
2024-02-28 15:30:00,29.454999923706055,29.489999771118164,29.420000076293945,29.459999084472656,29.459999084472656,989830
2024-02-29 09:30:00,29.649999618530273,29.860000610351562,29.639999389648438,29.729999542236328,29.729999542236328,205271
2024-02-29 10:00:00,29.729999542236328,29.770000457763672,29.520000457763672,29.604999542236328,29.604999542236328,167474
2024-02-29 10:30:00,29.610000610351562,29.68000030517578,29.4950008392334,29.674999237060547,29.674999237060547,169786
2024-02-29 11:00:00,29.674999237060547,29.704999923706055,29.635000228881836,29.665000915527344,29.665000915527344,127015
2024-02-29 11:30:00,29.65999984741211,29.670000076293945,29.53499984741211,29.565000534057617,29.565000534057617,108375
2024-02-29 12:00:00,29.559999465942383,29.610000610351562,29.43000030517578,29.454999923706055,29.454999923706055,203641
2024-02-29 12:30:00,29.454999923706055,29.530000686645508,29.40999984741211,29.5049991607666,29.5049991607666,264893
2024-02-29 13:00:00,29.510000228881836,29.6200008392334,29.489999771118164,29.565000534057617,29.565000534057617,293061
2024-02-29 13:30:00,29.565000534057617,29.575000762939453,29.43000030517578,29.524999618530273,29.524999618530273,296118
2024-02-29 14:00:00,29.530000686645508,29.55500030517578,29.450000762939453,29.5,29.5,218407
2024-02-29 14:30:00,29.490100860595703,29.510000228881836,29.3700008392334,29.479999542236328,29.479999542236328,233761
2024-02-29 15:00:00,29.479999542236328,29.510000228881836,29.43000030517578,29.510000228881836,29.510000228881836,355269
2024-02-29 15:30:00,29.5049991607666,29.639999389648438,29.489999771118164,29.549999237060547,29.549999237060547,2004937
2024-03-01 09:30:00,29.540000915527344,29.850000381469727,29.540000915527344,29.739999771118164,29.739999771118164,427763
2024-03-01 10:00:00,29.764999389648438,29.920000076293945,29.639999389648438,29.885000228881836,29.885000228881836,161820
2024-03-01 10:30:00,29.889999389648438,30.065000534057617,29.875,29.954999923706055,29.954999923706055,167034
2024-03-01 11:00:00,29.950000762939453,30.0,29.915000915527344,29.934999465942383,29.934999465942383,570790
2024-03-01 11:30:00,29.950000762939453,30.09000015258789,29.940000534057617,30.076400756835938,30.076400756835938,215011
2024-03-01 12:00:00,30.075000762939453,30.100000381469727,30.0049991607666,30.065000534057617,30.065000534057617,186271
2024-03-01 12:30:00,30.06999969482422,30.110000610351562,30.020000457763672,30.049999237060547,30.049999237060547,156447
2024-03-01 13:00:00,30.045000076293945,30.059999465942383,29.93000030517578,29.959999084472656,29.959999084472656,143427
2024-03-01 13:30:00,29.959999084472656,29.96500015258789,29.844999313354492,29.885000228881836,29.885000228881836,159484
2024-03-01 14:00:00,29.889999389648438,30.059999465942383,29.8799991607666,30.05500030517578,30.05500030517578,302487
2024-03-01 14:30:00,30.059999465942383,30.1299991607666,30.045000076293945,30.065000534057617,30.065000534057617,354651
2024-03-01 15:00:00,30.065000534057617,30.065000534057617,29.940000534057617,30.0049991607666,30.0049991607666,334036
2024-03-01 15:30:00,30.010000228881836,30.039899826049805,29.854999542236328,29.950000762939453,29.950000762939453,1025658
2024-03-04 09:30:00,29.959999084472656,30.030000686645508,29.670000076293945,29.704999923706055,29.704999923706055,321904
2024-03-04 10:00:00,29.704999923706055,29.704999923706055,29.44499969482422,29.510000228881836,29.510000228881836,414747
2024-03-04 10:30:00,29.5049991607666,29.59000015258789,29.44499969482422,29.579999923706055,29.579999923706055,207436
2024-03-04 11:00:00,29.559999465942383,29.59000015258789,29.524999618530273,29.531099319458008,29.531099319458008,58732
2024-03-04 11:30:00,29.540000915527344,29.594999313354492,29.405000686645508,29.40999984741211,29.40999984741211,125718
2024-03-04 12:00:00,29.415000915527344,29.489999771118164,29.40999984741211,29.40999984741211,29.40999984741211,230611
2024-03-04 12:30:00,29.399999618530273,29.520000457763672,29.3799991607666,29.46500015258789,29.46500015258789,143409
2024-03-04 13:00:00,29.46500015258789,29.514999389648438,29.395000457763672,29.450000762939453,29.450000762939453,154912
2024-03-04 13:30:00,29.440000534057617,29.479999542236328,29.415000915527344,29.450000762939453,29.450000762939453,352380
2024-03-04 14:00:00,29.449199676513672,29.530000686645508,29.391700744628906,29.44499969482422,29.44499969482422,321239
2024-03-04 14:30:00,29.440000534057617,29.545000076293945,29.43000030517578,29.46500015258789,29.46500015258789,202425
2024-03-04 15:00:00,29.46500015258789,29.479999542236328,29.360000610351562,29.385000228881836,29.385000228881836,157185
2024-03-04 15:30:00,29.389999389648438,29.454999923706055,29.354999542236328,29.43000030517578,29.43000030517578,2378087
2024-03-05 09:30:00,29.40999984741211,29.760000228881836,29.399999618530273,29.7450008392334,29.7450008392334,508265
2024-03-05 10:00:00,29.75,29.799999237060547,29.56999969482422,29.600000381469727,29.600000381469727,247797
2024-03-05 10:30:00,29.600000381469727,29.9950008392334,29.56999969482422,29.969999313354492,29.969999313354492,530910
2024-03-05 11:00:00,29.969999313354492,30.014999389648438,29.860000610351562,29.920000076293945,29.920000076293945,180209
2024-03-05 11:30:00,29.92169952392578,29.967500686645508,29.860000610351562,29.954999923706055,29.954999923706055,224920
2024-03-05 12:00:00,29.954999923706055,30.075000762939453,29.93000030517578,30.065000534057617,30.065000534057617,177135
2024-03-05 12:30:00,30.065000534057617,30.065000534057617,29.96500015258789,29.989999771118164,29.989999771118164,106770
2024-03-05 13:00:00,29.999900817871094,30.079999923706055,29.985000610351562,30.075000762939453,30.075000762939453,100983
2024-03-05 13:30:00,30.079099655151367,30.100000381469727,29.989999771118164,29.9950008392334,29.9950008392334,104923
2024-03-05 14:00:00,29.9950008392334,30.040000915527344,29.959999084472656,29.9950008392334,29.9950008392334,237400
2024-03-05 14:30:00,29.989999771118164,30.09000015258789,29.950000762939453,30.045000076293945,30.045000076293945,311858
2024-03-05 15:00:00,30.040000915527344,30.1200008392334,29.9950008392334,30.084999084472656,30.084999084472656,614996
2024-03-05 15:30:00,30.079999923706055,30.190000534057617,30.059999465942383,30.18000030517578,30.18000030517578,3720752
2024-03-06 09:30:00,30.6299991607666,30.739999771118164,30.510000228881836,30.690000534057617,30.690000534057617,787240
2024-03-06 10:00:00,30.68199920654297,30.854999542236328,30.510000228881836,30.610000610351562,30.610000610351562,796192
2024-03-06 10:30:00,30.6200008392334,30.729999542236328,30.540000915527344,30.725000381469727,30.725000381469727,529157
2024-03-06 11:00:00,30.725000381469727,30.844999313354492,30.709999084472656,30.834999084472656,30.834999084472656,103828
2024-03-06 11:30:00,30.834999084472656,30.859100341796875,30.68000030517578,30.68000030517578,30.68000030517578,275904
2024-03-06 12:00:00,30.68000030517578,30.700000762939453,30.475000381469727,30.614999771118164,30.614999771118164,260892
2024-03-06 12:30:00,30.614999771118164,30.69499969482422,30.579999923706055,30.579999923706055,30.579999923706055,169723
2024-03-06 13:00:00,30.59000015258789,30.739999771118164,30.549999237060547,30.71500015258789,30.71500015258789,191503
2024-03-06 13:30:00,30.71500015258789,30.71500015258789,30.575000762939453,30.65999984741211,30.65999984741211,447733
2024-03-06 14:00:00,30.649999618530273,30.655000686645508,30.489999771118164,30.510000228881836,30.510000228881836,319059
2024-03-06 14:30:00,30.520000457763672,30.604999542236328,30.450000762939453,30.549999237060547,30.549999237060547,352415
2024-03-06 15:00:00,30.540000915527344,30.575000762939453,30.43000030517578,30.524999618530273,30.524999618530273,384557
2024-03-06 15:30:00,30.520000457763672,30.59000015258789,30.40999984741211,30.56999969482422,30.56999969482422,4222287
2024-03-07 09:30:00,30.639999389648438,31.030000686645508,30.579999923706055,30.934999465942383,30.934999465942383,512357
2024-03-07 10:00:00,30.934999465942383,31.05500030517578,30.8799991607666,30.915000915527344,30.915000915527344,400124
2024-03-07 10:30:00,30.915000915527344,30.9950008392334,30.893999099731445,30.989999771118164,30.989999771118164,341429
2024-03-07 11:00:00,30.989999771118164,31.010000228881836,30.770000457763672,30.770000457763672,30.770000457763672,348502
2024-03-07 11:30:00,30.770000457763672,30.850000381469727,30.692899703979492,30.795000076293945,30.795000076293945,392223
2024-03-07 12:00:00,30.78499984741211,30.90999984741211,30.78499984741211,30.90999984741211,30.90999984741211,223185
2024-03-07 12:30:00,30.90999984741211,30.96500015258789,30.8799991607666,30.934999465942383,30.934999465942383,210694
2024-03-07 13:00:00,30.934999465942383,30.979999542236328,30.899999618530273,30.920000076293945,30.920000076293945,235287
2024-03-07 13:30:00,30.920000076293945,30.924999237060547,30.834999084472656,30.8799991607666,30.8799991607666,230872
2024-03-07 14:00:00,30.8799991607666,30.888599395751953,30.790000915527344,30.84000015258789,30.84000015258789,300488
2024-03-07 14:30:00,30.84000015258789,30.875,30.78499984741211,30.844999313354492,30.844999313354492,280902
2024-03-07 15:00:00,30.829999923706055,30.954999923706055,30.799999237060547,30.954999923706055,30.954999923706055,632307
2024-03-07 15:30:00,30.954999923706055,31.059999465942383,30.829999923706055,30.829999923706055,30.829999923706055,1549883
2024-03-08 09:30:00,30.709999084472656,30.875,30.684999465942383,30.739999771118164,30.739999771118164,367056
2024-03-08 10:00:00,30.729999542236328,30.790000915527344,30.6200008392334,30.6200008392334,30.6200008392334,228279
2024-03-08 10:30:00,30.614999771118164,30.80500030517578,30.59000015258789,30.799999237060547,30.799999237060547,341873
2024-03-08 11:00:00,30.795000076293945,30.889999389648438,30.770000457763672,30.844999313354492,30.844999313354492,203800
2024-03-08 11:30:00,30.850000381469727,30.90999984741211,30.729999542236328,30.75,30.75,253280
2024-03-08 12:00:00,30.7549991607666,30.790000915527344,30.690000534057617,30.69499969482422,30.69499969482422,141561
2024-03-08 12:30:00,30.690000534057617,30.725000381469727,30.59000015258789,30.68829917907715,30.68829917907715,191404
2024-03-08 13:00:00,30.68000030517578,30.69499969482422,30.59000015258789,30.65999984741211,30.65999984741211,190799
2024-03-08 13:30:00,30.655000686645508,30.670000076293945,30.50119972229004,30.502500534057617,30.502500534057617,276108
2024-03-08 14:00:00,30.5,30.579999923706055,30.489999771118164,30.489999771118164,30.489999771118164,196467
2024-03-08 14:30:00,30.5,30.530000686645508,30.450000762939453,30.459999084472656,30.459999084472656,290019
2024-03-08 15:00:00,30.462499618530273,30.530000686645508,30.434999465942383,30.485000610351562,30.485000610351562,237805
2024-03-08 15:30:00,30.479999542236328,30.610000610351562,30.479999542236328,30.59000015258789,30.59000015258789,895213
